game_id,date,season,home,away,home_win,p_previous,p_avail_T60,p_avail_T30,p_avail_T15,p_actual
0021900001,2019-10-22,2019-20,TOR,NOP,1,0.8109466635990151,0.8231794358739765,0.8222613937752417,0.822200039977702,0.7668899385199758
0021900002,2019-10-22,2019-20,LAC,LAL,1,0.6323295581985824,0.6519172691585062,0.6515641690960678,0.6515294190777977,0.6002856085279257
0021900003,2019-10-23,2019-20,CHA,CHI,1,0.7484868113582053,0.7415960679877495,0.741398084756121,0.7413507855407062,0.5186534513081681
0021900004,2019-10-23,2019-20,IND,DET,0,0.6140181328921015,0.6127863752600117,0.6138036022237467,0.6137621920329022,0.5826537339125915
0021900005,2019-10-23,2019-20,ORL,CLE,1,0.8150499975948725,0.8450923647572978,0.8432580615810048,0.8432212027987747,0.8335078195576413
0021900006,2019-10-23,2019-20,BKN,MIN,0,0.6524819125483516,0.6569795273476025,0.6569392139757729,0.6569006156624085,0.5818878527231934
0021900007,2019-10-23,2019-20,MIA,MEM,1,0.6668964280592381,0.5597771201478962,0.5633433453959301,0.563233962499567,0.5938924288669046
0021900008,2019-10-23,2019-20,PHI,BOS,1,0.47773673640600073,0.463127524672354,0.4651812704037019,0.4652045264609024,0.5650329144414519
0021900009,2019-10-23,2019-20,DAL,WAS,1,0.5853863121599562,0.5869243370540369,0.5876537776553391,0.5876436218628728,0.6529440067469767
0021900010,2019-10-23,2019-20,SAS,NYK,1,0.8359369953976499,0.868791917810093,0.8668886510854634,0.8668764571259384,0.8075052601366401
0021900011,2019-10-23,2019-20,UTA,OKC,1,0.5635931124192,0.5471033233987148,0.5496899885726538,0.549691755597308,0.5227274437707037
0021900012,2019-10-23,2019-20,PHX,SAC,1,0.32041802886808474,0.28596280481429026,0.28915693036143736,0.28920863762575005,0.4928629090648029
0021900013,2019-10-23,2019-20,POR,DEN,0,0.5313627108298266,0.5207598176855534,0.5253947620518117,0.5254133445705221,0.37760885482163997
0021900014,2019-10-24,2019-20,DET,ATL,0,0.5920690414287714,0.5901138147332841,0.592309146511835,0.5922726393784135,0.5948997753431847
0021900015,2019-10-24,2019-20,HOU,MIL,0,0.7025896667128658,0.7143095519817056,0.711976135998022,0.7118731531939245,0.6319428080055022
0021900016,2019-10-24,2019-20,GSW,LAC,0,0.5824909662207259,0.46895514275667627,0.4715680142285034,0.47158897382159076,0.5169415516249984
0021900017,2019-10-25,2019-20,BOS,TOR,1,0.44842224243904516,0.44482375209082636,0.44695833298027493,0.4469663038767743,0.45645281814939975
0021900018,2019-10-25,2019-20,CHA,MIN,0,0.4827566848250396,0.38183209215515,0.3867174083464001,0.3867211843514249,0.4176341239126912
0021900019,2019-10-25,2019-20,BKN,NYK,1,0.7183843383536506,0.7150115303145157,0.7149457538015221,0.7149492901442778,0.7251067423461861
0021900020,2019-10-25,2019-20,MEM,CHI,0,0.5448781616301,0.5407451626137301,0.5421166638959661,0.5421682987114065,0.5194457418944907
0021900021,2019-10-25,2019-20,NOP,DAL,0,0.5309913417378376,0.5365091802158918,0.5343106240033065,0.53429073079949,0.5512084258211153
0021900022,2019-10-25,2019-20,OKC,WAS,0,0.7212047629904439,0.7388684648909994,0.7363403081744201,0.7363335903482954,0.7424037615163249
0021900023,2019-10-25,2019-20,DEN,PHX,1,0.711255306743249,0.7217375697935369,0.7207692481872376,0.7208111997222573,0.6674415707450794
0021900024,2019-10-25,2019-20,SAC,POR,0,0.550949629588693,0.5458243018952502,0.5435146212915654,0.5433646042801428,0.6256887838675592
0021900025,2019-10-25,2019-20,LAL,UTA,1,0.46920602768543823,0.48831658812751455,0.4844516356071234,0.4844689518570807,0.49941411658106194
0021900026,2019-10-26,2019-20,MIL,MIA,0,0.7042678794838804,0.7076243503113346,0.7058713174534154,0.7058443294562945,0.7504432161429063
0021900027,2019-10-26,2019-20,DET,PHI,0,0.47831447272020033,0.5202032763532338,0.5188409327585863,0.5188545437326634,0.4917093015116508
0021900028,2019-10-26,2019-20,ATL,ORL,1,0.46279504191664456,0.4529077418717571,0.4543476468335324,0.4543378738755687,0.4327301811411067
0021900029,2019-10-26,2019-20,NYK,BOS,0,0.3683518155714145,0.3600446217209259,0.35936952827335555,0.35939170943824456,0.39234390397031726
0021900030,2019-10-26,2019-20,CLE,IND,1,0.3992915000558047,0.41149644302013866,0.4111147784177896,0.4111286499650857,0.44175443221205785
0021900031,2019-10-26,2019-20,CHI,TOR,0,0.377909374124839,0.36870973624879816,0.36883013733674136,0.36882390228247747,0.405855893031528
0021900032,2019-10-26,2019-20,HOU,NOP,1,0.8202311788421015,0.853205140813122,0.8520279776352698,0.8520284687523197,0.8540768695966008
0021900033,2019-10-26,2019-20,SAS,WAS,1,0.7529093209810349,0.7470207735651986,0.7453144516414665,0.7452949680926605,0.7677804472696259
0021900034,2019-10-26,2019-20,UTA,SAC,1,0.7220045138313808,0.716646236446309,0.7171872270979669,0.7172038030408217,0.6876221657637804
0021900035,2019-10-26,2019-20,PHX,LAC,1,0.40506289176713645,0.3596781853772439,0.35934968427970726,0.35930058375692187,0.3338842175533694
0021900036,2019-10-27,2019-20,OKC,GSW,1,0.6307225818112484,0.6473575659996051,0.6447392027343027,0.6446891114848393,0.6914462267039292
0021900037,2019-10-27,2019-20,MEM,BKN,1,0.4173815128558414,0.3908281905107235,0.3924428273320923,0.39245997364000523,0.38733342443956337
0021900038,2019-10-27,2019-20,DAL,POR,0,0.5766748809397951,0.5912163702497485,0.5890587019088258,0.5889907643883695,0.6308140257456214
0021900039,2019-10-27,2019-20,MIN,MIA,1,0.6420575501195767,0.6625391438487758,0.6604619779218154,0.6604436421037859,0.6880688260710828
0021900040,2019-10-27,2019-20,LAL,CHA,1,0.6899359311791765,0.7316325173520338,0.7279586078438814,0.7278893210884486,0.7394379358278101
0021900041,2019-10-28,2019-20,DET,IND,1,0.5725456060228644,0.5619104718056734,0.5609169351199602,0.5609089706552775,0.5883828359487009
0021900042,2019-10-28,2019-20,NYK,CHI,1,0.47501520787007995,0.39197533876406865,0.39460146871861873,0.39462282891249745,0.42948390473250764
0021900043,2019-10-28,2019-20,ATL,PHI,0,0.49969713288546513,0.4852605199460069,0.48445211263686905,0.48444060801869937,0.48672544852830985
0021900044,2019-10-28,2019-20,TOR,ORL,1,0.6087400813347121,0.611526043538767,0.6119400314761224,0.6119327045396267,0.6372909648862786
0021900045,2019-10-28,2019-20,HOU,OKC,1,0.7175691341485168,0.6968288851174235,0.6963162737531963,0.6963022455907335,0.7164486014600345
0021900046,2019-10-28,2019-20,MIL,CLE,1,0.8114719661488341,0.8245239228551936,0.8227305207937726,0.8227155527110501,0.8209632817363309
0021900047,2019-10-28,2019-20,NOP,GSW,0,0.6435152518511617,0.6589009653823468,0.6567776243989144,0.6566952198626197,0.6558359373443194
0021900048,2019-10-28,2019-20,SAS,POR,1,0.7179441306047728,0.7662381445067477,0.7631977586040853,0.7631361585163643,0.8003275810466559
0021900049,2019-10-28,2019-20,PHX,UTA,0,0.4131278710685166,0.4224535507245482,0.42020942877396306,0.42017044120661196,0.49761597400654345
0021900050,2019-10-28,2019-20,SAC,DEN,0,0.3502419238502198,0.3371514964615774,0.3383696624830671,0.3383829313865998,0.3450721498832679
0021900051,2019-10-28,2019-20,LAC,CHA,1,0.8108112771507392,0.8019830254231068,0.8007853223317899,0.8007444861524224,0.8226759211361127
0021900052,2019-10-29,2019-20,MIA,ATL,1,0.6758895580970249,0.6672855428322119,0.6682334745985122,0.6682541190647736,0.7092048931055234
0021900053,2019-10-29,2019-20,DEN,DAL,0,0.620375628632977,0.6429427575402445,0.6402247695388094,0.6402034396638333,0.6778435798461123
0021900054,2019-10-29,2019-20,LAL,MEM,1,0.7030938118613052,0.7328692289038322,0.7300342302880376,0.729997774633173,0.734359443295099
0021900055,2019-10-30,2019-20,CLE,CHI,1,0.5192906064107435,0.5084896894696671,0.509663813770372,0.5097209905274694,0.4626922345204879
0021900056,2019-10-30,2019-20,ORL,NYK,1,0.7659151091722761,0.7841370055733732,0.782361808369298,0.7823863344641524,0.794812582370041
0021900057,2019-10-30,2019-20,PHI,MIN,1,0.573249327577493,0.5569241978843008,0.5587141784603241,0.558705588419197,0.5706179260261455
0021900058,2019-10-30,2019-20,BOS,MIL,1,0.4999914392190224,0.4895732708277156,0.49062292086940884,0.4905728916679054,0.50075896294024
0021900059,2019-10-30,2019-20,BKN,IND,0,0.636943909033828,0.6321705196420068,0.6301394976989512,0.6301283749099104,0.6088733941755223
0021900060,2019-10-30,2019-20,TOR,DET,1,0.7503730333195201,0.7551788187046726,0.75364664335614,0.7536085757431505,0.7663777208382535
0021900061,2019-10-30,2019-20,WAS,HOU,0,0.38780422052740127,0.3686057405402705,0.36976622164918244,0.36976150753642184,0.32754535430422616
0021900062,2019-10-30,2019-20,OKC,POR,0,0.6596972164817421,0.6598410490975638,0.6577620523559078,0.6576631420019846,0.7068037805942278
0021900063,2019-10-30,2019-20,UTA,LAC,1,0.6177627375142778,0.6277555813062807,0.626863401053768,0.6269077406551862,0.5988640951741047
0021900064,2019-10-30,2019-20,SAC,CHA,0,0.6184322898713226,0.6322307474933366,0.6297245751753646,0.6296764605284559,0.6533570091062424
0021900065,2019-10-30,2019-20,GSW,PHX,0,0.4974100746752282,0.467856157249779,0.47253172878487393,0.4726137065576821,0.4890120917160098
0021900066,2019-10-31,2019-20,ATL,MIA,0,0.4529741150879693,0.42238068702154385,0.42304745772464974,0.423032500352295,0.43583844305046526
0021900067,2019-10-31,2019-20,NOP,DEN,1,0.3207328861927256,0.3478349014214737,0.3483639759646742,0.348400651289981,0.3458905583981795
0021900068,2019-10-31,2019-20,LAC,SAS,1,0.46332710845060954,0.47049423149904185,0.4711041785726702,0.47111116073890985,0.49598736020731843
0021900069,2019-11-01,2019-20,BKN,HOU,1,0.37510239043622906,0.3566442020148702,0.35810166374375757,0.35813428328183383,0.32198413060043635
0021900070,2019-11-01,2019-20,IND,CLE,1,0.6995237553943399,0.6867580008988547,0.6864226548153219,0.6863913378972131,0.6847240495135009
0021900071,2019-11-01,2019-20,ORL,MIL,0,0.4821229781032265,0.4824125976682005,0.48195894730345246,0.48193946501690016,0.5126941538363824
0021900072,2019-11-01,2019-20,BOS,NYK,1,0.8288213885411427,0.8288045612793961,0.8285398287011195,0.828503177658054,0.8439146392529288
0021900073,2019-11-01,2019-20,CHI,DET,1,0.5043192462676478,0.5070273316411994,0.5049543168436027,0.5049305464349946,0.5300218418991592
0021900074,2019-11-01,2019-20,DAL,LAL,0,0.4939533972987748,0.49633093592163824,0.49752469623176687,0.4975388396564713,0.47960043637152966
0021900075,2019-11-01,2019-20,SAC,UTA,1,0.3136124453368986,0.2999527969527878,0.2996010573567506,0.299604152903607,0.29868364212885584
0021900076,2019-11-01,2019-20,GSW,SAS,0,0.5027137536279348,0.34748408880875825,0.35339677557103877,0.3534969401832184,0.297013004684143
0021900077,2019-11-02,2019-20,OKC,NOP,1,0.6825108704794183,0.6756514766153123,0.6751974643310632,0.6751987149167828,0.6742339409624615
0021900078,2019-11-02,2019-20,DET,BKN,1,0.5184621515458085,0.4875428640334402,0.48910284193094783,0.489079025168744,0.5173644200829434
0021900079,2019-11-02,2019-20,ORL,DEN,0,0.4690079136885056,0.4809039493692845,0.4793281704405926,0.4793325381111842,0.47989224509498357
0021900080,2019-11-02,2019-20,WAS,MIN,0,0.49742264499745636,0.5064226997224098,0.5067312710381279,0.5067965778155002,0.4542156776112239
0021900081,2019-11-02,2019-20,MEM,PHX,0,0.4294089764337185,0.3899716516485629,0.39238671813949744,0.39243848914127005,0.3423417423711028
0021900082,2019-11-02,2019-20,MIL,TOR,1,0.5107763263427789,0.4968528392285653,0.4970760847428181,0.49712768521802586,0.5087641022550627
0021900083,2019-11-02,2019-20,GSW,CHA,0,0.4528526148714191,0.3566858166352105,0.3618643004048511,0.3618897348364106,0.3520391477249159
0021900084,2019-11-02,2019-20,POR,PHI,0,0.45502989544399086,0.4796839329711225,0.48079231837081227,0.4808489759000144,0.4221015417659989
0021900085,2019-11-03,2019-20,IND,CHI,1,0.64598377785129,0.6335777493316834,0.6351576999580721,0.6351750090830061,0.6331730451188512
0021900086,2019-11-03,2019-20,MIA,HOU,1,0.4889101682182225,0.44199778832579417,0.4497700929205817,0.44977201064683237,0.49281753537015693
0021900087,2019-11-03,2019-20,NYK,SAC,0,0.4854280899271609,0.4750133313831192,0.47881282262087443,0.47881703884908,0.44999679652439883
0021900088,2019-11-03,2019-20,SAS,LAL,0,0.590436728970221,0.5796522827167018,0.5792992929551869,0.5793040921527715,0.5845102656763903
0021900089,2019-11-03,2019-20,CLE,DAL,0,0.4251979098261527,0.423011292323899,0.42288880257080624,0.42292087680031953,0.43994800089265934
0021900090,2019-11-03,2019-20,LAC,UTA,1,0.5129779269737637,0.5200633160065732,0.5174107508257928,0.5174647568370205,0.5078287061685748
0021900091,2019-11-04,2019-20,WAS,DET,1,0.5263326285474142,0.5267331509983062,0.5266367923073263,0.5266290665250243,0.536508248579648
0021900092,2019-11-04,2019-20,BKN,NOP,1,0.6294580919887693,0.6044360689986488,0.6045775337796331,0.6046013428400961,0.5943142115844932
0021900093,2019-11-04,2019-20,MEM,HOU,0,0.4132003943327093,0.4453419615667371,0.4454171550702213,0.44540972250503713,0.44918730975205945
0021900094,2019-11-04,2019-20,MIN,MIL,0,0.4408989911987687,0.44071554282846015,0.4402956017800743,0.440277709018407,0.46932211284542635
0021900095,2019-11-04,2019-20,PHX,PHI,1,0.4995930299535914,0.512567686925579,0.5096762905928277,0.5096233001656291,0.5518824139945353
0021900096,2019-11-04,2019-20,GSW,POR,1,0.3480771390487565,0.3285657295546963,0.33094411917735733,0.33099519906879327,0.29365820441601564
0021900097,2019-11-05,2019-20,CHA,IND,1,0.4749455974408324,0.4739419617052264,0.4728229752010441,0.47284370921788893,0.4723319777492318
0021900098,2019-11-05,2019-20,CLE,BOS,0,0.2784908770406754,0.2519955790091313,0.2541297313063794,0.25413593659850964,0.28355236391251376
0021900099,2019-11-05,2019-20,ATL,SAS,1,0.42066811696602624,0.3869669297925836,0.38848372324627156,0.38847303168157726,0.3882630716793709
0021900100,2019-11-05,2019-20,CHI,LAL,0,0.3203266989149554,0.3277685433070735,0.32746530044424454,0.32752480179995286,0.2872996025483128
0021900101,2019-11-05,2019-20,OKC,ORL,1,0.5930139202379658,0.5876142785993612,0.5887779745811417,0.5887750130335571,0.5894553329996505
0021900102,2019-11-05,2019-20,DEN,MIA,1,0.5235264199902343,0.5318464729771194,0.5260459836346724,0.5260420920271014,0.5470604050067108
0021900103,2019-11-06,2019-20,DET,NYK,1,0.6970998614804259,0.6859063589334955,0.68637825081275,0.6863710306315286,0.680000142212622
0021900104,2019-11-06,2019-20,IND,WAS,1,0.5310854582865739,0.4748945009111022,0.47666974874610357,0.47666773091439146,0.49937155830236407
0021900105,2019-11-06,2019-20,ATL,CHI,0,0.7003517671267421,0.6886410242458513,0.6892317152947556,0.6892221667349719,0.6903996867900191
0021900106,2019-11-06,2019-20,TOR,SAC,1,0.7713311635065293,0.7674935235380428,0.7667595478793278,0.7667400729903171,0.7831625491358916
0021900107,2019-11-06,2019-20,HOU,GSW,1,0.791733890275586,0.7830984870341012,0.7802926598241895,0.7801917004767662,0.8633795028074949
0021900108,2019-11-06,2019-20,MEM,MIN,1,0.4120859601001775,0.4049524789250133,0.4043177985712837,0.40439242679425114,0.4059260974821967
0021900109,2019-11-06,2019-20,DAL,ORL,1,0.6271103670327883,0.6389722444594421,0.6391828200912854,0.6392317299245956,0.6052393541987167
0021900110,2019-11-06,2019-20,UTA,PHI,1,0.6143774623153643,0.6205427793228894,0.6171354708946464,0.6171220257447503,0.576018031132288
0021900111,2019-11-06,2019-20,LAC,MIL,0,0.47368228866207973,0.4312258524906469,0.43161042314131837,0.43155887533368,0.4424317259569548
0021900112,2019-11-07,2019-20,CHA,BOS,0,0.3588050695256166,0.3584779401808448,0.3588806586856682,0.3589109900071984,0.36020673078973103
0021900113,2019-11-07,2019-20,SAS,OKC,1,0.5587922946325792,0.5418210492436631,0.5411542594504258,0.5411311866225199,0.5676103171765591
0021900114,2019-11-07,2019-20,PHX,MIA,0,0.5347521284748593,0.5549370042853322,0.5647121743829401,0.5647108951516051,0.5215707269567751
0021900115,2019-11-07,2019-20,LAC,POR,1,0.6175994906627449,0.6448768528930743,0.6414309481276688,0.6413497870759248,0.7193547810159465
0021900116,2019-11-08,2019-20,IND,DET,1,0.609722430330267,0.5798715903368273,0.5809997290065685,0.5809929956956573,0.5921388116857793
0021900117,2019-11-08,2019-20,ORL,MEM,1,0.6839903714177196,0.6784742538956654,0.6774326602570976,0.6774136996158903,0.6938851892508189
0021900118,2019-11-08,2019-20,WAS,CLE,0,0.6400535852694611,0.6457580137316741,0.6458159219305053,0.6458036130200572,0.6629930980179729
0021900119,2019-11-08,2019-20,ATL,SAC,0,0.5443476892553888,0.5420977652520312,0.5426191549706079,0.5426456570321443,0.50538361267157
0021900120,2019-11-08,2019-20,MIN,GSW,1,0.7033080594494916,0.7147076168177391,0.7112346033832528,0.7111551177941197,0.7658729647319371
0021900121,2019-11-08,2019-20,NOP,TOR,0,0.3494231371407551,0.33233038321141634,0.33213587598924055,0.3321350595592813,0.3589394980388497
0021900122,2019-11-08,2019-20,DAL,NYK,0,0.7732341177076979,0.8088873034346759,0.8076470660773761,0.8076504844293945,0.7735790361178075
0021900123,2019-11-08,2019-20,DEN,PHI,1,0.5531915913711545,0.6161501221996261,0.6129942064350276,0.6130216771451136,0.5931397909836015
0021900124,2019-11-08,2019-20,UTA,MIL,1,0.4736804577816395,0.4690512359662561,0.4694103079098032,0.4694100692100179,0.4867206098296083
0021900125,2019-11-08,2019-20,POR,BKN,0,0.46742839338736053,0.4842266001270834,0.4858637148049831,0.48593991278808424,0.45224342991054983
0021900126,2019-11-08,2019-20,LAL,MIA,1,0.6249336361906316,0.6180323165803595,0.6168925633939089,0.6169022372097556,0.6327528294506332
0021900127,2019-11-09,2019-20,SAS,BOS,0,0.5276304370104558,0.513264254483613,0.5117881809354532,0.5117852033817626,0.5520925786698844
0021900128,2019-11-09,2019-20,CHA,NOP,0,0.610185412254751,0.6166533770675072,0.617745304781415,0.617811092997104,0.5673653055272543
0021900129,2019-11-09,2019-20,CHI,HOU,0,0.33297280261756207,0.29793038647700887,0.2997925361876466,0.29976873809494253,0.30361866259468057
0021900130,2019-11-09,2019-20,MEM,DAL,0,0.434746240373876,0.44117535836266464,0.44085053428557364,0.4408182264861748,0.4708102788253964
0021900131,2019-11-09,2019-20,OKC,GSW,1,0.8293910912562636,0.8330359541745679,0.8309580708070987,0.8308942795441008,0.8692550675737611
0021900132,2019-11-10,2019-20,MIN,DEN,0,0.40702680983921175,0.39744007573812545,0.39881588666459844,0.39884155844102215,0.3683985766854853
0021900133,2019-11-10,2019-20,ORL,IND,0,0.5973576823537636,0.616087650384456,0.6147403746529007,0.6147004166913888,0.639058545533468
0021900134,2019-11-10,2019-20,PHI,CHA,1,0.8138295630367824,0.8047662638099157,0.8042803184813617,0.8042461263329562,0.8097406790512263
0021900135,2019-11-10,2019-20,OKC,MIL,0,0.3544654225217669,0.3218623323897367,0.3230809476238687,0.32306931116359006,0.32483029620454346
0021900136,2019-11-10,2019-20,NYK,CLE,0,0.5049891075899692,0.5021507212534462,0.501040362856383,0.5010232088995533,0.5118430128147008
0021900137,2019-11-10,2019-20,PHX,BKN,1,0.5599140129079843,0.6000476693166312,0.5968139356660171,0.5967562785708295,0.6021605324608632
0021900138,2019-11-10,2019-20,POR,ATL,1,0.6425511232545241,0.619387078955072,0.6062363924471329,0.6062723139837988,0.6092101334901452
0021900139,2019-11-10,2019-20,LAL,TOR,0,0.5360728015636332,0.6398165439947212,0.6348410734971888,0.6348795580510473,0.6064675457337794
0021900140,2019-11-11,2019-20,DET,MIN,0,0.6214081047781864,0.5932142865298902,0.5936529389838935,0.5936486651295316,0.6321695128253979
0021900141,2019-11-11,2019-20,BOS,DAL,1,0.6944256564764462,0.6645821712809561,0.6653297034786152,0.6652776936290399,0.6701840757622113
0021900142,2019-11-11,2019-20,NOP,HOU,0,0.3504042828130932,0.3447278667973402,0.3447377987705753,0.34472750276803515,0.3520902772355504
0021900143,2019-11-11,2019-20,SAS,MEM,0,0.7554709732620203,0.7548289973481694,0.7536919823052436,0.7536936815453978,0.8068589881792771
0021900144,2019-11-11,2019-20,GSW,UTA,0,0.25608869386897826,0.24323348469479533,0.24673315778385044,0.2467784986388593,0.2560370945341829
0021900145,2019-11-11,2019-20,LAC,TOR,1,0.6157433917061514,0.601757562335305,0.5998788323257356,0.5998590179261483,0.6121881911486519
0021900146,2019-11-12,2019-20,IND,OKC,1,0.5296762970026431,0.5268998066932484,0.52665093791469,0.5266996249368506,0.5018112051688356
0021900147,2019-11-12,2019-20,PHI,CLE,1,0.7195716551341335,0.6576704425180663,0.6598528511285184,0.6597986142188318,0.7489602969800577
0021900148,2019-11-12,2019-20,MIA,DET,1,0.7843332195373428,0.7961324754205343,0.7947569219203924,0.794754998780877,0.8015944193812408
0021900149,2019-11-12,2019-20,CHI,NYK,1,0.6438124594309633,0.6364436371812924,0.6361752982520845,0.6361809408520456,0.5946966567950035
0021900150,2019-11-12,2019-20,DEN,ATL,0,0.7875022238899345,0.7976159320434355,0.7924474099100786,0.7924015675835975,0.8308546300944811
0021900151,2019-11-12,2019-20,PHX,LAL,0,0.479975299380123,0.5182723188676591,0.524922005452323,0.5248922458301923,0.543826277814262
0021900152,2019-11-12,2019-20,UTA,BKN,1,0.6502738769494776,0.6865511451892825,0.6848007505075111,0.6848324383362675,0.6711018260133104
0021900153,2019-11-12,2019-20,SAC,POR,1,0.5474458503552628,0.5315474904660272,0.5285278828252716,0.5284172635890276,0.6097685203805415
0021900154,2019-11-13,2019-20,CHA,MEM,0,0.593240279295037,0.5585812109023907,0.5595043287057044,0.5594748439869317,0.5859899546379926
0021900155,2019-11-13,2019-20,ORL,PHI,1,0.5879493862681517,0.6504179407503827,0.6477322923414175,0.6477335646878274,0.6164328576553088
0021900156,2019-11-13,2019-20,BOS,WAS,1,0.771935278518292,0.7469265956510274,0.7493361169986174,0.7492744030878962,0.7845611375473718
0021900157,2019-11-13,2019-20,HOU,LAC,1,0.5725149016449639,0.4942493900106774,0.4963470868977109,0.4963388993819616,0.5324835921098818
0021900158,2019-11-13,2019-20,MIN,SAS,1,0.4905998385793863,0.4912086111292183,0.49190548894660197,0.49189167690283137,0.5353707469144022
0021900159,2019-11-13,2019-20,LAL,GSW,1,0.7705450250591867,0.7796054665271399,0.7764556376597405,0.7763333935357957,0.8440346081740441
0021900160,2019-11-13,2019-20,POR,TOR,0,0.33025193278600484,0.34819977471828556,0.34816442867881164,0.3482622270195243,0.3089383957805873
0021900161,2019-11-14,2019-20,CLE,MIA,0,0.3663460406408493,0.3449599939113295,0.37193471454578275,0.37196648668445037,0.3375647798930836
0021900162,2019-11-14,2019-20,NYK,DAL,1,0.3207027219006319,0.3131227722489343,0.3131626687761337,0.3131525583205772,0.3305441930005902
0021900163,2019-11-14,2019-20,MIL,CHI,1,0.8511793146116866,0.811067912253509,0.8108134212795868,0.8107870103477001,0.8698043211236101
0021900164,2019-11-14,2019-20,NOP,LAC,1,0.4548368956375177,0.4796153326195829,0.4785120597533864,0.4785257832773996,0.5086444199633604
0021900165,2019-11-14,2019-20,PHX,ATL,1,0.71804750085251,0.7577308650308348,0.7508423289702113,0.7508162517259309,0.7374074704050906
0021900166,2019-11-14,2019-20,DEN,BKN,1,0.6879704246101723,0.6907577563785146,0.689282618017951,0.6892627215658785,0.7050644658024765
0021900167,2019-11-15,2019-20,CHA,DET,1,0.5013427220020541,0.4924607853915022,0.49316381309573465,0.49317916205122203,0.4535512676312066
0021900168,2019-11-15,2019-20,ORL,SAS,1,0.5831429807821722,0.5497888184029845,0.550190564540054,0.5501878702522944,0.5539369436869682
0021900169,2019-11-15,2019-20,HOU,IND,1,0.6392414705400719,0.5751246488199329,0.5755461965315685,0.57550688276825,0.615225936853257
0021900170,2019-11-15,2019-20,MEM,UTA,1,0.2880345700590542,0.27441681489506303,0.2754197616089178,0.27543186802510294,0.2719723213916826
0021900171,2019-11-15,2019-20,MIN,WAS,0,0.6906493074037585,0.6632429602015019,0.6631111608321174,0.6630426238954423,0.6858233979855729
0021900172,2019-11-15,2019-20,OKC,PHI,1,0.5420091415897873,0.5373863289956059,0.5364779399499408,0.5364518076047023,0.4952943295356617
0021900173,2019-11-15,2019-20,GSW,BOS,0,0.24930054812385014,0.2315679672088836,0.2329514074748853,0.23300767134776443,0.2008483056918643
0021900174,2019-11-15,2019-20,LAL,SAC,1,0.7258923608375591,0.7224442131364371,0.7223166238809751,0.7222788635082542,0.7402737372420224
0021900175,2019-11-16,2019-20,CHI,BKN,0,0.4593655656216844,0.4907057816603543,0.4889653658292434,0.4890111545903674,0.4190690587023719
0021900176,2019-11-16,2019-20,IND,MIL,0,0.32454185011248565,0.2706203307342974,0.27344957462265307,0.2734364294609219,0.27517997646248127
0021900177,2019-11-16,2019-20,NYK,CHA,0,0.556242490679653,0.5370609916362528,0.5367634734473022,0.5367123846976316,0.5695868592816343
0021900178,2019-11-16,2019-20,MIA,NOP,1,0.7002004614919368,0.7231625078928788,0.7230733497240214,0.7230783274510165,0.7128283237532057
0021900179,2019-11-16,2019-20,MIN,HOU,0,0.4356546187675748,0.5058727586535724,0.5034784125457317,0.503487113294208,0.49432404399565727
0021900180,2019-11-16,2019-20,DAL,TOR,1,0.4096322930577378,0.4003847770945499,0.4007707740691984,0.4007760335895185,0.3948803451597175
0021900181,2019-11-16,2019-20,SAS,POR,0,0.5707842357481804,0.5938504310482097,0.5911942409456699,0.5910770907871459,0.6770156753425203
0021900182,2019-11-16,2019-20,LAC,ATL,1,0.7556797195170377,0.7563768958062533,0.7551182132047218,0.755098106701029,0.7447417791594143
0021900183,2019-11-17,2019-20,CLE,PHI,0,0.3847182684668054,0.37217748648219484,0.37330217328322274,0.3732753753234666,0.41053971448228266
0021900184,2019-11-17,2019-20,SAC,BOS,1,0.3778812755982069,0.37923285448416333,0.3776470532976685,0.3776385305694391,0.3960345820319181
0021900185,2019-11-17,2019-20,ORL,WAS,1,0.6491194060568711,0.6475044332971664,0.6397060999395646,0.6397094124252536,0.6613742802684366
0021900186,2019-11-17,2019-20,MEM,DEN,0,0.32120518733193776,0.3104653750588375,0.30510560026307015,0.3051369808555988,0.3025074520117814
0021900187,2019-11-17,2019-20,NOP,GSW,1,0.6032975273047906,0.6398163343719003,0.6356637721541059,0.6355839031579117,0.7213929974991125
0021900188,2019-11-17,2019-20,LAL,ATL,1,0.8390914043234898,0.8308602730279807,0.8304713318395598,0.8304534268913473,0.8296466780099139
0021900189,2019-11-18,2019-20,NYK,CLE,1,0.5335595584489217,0.6150822067617046,0.6125005246330576,0.6124952587399066,0.6055417834079236
0021900190,2019-11-18,2019-20,BKN,IND,0,0.5802234019817171,0.57934509987359,0.5764638618436367,0.5764347231930558,0.5976497453234773
0021900191,2019-11-18,2019-20,TOR,CHA,1,0.7794074069862172,0.7788221097500359,0.7783490525315209,0.7783310685889193,0.7569275730903654
0021900192,2019-11-18,2019-20,CHI,MIL,0,0.22374691155954984,0.21597039313782926,0.2162038220467412,0.21621203253266402,0.19488392150448394
0021900193,2019-11-18,2019-20,HOU,POR,1,0.6969472692022267,0.724146754883597,0.7224161819811447,0.7223733819450299,0.7785078347797543
0021900194,2019-11-18,2019-20,DAL,SAS,1,0.547011812446089,0.5338965776851643,0.5346540181196539,0.5346790816278127,0.5403878471418891
0021900195,2019-11-18,2019-20,PHX,BOS,0,0.5425000616927411,0.5575789869368689,0.5549057156031297,0.5548532218453545,0.5451931190567502
0021900196,2019-11-18,2019-20,UTA,MIN,0,0.743535369923911,0.7451515966740815,0.7440501038404475,0.7440449514472434,0.7451889015399559
0021900197,2019-11-18,2019-20,LAC,OKC,1,0.6305842262650471,0.6434456673670348,0.6432453315618791,0.6432231879510127,0.6686224560993984
0021900198,2019-11-19,2019-20,MEM,GSW,0,0.6032051792804822,0.6082701978025696,0.6054181880064146,0.6053696921333144,0.657376168637303
0021900199,2019-11-19,2019-20,NOP,POR,1,0.6295396180104582,0.6972344140332715,0.6930042011944294,0.692956693042089,0.7011975349903712
0021900200,2019-11-19,2019-20,SAC,PHX,1,0.6118775360533504,0.5906264785263646,0.5910700961739819,0.5910874446141022,0.5935010397507807
0021900201,2019-11-19,2019-20,LAL,OKC,1,0.7128486186365185,0.7037788654233693,0.7036429064639137,0.7036266573660851,0.7397118299784154
0021900202,2019-11-20,2019-20,PHI,NYK,1,0.7855482792343439,0.7635940460435662,0.7639748933997723,0.7639507581926953,0.7828813181562618
0021900203,2019-11-20,2019-20,WAS,SAS,1,0.5019350078485367,0.540526110502644,0.5395227206716872,0.5395596518836784,0.478791464795854
0021900204,2019-11-20,2019-20,ATL,MIL,0,0.18249362888704562,0.17292676307610733,0.17312866976812294,0.17315165520724796,0.18748363593035736
0021900205,2019-11-20,2019-20,BKN,CHA,1,0.6391201032752473,0.6481791396168448,0.6470614541435289,0.6470372628766496,0.6903525439846154
0021900206,2019-11-20,2019-20,MIA,CLE,1,0.826031476270344,0.8270411676977042,0.8248961601811107,0.8249258624119584,0.8105034261479794
0021900207,2019-11-20,2019-20,TOR,ORL,1,0.6621319116691701,0.6688797433799496,0.6695308764411257,0.6695352146373419,0.6582302357923671
0021900208,2019-11-20,2019-20,DAL,GSW,1,0.7794312846602238,0.7289775206701744,0.7290809455581582,0.7290176376275894,0.7997802229029548
0021900209,2019-11-20,2019-20,CHI,DET,1,0.47922672176282605,0.48994853660851495,0.491326417887474,0.4912964354799335,0.5103448024695905
0021900210,2019-11-20,2019-20,MIN,UTA,0,0.4309702814213608,0.3625943927808039,0.3643138257785665,0.3642718051837174,0.4136701037704746
0021900211,2019-11-20,2019-20,DEN,HOU,1,0.4894809194605635,0.5036573520656796,0.5018035111915848,0.5017954911715609,0.5361707143150201
0021900212,2019-11-20,2019-20,LAC,BOS,1,0.5443154512948079,0.5452577963802315,0.5433134554471981,0.5432901588801714,0.5290845208419722
0021900213,2019-11-21,2019-20,MIL,POR,1,0.8038641664988742,0.8437637361864133,0.8406480734528406,0.8406147510051085,0.8724113057566162
0021900214,2019-11-21,2019-20,PHX,NOP,0,0.6188512382323231,0.5395377314670213,0.5412493476597887,0.5412062917057568,0.552080322295207
0021900215,2019-11-22,2019-20,DET,ATL,1,0.6188538457512364,0.6163518692363977,0.6163431165250528,0.6163835794368607,0.5795831890199927
0021900216,2019-11-22,2019-20,WAS,CHA,1,0.6656323966726762,0.6661143401427868,0.6653782890463081,0.6653514603254103,0.6794906006949596
0021900217,2019-11-22,2019-20,BKN,SAC,1,0.542712641918385,0.5521410211708715,0.5522321783507617,0.5522701195465322,0.4892196586242258
0021900218,2019-11-22,2019-20,PHI,SAS,1,0.624164870741604,0.6048362757354052,0.6054242050287941,0.6054306889243128,0.6241407470289934
0021900219,2019-11-22,2019-20,CHI,MIA,0,0.3139692739877886,0.2997278688651623,0.3002975676930007,0.3003137192702728,0.2833848006756936
0021900220,2019-11-22,2019-20,OKC,LAL,0,0.4496799427815084,0.4297530982138462,0.43119670029978535,0.43121452613735517,0.42299518645458295
0021900221,2019-11-22,2019-20,DAL,CLE,1,0.7226212548293894,0.7250383138673032,0.7256297082511983,0.7256492530364687,0.7090504380024137
0021900222,2019-11-22,2019-20,DEN,BOS,1,0.543542679780545,0.5425487470393834,0.5404368091077837,0.540421318306623,0.5826554954518173
0021900223,2019-11-22,2019-20,UTA,GSW,1,0.8401642984094854,0.8479249946153824,0.8458274639192066,0.8457803292359155,0.8782227023587994
0021900224,2019-11-22,2019-20,LAC,HOU,1,0.5299917050675123,0.5388139981730814,0.5374251878163545,0.53742692919865,0.5439507369344031
0021900225,2019-11-23,2019-20,MIN,PHX,0,0.5663564039022211,0.48784999274825797,0.489603743188775,0.4895819573006469,0.5078669370243621
0021900226,2019-11-23,2019-20,CHA,CHI,0,0.5415544777310626,0.5404362960095365,0.5406503726265508,0.540666856629974,0.515372486712261
0021900227,2019-11-23,2019-20,IND,ORL,1,0.5974498618383051,0.6422975204704698,0.6404267232594677,0.640516306468655,0.5712667007673178
0021900228,2019-11-23,2019-20,ATL,TOR,0,0.18455312620817652,0.18329344452828283,0.18285315081589898,0.18286520628162145,0.1803073302820684
0021900229,2019-11-23,2019-20,NYK,SAS,0,0.4800496299919036,0.44486388875554356,0.44475041796369824,0.44478533744218757,0.426348008773724
0021900230,2019-11-23,2019-20,PHI,MIA,1,0.5007113092626811,0.4606083778934604,0.46204646969291396,0.4620291180558519,0.498385566416555
0021900231,2019-11-23,2019-20,CLE,POR,1,0.40811417891779106,0.3416114493634895,0.3404876500622336,0.34045629836206354,0.2929672448757664
0021900232,2019-11-23,2019-20,MEM,LAL,0,0.3235883078452791,0.28919779706137344,0.2908930080074111,0.2909452802326119,0.27373860247279436
0021900233,2019-11-23,2019-20,MIL,DET,1,0.8791846581513086,0.9028911244086234,0.9015853839935931,0.9015854200696192,0.8486669271756577
0021900234,2019-11-23,2019-20,UTA,NOP,1,0.6409812992040093,0.6315475895168534,0.6317507279292451,0.6317575358054073,0.5725190493969489
0021900235,2019-11-24,2019-20,HOU,DAL,0,0.6650872782296736,0.6382538883642244,0.6369433995908239,0.6369409675597371,0.6461789794514909
0021900236,2019-11-24,2019-20,NYK,BKN,0,0.3287757509140717,0.3393432407930499,0.3138243738472811,0.3137735559727275,0.3335125801654313
0021900237,2019-11-24,2019-20,WAS,SAC,0,0.5550645446267222,0.5509674497449961,0.5515274219332179,0.5515522922575039,0.5344003783550597
0021900238,2019-11-24,2019-20,DEN,PHX,1,0.7850998176401348,0.7637711395039957,0.7634654866749936,0.7634438834928621,0.7965692849112992
0021900239,2019-11-24,2019-20,LAC,NOP,1,0.7875995371336547,0.7828881382727576,0.7829499177703477,0.7829375215099755,0.8142388522347802
0021900240,2019-11-25,2019-20,CLE,BKN,0,0.4173637132586305,0.41476732829686674,0.4169962048034255,0.41700671535242856,0.37585358576375044
0021900241,2019-11-25,2019-20,DET,ORL,1,0.40764242107272347,0.38449109314314023,0.3863086798243876,0.3863376220869338,0.4117786452554852
0021900242,2019-11-25,2019-20,IND,MEM,1,0.7800423588518091,0.7803468791736998,0.7799155377491606,0.7799187528732047,0.801747883889463
0021900243,2019-11-25,2019-20,ATL,MIN,0,0.4610509449261451,0.4383224559728753,0.43713604602796496,0.4371141575907228,0.4239182801374165
0021900244,2019-11-25,2019-20,BOS,SAC,1,0.7844421088912078,0.7117153662048356,0.715224521485668,0.7151978002406025,0.7269169701595378
0021900245,2019-11-25,2019-20,MIA,CHA,1,0.7967312672123535,0.8013254760183927,0.8000983192515135,0.8000708441114949,0.8174969903520553
0021900246,2019-11-25,2019-20,TOR,PHI,1,0.6180186443471768,0.6037658849005557,0.6041401431863892,0.6041247009672338,0.6097973588697955
0021900247,2019-11-25,2019-20,CHI,POR,0,0.49824186517846186,0.5071053016548264,0.5056341376211062,0.5055988474942495,0.5481970598719736
0021900248,2019-11-25,2019-20,MIL,UTA,1,0.6596991022545676,0.622699805935206,0.6236245532591582,0.6236140582948816,0.7556040866098075
0021900249,2019-11-25,2019-20,SAS,LAL,0,0.43110485190434983,0.4319992006227037,0.432000088956341,0.43198947507629065,0.39271278234773177
0021900250,2019-11-25,2019-20,GSW,OKC,0,0.3062040193653432,0.2860219256897763,0.2886409592952812,0.28874184503776157,0.2368016986082065
0021900251,2019-11-26,2019-20,DAL,LAC,0,0.50497566110376,0.4874942888805315,0.4889538085383075,0.4889717071043266,0.4718280972801479
0021900252,2019-11-26,2019-20,DEN,WAS,1,0.7440073015784002,0.7498016292128514,0.748021127739375,0.748007749309506,0.7728026841229595
0021900253,2019-11-27,2019-20,BOS,BKN,1,0.6707847769202716,0.6743382588659227,0.6754324136689589,0.6754095699052894,0.7108159382694152
0021900254,2019-11-27,2019-20,CHA,DET,1,0.4545643811473963,0.4349380702887923,0.43527631651384097,0.43529662676933395,0.40638503088182865
0021900255,2019-11-27,2019-20,CLE,ORL,0,0.3413389624894415,0.37654744040686106,0.37677269176330425,0.3767697468575779,0.37928065908149966
0021900256,2019-11-27,2019-20,IND,UTA,1,0.5677630000300187,0.5512371748071251,0.5505009311008162,0.5504964361073413,0.5535304166476426
0021900257,2019-11-27,2019-20,PHI,SAC,1,0.6950696729725595,0.6855786253383299,0.6855748132166372,0.6855902347089585,0.6889580732135973
0021900258,2019-11-27,2019-20,TOR,NYK,1,0.8490310299213336,0.849362552895964,0.8495666168890081,0.8495742353547463,0.8442883660661417
0021900259,2019-11-27,2019-20,HOU,MIA,1,0.5804267296213831,0.6018315245304919,0.6009008120589183,0.6008995505258146,0.5872390085609018
0021900260,2019-11-27,2019-20,MEM,LAC,0,0.28678126630647466,0.25711078311057506,0.2586342267114338,0.25867510383388354,0.21624260854275135
0021900261,2019-11-27,2019-20,MIL,ATL,1,0.8953556572732763,0.8971531559532209,0.8965488916399105,0.8965416133556233,0.9066523669085721
0021900262,2019-11-27,2019-20,SAS,MIN,0,0.5898748265083493,0.5939165982909208,0.5928169413455571,0.5927926329848181,0.6065750929655974
0021900263,2019-11-27,2019-20,PHX,WAS,0,0.6548225287153637,0.6696361566074862,0.6691154496404287,0.6690869848404266,0.7034946370548064
0021900264,2019-11-27,2019-20,NOP,LAL,0,0.33283541628314955,0.2779355671518622,0.27967191531830105,0.27966623765861703,0.28443509241320314
0021900265,2019-11-27,2019-20,POR,OKC,1,0.47780366943710323,0.45974040648217707,0.46147271221485187,0.4615257633032196,0.4459742941217819
0021900266,2019-11-27,2019-20,GSW,CHI,1,0.4945488882558291,0.5121406219000725,0.5131473687356648,0.5132111711588142,0.4907890081597527
0021900267,2019-11-29,2019-20,BKN,BOS,1,0.3810276407634376,0.3528371772063658,0.35276336336636566,0.35277845813345116,0.41651037043997
0021900268,2019-11-29,2019-20,DET,CHA,0,0.6718976764233425,0.6792749525309975,0.6777926261868107,0.6777869792485134,0.6935448019530678
0021900269,2019-11-29,2019-20,ORL,TOR,0,0.3950802645908371,0.38144656581464986,0.38081017074125584,0.3808263299295738,0.38353701135887075
0021900270,2019-11-29,2019-20,CLE,MIL,0,0.18836234388670364,0.1982707942829732,0.19807145828499806,0.19809990380458006,0.16393728042598732
0021900271,2019-11-29,2019-20,NYK,PHI,0,0.24888384890140586,0.3148537860084477,0.31194313149269837,0.31200090530289676,0.31291875463305213
0021900272,2019-11-29,2019-20,IND,ATL,1,0.8298750819423132,0.8411129925471221,0.8401741669542787,0.8401751788124924,0.8402873580696284
0021900273,2019-11-29,2019-20,MIA,GSW,1,0.7710801326330727,0.7954118134299399,0.7935130087072133,0.7934743694391824,0.8180406731879075
0021900274,2019-11-29,2019-20,MEM,UTA,0,0.29021280784547054,0.27932769203329827,0.2799298671793894,0.2799476742564047,0.2649325734205497
0021900275,2019-11-29,2019-20,OKC,NOP,1,0.6617971192234358,0.6635819017159353,0.6630814796643918,0.6630719284405877,0.6758609046981823
0021900276,2019-11-29,2019-20,SAS,LAC,1,0.35200171726566104,0.3618782004486935,0.3613087607526452,0.36133369712489855,0.33902455041820806
0021900277,2019-11-29,2019-20,PHX,DAL,0,0.43251780479457697,0.4473201165924726,0.44637862615420915,0.44634858712253805,0.4912210220651201
0021900278,2019-11-29,2019-20,POR,CHI,1,0.7034287482818066,0.7282231579450361,0.7271126193517764,0.7271638058822841,0.6998390957422592
0021900279,2019-11-29,2019-20,LAL,WAS,1,0.7488649943047061,0.747437694761218,0.7458855025780068,0.7458729242134807,0.759393547484443
0021900280,2019-11-30,2019-20,SAC,DEN,1,0.3763868348064369,0.36629691124228025,0.367593843540318,0.36757426555169587,0.37511259621238197
0021900281,2019-11-30,2019-20,PHI,IND,1,0.5557851144604974,0.5316251568845503,0.5325042732228352,0.5325102534372791,0.6073907003127773
0021900282,2019-11-30,2019-20,HOU,ATL,1,0.8719222539696876,0.8578832530495462,0.858127837070302,0.8581081694773276,0.8577180044670314
0021900283,2019-11-30,2019-20,MIL,CHA,1,0.8813270198062585,0.8404114953200671,0.8408658861209171,0.8408377698826346,0.8171595083266621
0021900284,2019-12-01,2019-20,BKN,MIA,0,0.4721283560383614,0.4565871370584388,0.4559362229926436,0.4559362294343837,0.4776514505091019
0021900285,2019-12-01,2019-20,NYK,BOS,0,0.24788741081525492,0.22052852497214934,0.220375489315885,0.22035393023750074,0.2269626059210896
0021900286,2019-12-01,2019-20,MIN,MEM,0,0.7266497038807289,0.7967205454396245,0.7934949499765432,0.7935233802549243,0.7958331063299143
0021900287,2019-12-01,2019-20,LAL,DAL,0,0.6279863764486175,0.6422585802647376,0.6405732815952678,0.6405367887114617,0.6542503173087874
0021900288,2019-12-01,2019-20,DET,SAS,1,0.4964320316428025,0.5437629660092292,0.5422346130128289,0.5422877314652635,0.5065920879270213
0021900289,2019-12-01,2019-20,NOP,OKC,0,0.4444329311411286,0.446084211448652,0.44629845285323355,0.4462426018118526,0.5065821284759852
0021900290,2019-12-01,2019-20,ORL,GSW,1,0.7312983861853483,0.7101077892937332,0.708958775104001,0.7089013851926521,0.7577736171631355
0021900291,2019-12-01,2019-20,TOR,UTA,1,0.6530894226873072,0.643484126398727,0.6400716665421375,0.640071871890049,0.6404939667306537
0021900292,2019-12-01,2019-20,LAC,WAS,1,0.7580651073091784,0.7621630087238226,0.7604965180343588,0.7605100223250434,0.7591818156577927
0021900293,2019-12-02,2019-20,CHA,PHX,0,0.41266129985336814,0.4174641853340338,0.41834252588625304,0.4184288957892148,0.39604481508830447
0021900294,2019-12-02,2019-20,PHI,UTA,1,0.6892003465894361,0.6556515621445347,0.6559270714937353,0.6559174959145955,0.6921500415975103
0021900295,2019-12-02,2019-20,ATL,GSW,1,0.6012169522443246,0.6216962150711783,0.6198035983644695,0.6197511391139751,0.6553742517801692
0021900296,2019-12-02,2019-20,MEM,IND,0,0.23105874347893665,0.22860226458360203,0.22901183262310354,0.22900019462421398,0.2289283187337867
0021900297,2019-12-02,2019-20,MIL,NYK,1,0.9042394846755127,0.8973151619600536,0.8977997214452276,0.8978214110129542,0.8978225630353667
0021900298,2019-12-02,2019-20,SAC,CHI,0,0.6900522821528973,0.6930556714522323,0.6917394602506601,0.69171645413072,0.7205793737760231
0021900299,2019-12-03,2019-20,CLE,DET,0,0.4219268784659032,0.40013320182296774,0.3996901875246569,0.39967185466502375,0.433730766477027
0021900300,2019-12-03,2019-20,WAS,ORL,0,0.5025217349872922,0.4417437829298869,0.4429840166487985,0.4429335114301312,0.49212855083545276
0021900301,2019-12-03,2019-20,TOR,MIA,0,0.6608275761582089,0.7082058853638441,0.7058121028536691,0.7058293442334512,0.7062971943945406
0021900302,2019-12-03,2019-20,NOP,DAL,0,0.3820850805452584,0.37888193570889167,0.3776435695088887,0.37762801361925435,0.39941016113626365
0021900303,2019-12-03,2019-20,SAS,HOU,1,0.3297530910831496,0.3352669612726199,0.3349602137544161,0.3349489877250191,0.3128199451881514
0021900304,2019-12-03,2019-20,DEN,LAL,0,0.5766992668608646,0.5615787278731551,0.5605253833293317,0.5605282577186825,0.5703265118167266
0021900305,2019-12-03,2019-20,LAC,POR,1,0.7052607117453875,0.7111972132977133,0.7108043491709385,0.7107243204637202,0.7978207885525153
0021900306,2019-12-04,2019-20,CHA,GSW,1,0.6209541096999807,0.6145992160720979,0.6126033091557651,0.6125697920197886,0.6033655582638597
0021900307,2019-12-04,2019-20,DET,MIL,0,0.2904675552659429,0.27201622608027,0.27115397447358236,0.2711680652789993,0.2461355267233256
0021900308,2019-12-04,2019-20,ORL,PHX,1,0.5500638808237005,0.5327078344140901,0.532904221404825,0.5329175920209668,0.5601616338558758
0021900309,2019-12-04,2019-20,ATL,BKN,0,0.3719110345174712,0.34500302086838563,0.34725820589942724,0.3471989724719389,0.3925708428468302
0021900310,2019-12-04,2019-20,BOS,MIA,1,0.6534818905081412,0.5853146959315843,0.5883181310987661,0.5882775149738595,0.6098986197571533
0021900311,2019-12-04,2019-20,CHI,MEM,1,0.6245782945419306,0.5907717224085633,0.5907112210660751,0.5906988437529418,0.5891701987737972
0021900312,2019-12-04,2019-20,OKC,IND,0,0.4723067009627141,0.4636471157724882,0.4630144220871386,0.463006954761324,0.45567549226259
0021900313,2019-12-04,2019-20,DAL,MIN,1,0.67026086689718,0.685456082867673,0.6848940767070378,0.6848796223759823,0.6938615507977254
0021900314,2019-12-04,2019-20,UTA,LAL,0,0.5561434558332883,0.49418602862564204,0.4971847784690111,0.4971507757585944,0.5340290951286697
0021900315,2019-12-04,2019-20,POR,SAC,1,0.5129550004439977,0.5431907339357578,0.5430435217946042,0.5431401603672498,0.4807301735895689
0021900316,2019-12-05,2019-20,WAS,PHI,1,0.32543231128720473,0.30856858103841284,0.31063629191990055,0.3106098999562485,0.3252171107885798
0021900317,2019-12-05,2019-20,NYK,DEN,0,0.212742407538709,0.2072391686734367,0.20811521470111422,0.2081008220753437,0.22617678087663634
0021900318,2019-12-05,2019-20,TOR,HOU,0,0.6042663129365374,0.6062491738521925,0.6048776191836328,0.6048739861992456,0.6105190159846805
0021900319,2019-12-05,2019-20,NOP,PHX,0,0.6296770675919765,0.6052288252969511,0.6053492283098054,0.6053278037536025,0.5974556145508647
0021900320,2019-12-06,2019-20,CHA,BKN,0,0.3895967720574502,0.37357880461794385,0.3744346967710221,0.37446461537784353,0.36071411053481406
0021900321,2019-12-06,2019-20,CLE,ORL,0,0.3415212816562889,0.24303635328610865,0.24450827776171666,0.2445192335649627,0.2622810835398155
0021900322,2019-12-06,2019-20,DET,IND,1,0.3978080347984751,0.3761717511888756,0.3772167943033438,0.37720855497533756,0.41311027443812187
0021900323,2019-12-06,2019-20,BOS,DEN,1,0.6473643158172055,0.6236211000973034,0.625914479130922,0.6259197882911388,0.61950477482035
0021900324,2019-12-06,2019-20,MIA,WAS,1,0.7701496743596298,0.7681285090857752,0.7682309958046631,0.7682290883509009,0.7949511410449281
0021900325,2019-12-06,2019-20,CHI,GSW,0,0.6508858979728416,0.6183995710737906,0.6181486135934275,0.6180923476343712,0.6377919060348256
0021900326,2019-12-06,2019-20,OKC,MIN,1,0.6098500581172216,0.5916450996455285,0.591674451504365,0.5916467498141289,0.6268159688227026
0021900327,2019-12-06,2019-20,MIL,LAC,1,0.6332615419868646,0.6117348918642396,0.6129088198114078,0.6129344742931044,0.5976916921542361
0021900328,2019-12-06,2019-20,SAS,SAC,1,0.5497868719382152,0.6036840533003766,0.6022938203847773,0.602292513150421,0.5784446917336667
0021900329,2019-12-06,2019-20,POR,LAL,0,0.38661909351698925,0.36066264262546444,0.36220084233361993,0.36224114485181275,0.3181791326565839
0021900330,2019-12-07,2019-20,DAL,NOP,1,0.7935699257226041,0.783469881478744,0.7880753410589332,0.7880728018462233,0.7940553468289029
0021900331,2019-12-07,2019-20,NYK,IND,0,0.2861246913304247,0.30532324546301953,0.3049344736131742,0.3049184932248648,0.2925700167356908
0021900332,2019-12-07,2019-20,PHI,CLE,1,0.893484268228679,0.8229859929302094,0.8243430870482674,0.8243294463736117,0.8301001407969659
0021900333,2019-12-07,2019-20,HOU,PHX,1,0.7688657018454669,0.7617745125966996,0.7612922350737772,0.761295369071311,0.7501007929947482
0021900334,2019-12-07,2019-20,UTA,MEM,1,0.7498840225311232,0.74851160415797,0.748332606334213,0.7483420406490354,0.7560314908493329
0021900335,2019-12-08,2019-20,BKN,DEN,1,0.4547118575306957,0.435872837559768,0.4360275810702821,0.43603287129781426,0.4366154987638185
0021900336,2019-12-08,2019-20,CHA,ATL,0,0.5642273419299528,0.5518784461082527,0.553632275959676,0.5536474518090223,0.5871011305923504
0021900337,2019-12-08,2019-20,MIA,CHI,1,0.8014004528536104,0.7832957381408946,0.7994335755655639,0.799420934343303,0.8001861414423789
0021900338,2019-12-08,2019-20,PHI,TOR,1,0.39386978892454055,0.3695848716619895,0.38104816808925135,0.38108592224385,0.4660877057916497
0021900339,2019-12-08,2019-20,WAS,LAC,0,0.3137563871194975,0.31371179156502554,0.3253188663976402,0.32533338040301457,0.3331191743768305
0021900340,2019-12-08,2019-20,DAL,SAC,0,0.6903550213510513,0.6944228876262456,0.6944632974724347,0.6944744345549595,0.6505839008192835
0021900341,2019-12-08,2019-20,POR,OKC,0,0.49532478237873373,0.45637754008714465,0.4588483287923066,0.4588492387836123,0.4511458988124058
0021900342,2019-12-08,2019-20,LAL,MIN,1,0.7893991604063596,0.8091755393960827,0.8077336437713809,0.8077169303013856,0.8007843380202436
0021900343,2019-12-09,2019-20,IND,LAC,0,0.5805533250710349,0.568145326402408,0.5677115065154441,0.5678083090208565,0.4751679561074514
0021900344,2019-12-09,2019-20,BOS,CLE,1,0.8758162818394886,0.8659311864821607,0.8661170388870275,0.8660829869888121,0.8747458438194601
0021900345,2019-12-09,2019-20,CHI,TOR,0,0.28703740818099405,0.29156838294023635,0.29196916038766,0.2919770454103759,0.3106795429723896
0021900346,2019-12-09,2019-20,HOU,SAC,0,0.805744817960015,0.7858014425168367,0.7866689557963236,0.7866769327347695,0.777378016750129
0021900347,2019-12-09,2019-20,MIL,ORL,1,0.7886560188194305,0.7799675734963767,0.7797197356003341,0.7797169621467163,0.8141853917340006
0021900348,2019-12-09,2019-20,NOP,DET,0,0.38773516989421625,0.39732917446305854,0.397736021359688,0.39773880758359614,0.39614944775387934
0021900349,2019-12-09,2019-20,PHX,MIN,1,0.6677603541257713,0.7066651841726075,0.670386133748039,0.6703486194471125,0.6715366807565349
0021900350,2019-12-09,2019-20,UTA,OKC,0,0.6505262494946612,0.6688811547333461,0.6680223384978424,0.6680470234466204,0.6531213638377652
0021900351,2019-12-09,2019-20,GSW,MEM,0,0.5386869074887393,0.5618100218835553,0.5612317941175575,0.5612695661232432,0.5312806984939501
0021900352,2019-12-10,2019-20,CHA,WAS,1,0.45536582815670223,0.43800178450452387,0.4383907054701251,0.43841860420758066,0.4427257154488265
0021900353,2019-12-10,2019-20,PHI,DEN,1,0.5837821610256714,0.5589866537860894,0.5592749202787611,0.559291422195257,0.5699285945132118
0021900354,2019-12-10,2019-20,MIA,ATL,1,0.802364461083174,0.7918367192259957,0.7914601232529465,0.7914468709618401,0.807926605622622
0021900355,2019-12-10,2019-20,POR,NYK,1,0.7248149234107182,0.6910437974799744,0.6931316583190301,0.6931734534638618,0.7085304411484968
0021900356,2019-12-11,2019-20,CLE,HOU,0,0.19655145403216318,0.18249653654938777,0.18301118588005613,0.18301725870818114,0.1877388506999011
0021900357,2019-12-11,2019-20,IND,BOS,1,0.4757210806100431,0.46894585758454865,0.4679821267616422,0.46798451979962447,0.4940777339087799
0021900358,2019-12-11,2019-20,ORL,LAL,0,0.36332179416178373,0.36282539511622286,0.3639572054260211,0.3639877570369205,0.3360180331047779
0021900359,2019-12-11,2019-20,TOR,LAC,0,0.47121757939307,0.43445086394008187,0.4364663038996154,0.43652216255773263,0.4637945013303361
0021900360,2019-12-11,2019-20,BKN,CHA,0,0.8089473794521786,0.8045474307364279,0.8034645997991815,0.8034516196740549,0.8260419724214669
0021900361,2019-12-11,2019-20,CHI,ATL,1,0.6806335773646275,0.6534294951039666,0.6540705959587336,0.6540479114312773,0.6368843239913249
0021900362,2019-12-11,2019-20,MIN,UTA,0,0.4588550591190282,0.42641536685594833,0.42689773279548426,0.4268899471627287,0.47574501238244715
0021900363,2019-12-11,2019-20,PHX,MEM,0,0.7042265480863256,0.7459220797891601,0.743745556379608,0.7437281586359357,0.7673425417613787
0021900364,2019-12-11,2019-20,MIL,NOP,1,0.8976752489999417,0.866128819034283,0.8665680654893931,0.8665534179261711,0.881782576976032
0021900365,2019-12-11,2019-20,SAC,OKC,1,0.4890205312298131,0.48575398630881556,0.4841256992298506,0.48410669959880875,0.4888974166911117
0021900366,2019-12-11,2019-20,GSW,NYK,0,0.6878509789536771,0.6618745867520164,0.663600734425275,0.6636214403486126,0.6584432908958128
0021900367,2019-12-12,2019-20,BOS,PHI,0,0.5314314511431019,0.5527165488460026,0.5520403765404438,0.5520385501547878,0.5980960242124826
0021900368,2019-12-12,2019-20,SAS,CLE,0,0.8307956351751452,0.8334055427473859,0.8318562567985922,0.8318337874444898,0.8432269471919825
0021900369,2019-12-12,2019-20,DET,DAL,0,0.4384088134587052,0.3944878734221708,0.42100582912946033,0.42098895800221187,0.4470332929713337
0021900370,2019-12-12,2019-20,DEN,POR,1,0.705750947062009,0.6811932350224812,0.6802835570004073,0.6802266704620087,0.7428687127678094
0021900371,2019-12-13,2019-20,ORL,HOU,0,0.4390853354507587,0.40594340599102374,0.40597958201429973,0.4059857776852529,0.4062989980902222
0021900372,2019-12-13,2019-20,PHI,NOP,1,0.7772444206895608,0.7619102391640306,0.7614187152397741,0.7614328752431438,0.7415967245101922
0021900373,2019-12-13,2019-20,ATL,IND,0,0.2743878334321585,0.2580066465117199,0.25843691001036423,0.25843965844322975,0.2626345966080402
0021900374,2019-12-13,2019-20,MIA,LAL,0,0.4323871590791918,0.43986923635546826,0.4406579533036189,0.4406769627253209,0.39906824920294975
0021900375,2019-12-13,2019-20,CHI,CHA,0,0.5995223549613491,0.6022667636379805,0.6018087091697542,0.6017872362984482,0.6313534530690765
0021900376,2019-12-13,2019-20,MEM,MIL,0,0.19121930486403035,0.16050708368615635,0.16124529292565087,0.16121216751320264,0.20428582219456926
0021900377,2019-12-13,2019-20,MIN,LAC,0,0.27603269392083735,0.32164916065147814,0.3197066399170562,0.3197794695187952,0.2682121823492662
0021900378,2019-12-13,2019-20,SAC,NYK,0,0.7844363900726951,0.7759788511737875,0.7749505143936638,0.7749392343143673,0.8061664379469032
0021900379,2019-12-13,2019-20,UTA,GSW,1,0.7994882923347149,0.873305054690501,0.8702889758744964,0.8703158226943373,0.842663757951878
0021900380,2019-12-14,2019-20,PHX,SAS,0,0.6049567446397527,0.5904792203845084,0.5895144518033214,0.5894834260702037,0.6356237310716798
0021900381,2019-12-14,2019-20,TOR,BKN,1,0.6547221699288187,0.6424180263462614,0.6431363087391034,0.6431506851556019,0.6906848946874302
0021900382,2019-12-14,2019-20,CHI,LAC,1,0.2760751783959581,0.2869976784435417,0.2864509107363584,0.2864684752387319,0.29337726795256497
0021900383,2019-12-14,2019-20,MEM,WAS,1,0.4601647113277778,0.45462636866993233,0.4540614179543413,0.45407233577250783,0.4297929629891119
0021900384,2019-12-14,2019-20,DAL,MIA,0,0.6579701755020583,0.6463195314358594,0.6473314053315037,0.6473250150230668,0.6533939140885058
0021900385,2019-12-14,2019-20,MIL,CLE,1,0.8917618876364948,0.8691656631186749,0.8696463711210664,0.8696369174579519,0.8935484591851303
0021900386,2019-12-14,2019-20,HOU,DET,0,0.7006728466164164,0.6863943269371333,0.7004893724964698,0.7004866743630659,0.7108149009203105
0021900387,2019-12-14,2019-20,DEN,OKC,1,0.6150064124697064,0.5821622996282734,0.5543958028399876,0.5543666688796874,0.5954278290438589
0021900388,2019-12-15,2019-20,NOP,ORL,0,0.4325131335174507,0.4237378543158635,0.42282976211475876,0.42281249304339463,0.4450098819800076
0021900389,2019-12-15,2019-20,IND,CHA,1,0.7726234114812746,0.7896503484363406,0.7882166554797722,0.7882440917258764,0.7717637867961405
0021900390,2019-12-15,2019-20,ATL,LAL,0,0.16759444293766385,0.1727205354476088,0.16081402808174772,0.16083344146074027,0.1349556278229063
0021900391,2019-12-15,2019-20,BKN,PHI,1,0.3404706943443436,0.3973904327110107,0.38527274202699946,0.38531233724644853,0.37362767731159946
0021900392,2019-12-15,2019-20,DEN,NYK,1,0.8152777312727691,0.822222458005089,0.8214369808011219,0.821438590611175,0.827092934929564
0021900393,2019-12-15,2019-20,GSW,SAC,0,0.34466763056408634,0.3056029204908858,0.3081968061619098,0.3082535197324732,0.346817941403817
0021900394,2019-12-16,2019-20,DET,WAS,0,0.6823441329658232,0.6515250616477002,0.6516413819597416,0.6516424518308659,0.6474982070462606
0021900395,2019-12-16,2019-20,TOR,CLE,1,0.8346112152519816,0.8328388784380846,0.8325213004603913,0.8325285699962461,0.8453672033088369
0021900396,2019-12-16,2019-20,HOU,SAS,1,0.7351120713177084,0.7179610200495564,0.7184590172610575,0.7185003890809359,0.7420493994693794
0021900397,2019-12-16,2019-20,MEM,MIA,1,0.29856222161009854,0.2786570135344436,0.27974926060670474,0.27974774102504635,0.3035959500929873
0021900398,2019-12-16,2019-20,MIL,DAL,0,0.699786627458033,0.7214571851479674,0.719944595094845,0.7199860368116221,0.7303976456465664
0021900399,2019-12-16,2019-20,OKC,CHI,1,0.7155753773560543,0.7082398945980497,0.707372901220743,0.707377577504924,0.7070403449838207
0021900400,2019-12-16,2019-20,PHX,POR,0,0.584036198074402,0.5483142853836545,0.5641301771013304,0.5640363621410488,0.6307537538243002
0021900401,2019-12-17,2019-20,CHA,SAC,1,0.4320005111793445,0.41888753415958696,0.4196140861602145,0.41963046517415087,0.40713774982321305
0021900402,2019-12-17,2019-20,IND,LAL,1,0.42429148984085213,0.43011546490923847,0.43081321245307314,0.43086069099773827,0.4758069818828045
0021900403,2019-12-17,2019-20,NYK,ATL,1,0.5191255297124711,0.5192178069853489,0.5181987977954262,0.5181930708665785,0.5499901968416574
0021900404,2019-12-17,2019-20,NOP,BKN,0,0.4193149592235282,0.34607479454497303,0.34753342780556823,0.347488368858681,0.37729020775882655
0021900405,2019-12-17,2019-20,UTA,ORL,1,0.6025213760445117,0.5974355918448593,0.5964155528194011,0.5964161122123773,0.6030514039880042
0021900406,2019-12-17,2019-20,LAC,PHX,1,0.7987506622551687,0.7802681300950992,0.7814772734886748,0.7815301111206773,0.8053570286592129
0021900407,2019-12-18,2019-20,CLE,CHA,1,0.52730626372854,0.49163398717364953,0.4935459391888865,0.4935169606197679,0.5155064525223935
0021900408,2019-12-18,2019-20,DET,TOR,0,0.3795699952039878,0.3911173365615778,0.3912889077249747,0.39129323916940256,0.4259330352179086
0021900409,2019-12-18,2019-20,WAS,CHI,0,0.5755488790454478,0.554713588818164,0.5552917618274325,0.5552380416239087,0.6239160063470256
0021900410,2019-12-18,2019-20,PHI,MIA,0,0.5495640146178967,0.5340512064238068,0.533963312186751,0.5340092297544302,0.5906665270574297
0021900411,2019-12-18,2019-20,MIN,NOP,0,0.7194430495588076,0.6813281930124541,0.6813488293037093,0.6813543172566299,0.7226785436887193
0021900412,2019-12-18,2019-20,OKC,MEM,1,0.7057257372725563,0.7073111999645886,0.7065397494931007,0.7065372629706523,0.7079134750799245
0021900413,2019-12-18,2019-20,DAL,BOS,0,0.5239625041115974,0.5369328345221964,0.538251360123531,0.5382794794430157,0.5714340926614996
0021900414,2019-12-18,2019-20,DEN,ORL,1,0.7336513954760048,0.7226386650052347,0.7295676673489193,0.7295557441447719,0.7443489178128666
0021900415,2019-12-18,2019-20,POR,GSW,1,0.7381628788875133,0.748108573627178,0.7481585318803418,0.7481381454515794,0.7888936001160453
0021900416,2019-12-19,2019-20,ATL,UTA,0,0.27775764130400227,0.304700596644634,0.30386306018335446,0.30389142804928476,0.2741323389115241
0021900417,2019-12-19,2019-20,MIL,LAL,1,0.6422736634780073,0.6189102593718515,0.619302975584128,0.6193258820212254,0.5945589322255901
0021900418,2019-12-19,2019-20,SAS,BKN,1,0.4983702745494145,0.5155782993814974,0.5141126243300854,0.514076480207113,0.5210748779078497
0021900419,2019-12-19,2019-20,LAC,HOU,0,0.5932539840952176,0.5985905051880271,0.5981568341593826,0.5981393478858336,0.6486853788298316
0021900420,2019-12-20,2019-20,CLE,MEM,1,0.43848962519523943,0.43201127890919044,0.43190803309642567,0.4319023852074036,0.44837832631758057
0021900421,2019-12-20,2019-20,IND,SAC,1,0.7113299514407857,0.669299812727374,0.6706142971306495,0.670612861243487,0.6825965231631453
0021900422,2019-12-20,2019-20,BOS,DET,1,0.7456268862947183,0.8281420062080778,0.8255872186564971,0.8256269243217041,0.773379769172912
0021900423,2019-12-20,2019-20,TOR,WAS,1,0.7575156269953057,0.640787831410788,0.6450841657089225,0.6449963110874959,0.7574067532438815
0021900424,2019-12-20,2019-20,MIA,NYK,1,0.8300031703642142,0.8480087678299741,0.8475045233206854,0.8474977782323402,0.8443034920918375
0021900425,2019-12-20,2019-20,PHI,DAL,0,0.5512508715999644,0.5965562765161904,0.5937767931732951,0.5937780451573907,0.5474044161352379
0021900426,2019-12-20,2019-20,OKC,PHX,1,0.6536483903659543,0.6675171231026478,0.6671508689721303,0.6672032374055933,0.6608519031404749
0021900427,2019-12-20,2019-20,DEN,MIN,1,0.7612706748629027,0.775816519093752,0.776364374893384,0.7763631932109274,0.7852936268259417
0021900428,2019-12-20,2019-20,POR,ORL,1,0.542439318235531,0.5071693884054526,0.5078954534595852,0.5079255759466782,0.5126260441922738
0021900429,2019-12-20,2019-20,GSW,NOP,1,0.43276484529267234,0.40983317713514095,0.41161475789707147,0.4116601518501162,0.377752234892835
0021900430,2019-12-21,2019-20,CHA,UTA,0,0.36867044006391947,0.35765613596460755,0.35771203679528174,0.3577207573066434,0.3524990007412498
0021900431,2019-12-21,2019-20,BKN,ATL,1,0.761521818947685,0.7573452179226049,0.767168100622017,0.7671715513645642,0.7816596430603674
0021900432,2019-12-21,2019-20,DET,CHI,0,0.5230752216579804,0.5208340670244336,0.5217283729295904,0.5217485016496947,0.5232653404287395
0021900433,2019-12-21,2019-20,PHI,WAS,1,0.7367454227371035,0.7230358394846501,0.7229192177459114,0.7229329576966665,0.7270820076378186
0021900434,2019-12-21,2019-20,NYK,MIL,0,0.11145580744525754,0.10557729742530982,0.10531021815417775,0.10532628664400152,0.10478725075864101
0021900435,2019-12-21,2019-20,MEM,SAC,1,0.5014998459901703,0.4458251959445351,0.44784913014550054,0.4478605440281646,0.4124169061249638
0021900436,2019-12-21,2019-20,SAS,LAC,0,0.32249853091778147,0.3242802947638027,0.32485392464949264,0.32482956256952566,0.34369522811734354
0021900437,2019-12-21,2019-20,PHX,HOU,0,0.26330304503918023,0.20801882045752737,0.235380063074457,0.23533928330413556,0.26272173624926143
0021900438,2019-12-21,2019-20,POR,MIN,1,0.676098151948868,0.6471519395693108,0.6487758342428522,0.6487395467588152,0.6949168933398544
0021900439,2019-12-22,2019-20,TOR,DAL,1,0.5293050730835587,0.5221309987726253,0.5215845659803686,0.521592855649637,0.5275072704539022
0021900440,2019-12-22,2019-20,BOS,CHA,1,0.8689350021056186,0.8583824591132785,0.8540546646800815,0.8540467782212715,0.8560818054414422
0021900441,2019-12-22,2019-20,MIL,IND,1,0.6855589561376532,0.6742393144988456,0.673462408877797,0.6734711219835836,0.6931648331774817
0021900442,2019-12-22,2019-20,OKC,LAC,1,0.48815538394187213,0.48470391508209326,0.48461127252041863,0.4846561347924489,0.49734254376044834
0021900443,2019-12-22,2019-20,LAL,DEN,0,0.6491188531488101,0.5848200975163729,0.5856883172401602,0.5856617531179903,0.6013888246118059
0021900444,2019-12-23,2019-20,CLE,ATL,1,0.5858023455804544,0.5677049507174223,0.5671472499048952,0.5671394074131015,0.5710707374108938
0021900445,2019-12-23,2019-20,DET,PHI,0,0.38063017537674926,0.3636555308239798,0.36459889858285066,0.3645925261085988,0.3997344637412478
0021900446,2019-12-23,2019-20,IND,TOR,1,0.5363139325216243,0.5345867600408188,0.5349539621229881,0.5349320068622633,0.5487847880056226
0021900447,2019-12-23,2019-20,NYK,WAS,0,0.42897272102152234,0.43667186719355217,0.43536160089842885,0.4354189876277969,0.3688334143696267
0021900448,2019-12-23,2019-20,ORL,CHI,1,0.6188540468706711,0.5977839374700799,0.5977339054143727,0.5977334707398685,0.6244355633054072
0021900449,2019-12-23,2019-20,MIA,UTA,1,0.6271898064922332,0.6273017168113382,0.6264358521556643,0.6264315413020414,0.6355063244743268
0021900450,2019-12-23,2019-20,MEM,SAS,0,0.4681397586952228,0.45247163358176673,0.453469717829374,0.4535023175211908,0.4718612324741774
0021900451,2019-12-23,2019-20,PHX,DEN,0,0.38488899953064487,0.38087303739450756,0.38188802448532727,0.38185469447925446,0.3826747098527307
0021900452,2019-12-23,2019-20,POR,NOP,0,0.6929198632015419,0.6627566005710492,0.6643254897556073,0.6643581744104999,0.6687164250897876
0021900453,2019-12-23,2019-20,SAC,HOU,0,0.34675026935403525,0.34536176044987965,0.34434942344685193,0.34434013630057553,0.3414215175442353
0021900454,2019-12-23,2019-20,GSW,MIN,1,0.4375397093084095,0.39732985739086574,0.3984139434606473,0.39841659183171446,0.4166403043472758
0021900455,2019-12-25,2019-20,TOR,BOS,0,0.49522533058592566,0.4864822770799788,0.4864607655170346,0.486463892845769,0.5288675969525665
0021900456,2019-12-25,2019-20,PHI,MIL,1,0.35634980784156917,0.347281507242625,0.3470491583901084,0.34703741864057175,0.3771445102482101
0021900457,2019-12-25,2019-20,GSW,HOU,1,0.18651886109055923,0.1556113702775818,0.1571771415720891,0.15717014459238754,0.16195633394376915
0021900458,2019-12-25,2019-20,LAL,LAC,0,0.5279494827671972,0.5425747832834591,0.5418802978633799,0.541839281902195,0.5702622845529538
0021900459,2019-12-25,2019-20,DEN,NOP,0,0.8044243196159049,0.7901839232226822,0.7900633967295645,0.7900795492816929,0.805155541533525
0021900460,2019-12-26,2019-20,DET,WAS,1,0.5686981247320075,0.561313344225577,0.5612246721954208,0.5612345774615218,0.5710741290917357
0021900461,2019-12-26,2019-20,BKN,NYK,0,0.8101764867847386,0.8171145907607741,0.8152789452126112,0.8152882596786927,0.7845338522655061
0021900462,2019-12-26,2019-20,OKC,MEM,0,0.7620287947306874,0.7733422820626356,0.7726299698016689,0.7726190764111123,0.7665574689365525
0021900463,2019-12-26,2019-20,DAL,SAS,1,0.7284287266946216,0.6957239892186382,0.6964496167943591,0.6964707626511993,0.7021826834112207
0021900464,2019-12-26,2019-20,SAC,MIN,0,0.638913088597772,0.6365168039175536,0.6353674076404312,0.6353601800005658,0.6358283871069078
0021900465,2019-12-26,2019-20,UTA,POR,1,0.6414893234753948,0.6399841759816923,0.6388911700033132,0.6388695937901975,0.6421376787383004
0021900466,2019-12-27,2019-20,BOS,CLE,1,0.8543776852309306,0.8641099749716428,0.8647579898143675,0.8647614910741909,0.8465167852665967
0021900467,2019-12-27,2019-20,CHA,OKC,0,0.4529184051811576,0.45089838682151284,0.4499123314249543,0.449933374091139,0.4239119485448906
0021900468,2019-12-27,2019-20,ORL,PHI,1,0.4198596515127438,0.4164094836317203,0.4165088963158208,0.4164830933880876,0.4136781463593173
0021900469,2019-12-27,2019-20,ATL,MIL,0,0.14400839440778598,0.17368799310496372,0.172171882430167,0.1721402866197212,0.1869570869300807
0021900470,2019-12-27,2019-20,MIA,IND,1,0.5851814724869224,0.5752697275726615,0.5749825052816918,0.5749575238724474,0.6185245874697467
0021900471,2019-12-27,2019-20,GSW,PHX,1,0.45827423287114155,0.40922929801997016,0.4125608070629127,0.41252841935888457,0.4346954892855134
0021900472,2019-12-28,2019-20,DEN,MEM,1,0.7931665014605992,0.7921038942855928,0.7912050417589817,0.7911891782256566,0.779647076539114
0021900473,2019-12-28,2019-20,BOS,TOR,0,0.6058700055263289,0.638129365230411,0.6372706092017891,0.6372525695913889,0.6451689011571105
0021900474,2019-12-28,2019-20,NOP,IND,1,0.45591083335947624,0.45027433901883834,0.4491429739931897,0.4490996250858402,0.48438730821525305
0021900475,2019-12-28,2019-20,MIA,PHI,1,0.5819815381476989,0.5756018391709069,0.5753435504824751,0.5753585261836357,0.5803904915980108
0021900476,2019-12-28,2019-20,WAS,NYK,0,0.6200594590089249,0.6043295761761427,0.6046793942666849,0.6046702791548079,0.612273822338624
0021900477,2019-12-28,2019-20,CHI,ATL,1,0.7712901969368822,0.7492664603943895,0.7492295867821118,0.7492638376405683,0.720399405710195
0021900478,2019-12-28,2019-20,HOU,BKN,1,0.7382769863415569,0.6873765497948217,0.6883610339781234,0.6883259566536739,0.7333343703077068
0021900479,2019-12-28,2019-20,MIN,CLE,0,0.7188260365597127,0.7835727377233573,0.7820911277932037,0.7820828869145345,0.769898503995566
0021900480,2019-12-28,2019-20,MIL,ORL,1,0.8037939868435872,0.7934197106287729,0.7944694401277029,0.7944827450542253,0.793478198135512
0021900481,2019-12-28,2019-20,SAS,DET,1,0.6084134528599491,0.6086318724979308,0.6069936308793819,0.6070143082427423,0.5715283200132442
0021900482,2019-12-28,2019-20,GSW,DAL,0,0.24073221604556633,0.24533742028080238,0.2444211503015567,0.24440531960058096,0.26117624714866094
0021900483,2019-12-28,2019-20,SAC,PHX,0,0.6429787348501718,0.5830764345616628,0.5860489562189719,0.5859865374583906,0.6723612573849862
0021900484,2019-12-28,2019-20,POR,LAL,0,0.34953601882465735,0.3588400841484732,0.3604034943097135,0.36044559786323455,0.3150381998987356
0021900485,2019-12-28,2019-20,LAC,UTA,0,0.7206726035493055,0.7256903812287527,0.7239298231324869,0.7239132947227988,0.7119043236031243
0021900486,2019-12-29,2019-20,TOR,OKC,0,0.5904058742202831,0.6286445491564838,0.6265196805185579,0.6265703007542409,0.6044399939429255
0021900487,2019-12-29,2019-20,MEM,CHA,1,0.5386386612623684,0.48223510204530085,0.48286801468457885,0.4828355465020579,0.5277886683326033
0021900488,2019-12-29,2019-20,NOP,HOU,1,0.37421978289841235,0.48769674611387226,0.4828820814697639,0.48288838224875036,0.5104509565951749
0021900489,2019-12-29,2019-20,DEN,SAC,1,0.7463092143671358,0.7465278272463396,0.7465908390453693,0.7466004283423553,0.721105315693826
0021900490,2019-12-29,2019-20,LAL,DAL,1,0.6134283285585249,0.6067319096810738,0.6052198909266695,0.6051826228590798,0.6224228640769782
0021900491,2019-12-30,2019-20,ORL,ATL,0,0.7815926297229971,0.7351502052179385,0.7369309543921532,0.7369171374388939,0.7913870669565964
0021900492,2019-12-30,2019-20,WAS,MIA,1,0.256469759596245,0.25361668633442463,0.2542306003685979,0.25423980936835433,0.24176246968800222
0021900493,2019-12-30,2019-20,CHI,MIL,0,0.23922128342694624,0.19870597310731816,0.1990872199523533,0.19909912845652114,0.18100886820341672
0021900494,2019-12-30,2019-20,MIN,BKN,1,0.4510962705158972,0.44252722109396936,0.44261462049847855,0.44259139484171367,0.453720408256414
0021900495,2019-12-30,2019-20,UTA,DET,1,0.701642364196305,0.7538072191994352,0.7512686456343624,0.751293799703154,0.7238376619296759
0021900496,2019-12-30,2019-20,POR,PHX,0,0.6245886494361548,0.5999834769186504,0.6013209593367698,0.6013214991013947,0.6436484698275952
0021900497,2019-12-31,2019-20,CHA,BOS,0,0.23924638125488434,0.24191572179352908,0.24159283539744836,0.24163063133975748,0.20461942334529976
0021900498,2019-12-31,2019-20,IND,PHI,1,0.4893108242809193,0.5818808968525195,0.579813587194484,0.5798295658116999,0.5779805857583364
0021900499,2019-12-31,2019-20,SAC,LAC,0,0.33202336856167725,0.4128511055217703,0.4098019422357346,0.40983127190748697,0.3937567900554658
0021900500,2019-12-31,2019-20,TOR,CLE,1,0.8352140975358905,0.8370323540679175,0.8371529702355855,0.8371556585690537,0.7870884998908878
0021900501,2019-12-31,2019-20,HOU,DEN,1,0.49473024424621836,0.5425222577579744,0.5426193224312801,0.5426278511313715,0.5751514834145167
0021900502,2019-12-31,2019-20,SAS,GSW,1,0.6942777621768834,0.783766423261557,0.7808783813153207,0.780906907200282,0.7678542280826653
0021900503,2019-12-31,2019-20,OKC,DAL,1,0.4532053817767877,0.4495441356173714,0.4488187486763444,0.4488674844510245,0.4286844648405875
0021900504,2020-01-01,2019-20,WAS,ORL,0,0.46651345827679114,0.45698191324679777,0.46539001282162024,0.4653977687400976,0.48845527126243243
0021900505,2020-01-01,2019-20,NYK,POR,1,0.39587524380294586,0.41476442631257493,0.4124926961798562,0.41247773575961133,0.42382507899024846
0021900506,2020-01-01,2019-20,MIL,MIN,1,0.8919934701202948,0.9169253879807305,0.9157890532054559,0.9157945566241824,0.9192646140946198
0021900507,2020-01-01,2019-20,LAL,PHX,1,0.798425122624149,0.8102946292440942,0.8090031593913726,0.8089967804457646,0.8138092226463934
0021900508,2020-01-02,2019-20,CLE,CHA,0,0.5478592389202839,0.5466801882476349,0.5451010835782429,0.5450755873318051,0.5785740865107653
0021900509,2020-01-02,2019-20,IND,DEN,0,0.5615526882936408,0.49642683873277815,0.4982434320126466,0.49819728011038694,0.5167639921410656
0021900510,2020-01-02,2019-20,MIA,TOR,1,0.5398947398170302,0.5418474490309946,0.5397075850358052,0.539685436658983,0.5575559437140575
0021900511,2020-01-02,2019-20,CHI,UTA,0,0.3949139060853639,0.36050732154374326,0.3611712546262489,0.3611650286275123,0.4001227462331194
0021900512,2020-01-02,2019-20,MIN,GSW,1,0.5744194822007779,0.5768176264122066,0.5752749464141977,0.5752515702915384,0.5983899925738742
0021900513,2020-01-02,2019-20,DAL,BKN,1,0.7259125231291544,0.7230575196260429,0.7229246804792782,0.722935129719316,0.7040164823502018
0021900514,2020-01-02,2019-20,SAS,OKC,0,0.5087515958527151,0.49740577842041417,0.4969691001405786,0.4969542102062504,0.5076001256819062
0021900515,2020-01-02,2019-20,SAC,MEM,1,0.5786123584322909,0.577754237635286,0.5783154797861628,0.5782920318931525,0.6111951651078179
0021900516,2020-01-02,2019-20,LAC,DET,1,0.7931357845936343,0.7957805288958659,0.7958137833155267,0.7958116157985705,0.8113657948101057
0021900517,2020-01-03,2019-20,BOS,ATL,1,0.8810746987379441,0.8364730121139612,0.8382408821221756,0.838234015301551,0.8595996111132843
0021900518,2020-01-03,2019-20,ORL,MIA,1,0.5272804281554724,0.4655842121704263,0.46818319155184435,0.4681444081165006,0.5112843161778265
0021900519,2020-01-03,2019-20,WAS,POR,0,0.48026474351598086,0.4386748329840114,0.43901774438455005,0.438972752461658,0.4986125946849615
0021900520,2020-01-03,2019-20,HOU,PHI,1,0.6556435284422265,0.6660550754175318,0.6645293035973984,0.6645359318150793,0.6092830609630475
0021900521,2020-01-03,2019-20,PHX,NYK,1,0.6291915159534445,0.6601760670457848,0.6490136752462907,0.648996598774797,0.6160658655051995
0021900522,2020-01-03,2019-20,LAL,NOP,1,0.7502274971246737,0.733706921952003,0.7350979917253502,0.735063509482462,0.7454079427231467
0021900523,2020-01-04,2019-20,LAC,MEM,0,0.8059513433835609,0.7880470826931103,0.7883734284796188,0.7883607214947208,0.8087327755518071
0021900524,2020-01-04,2019-20,BKN,TOR,0,0.4091370022061655,0.40321747046639833,0.4023842018287607,0.4023596352021337,0.4286154031901052
0021900525,2020-01-04,2019-20,ORL,UTA,0,0.42423551068027415,0.43269743765802937,0.43172855788963316,0.4317244449225674,0.42764893792252423
0021900526,2020-01-04,2019-20,ATL,IND,1,0.21682449473517915,0.15859559762516648,0.1601490803724677,0.16010175930505266,0.22779162087888777
0021900527,2020-01-04,2019-20,CLE,OKC,0,0.2969385099832011,0.2578182180234182,0.2592810812770061,0.25922046895248746,0.32303400804354004
0021900528,2020-01-04,2019-20,WAS,DEN,1,0.20564295023575693,0.21271449020612535,0.21292040811488921,0.21293234793254412,0.209749403737713
0021900529,2020-01-04,2019-20,CHI,BOS,0,0.4157982038823232,0.39291252332283233,0.39301889503870896,0.3929728136302183,0.41740326015695045
0021900530,2020-01-04,2019-20,DAL,CHA,0,0.8264783999565111,0.8233163173596222,0.8226957933155868,0.8226893048826519,0.844406173720984
0021900531,2020-01-04,2019-20,MIL,SAS,1,0.8467375640132735,0.8300006177208532,0.8288898292241558,0.8288948688262416,0.8047096944496743
0021900532,2020-01-04,2019-20,GSW,DET,0,0.4876129428620139,0.49946034103744474,0.49901806451117703,0.4990109135243255,0.495501437466048
0021900533,2020-01-04,2019-20,SAC,NOP,0,0.5652917081294535,0.5022534817030702,0.5055630277745982,0.5055298549897486,0.5693005996992061
0021900534,2020-01-05,2019-20,LAC,NYK,1,0.740142592449487,0.7741206732176377,0.7737503150513674,0.7737447329742116,0.8128694917109875
0021900535,2020-01-05,2019-20,MIA,POR,1,0.6857555540558964,0.6783368095674748,0.7191084810401884,0.7191178398025279,0.6899786008071576
0021900536,2020-01-05,2019-20,CLE,MIN,0,0.39151043490569976,0.27284205446869897,0.27527370296785264,0.2752649372848852,0.3197576415471038
0021900537,2020-01-05,2019-20,PHX,MEM,0,0.6397154193928906,0.6232123365113997,0.6230701773933707,0.6230344779024383,0.6476875784769843
0021900538,2020-01-05,2019-20,LAL,DET,1,0.876811251132374,0.873453744389478,0.8725602784421855,0.8725369922950533,0.8993788848896016
0021900539,2020-01-06,2019-20,CHA,IND,0,0.34590909175835005,0.31868905247433144,0.3194116802515388,0.31938742058182945,0.3466067810334897
0021900540,2020-01-06,2019-20,ORL,BKN,1,0.6244085992865873,0.6633465250471172,0.6613150213285539,0.661340451453472,0.6482006409563051
0021900541,2020-01-06,2019-20,PHI,OKC,1,0.6157818316022732,0.6175072545181661,0.615450280820253,0.6154570677783027,0.592536522454917
0021900542,2020-01-06,2019-20,WAS,BOS,1,0.2613866644732727,0.261902758194354,0.2614223654241353,0.261411450862308,0.27383825003072737
0021900543,2020-01-06,2019-20,ATL,DEN,0,0.2550362618224934,0.24455132569885044,0.24492046701223144,0.24490422299612613,0.23316500176601884
0021900544,2020-01-06,2019-20,NOP,UTA,0,0.42756150858675673,0.3622664722192414,0.3631785771375095,0.3631313904365303,0.40978174545946255
0021900545,2020-01-06,2019-20,DAL,CHI,1,0.7379910083596516,0.7453995996692554,0.7450208124413825,0.7450478345354533,0.7485918160775278
0021900546,2020-01-06,2019-20,SAS,MIL,1,0.2763604623909714,0.2982515326202327,0.29730628991270946,0.297299401421716,0.2560955453084075
0021900547,2020-01-06,2019-20,SAC,GSW,1,0.6788655454443145,0.7446933505107571,0.7414526460874336,0.7414440111110072,0.7450329042154348
0021900548,2020-01-07,2019-20,CLE,DET,0,0.39498337054630867,0.3554931553995027,0.3564800140231739,0.35645498716793295,0.4457993581965337
0021900549,2020-01-07,2019-20,TOR,POR,0,0.7610221016349652,0.6807859925594772,0.6819918018168195,0.6819773851402269,0.69248217075765
0021900550,2020-01-07,2019-20,BKN,OKC,0,0.42693465638459804,0.4656760315183873,0.46447538947166683,0.46450750279437486,0.4574678680175795
0021900551,2020-01-07,2019-20,MEM,MIN,1,0.579261397806356,0.5657809040005346,0.5659042207433659,0.5659277645787065,0.5654411451942675
0021900552,2020-01-07,2019-20,PHX,SAC,0,0.6329504543858276,0.6397099071251384,0.6387608762203161,0.6387908618207488,0.6119184918846078
0021900553,2020-01-07,2019-20,LAL,NYK,1,0.8557740830765703,0.8808069244998683,0.8793421839065105,0.8793491963679491,0.877963167189263
0021900554,2020-01-08,2019-20,BOS,SAS,0,0.6693717525551585,0.6713769217229604,0.6718078638843016,0.6718071246600824,0.6923389284999163
0021900555,2020-01-08,2019-20,CHA,TOR,0,0.3984685630914308,0.3875752478679079,0.3869803155481292,0.3869428961658978,0.41876969135549347
0021900556,2020-01-08,2019-20,IND,MIA,0,0.5615475510910027,0.5252893676778597,0.5265495151101574,0.5265384950042712,0.5354583974014959
0021900557,2020-01-08,2019-20,ORL,WAS,1,0.6934489962964553,0.710001878384933,0.7088268885032827,0.7088386795058798,0.6912263037063204
0021900558,2020-01-08,2019-20,ATL,HOU,0,0.1821174466440002,0.2124748374858429,0.21316994787495294,0.2131666266934138,0.20319836489156637
0021900559,2020-01-08,2019-20,DAL,DEN,0,0.5659601051091924,0.5755040478510629,0.5751005465006116,0.5751759733623923,0.5826634429607702
0021900560,2020-01-08,2019-20,NOP,CHI,1,0.6198241418320226,0.6552154548844011,0.6527660821030691,0.6527844571889838,0.6510082160192604
0021900561,2020-01-08,2019-20,UTA,NYK,1,0.8689225848144673,0.8854351261982601,0.8864863454657947,0.8864911087182931,0.8720179946674187
0021900562,2020-01-08,2019-20,GSW,MIL,0,0.13401570216576622,0.1253951771034407,0.12652983358681663,0.1265475034461518,0.13120883268943362
0021900563,2020-01-09,2019-20,DET,CLE,0,0.6874890352000143,0.6830104453118441,0.6828440561917597,0.682859887005571,0.679303729888369
0021900564,2020-01-09,2019-20,PHI,BOS,1,0.6235073887351194,0.5081369208751725,0.510699595067053,0.5106660254745956,0.5333597358223606
0021900565,2020-01-09,2019-20,MIN,POR,1,0.5307289064350181,0.51858555373386,0.5178320867668827,0.5178059259066408,0.5452946409210793
0021900566,2020-01-09,2019-20,OKC,HOU,1,0.5350849389552094,0.5401179362707735,0.5401287151737899,0.5401514379181597,0.5239294925690284
0021900567,2020-01-10,2019-20,WAS,ATL,1,0.6016768741881504,0.6034471979703947,0.6035944524930238,0.6036280597240203,0.585548043109491
0021900568,2020-01-10,2019-20,BKN,MIA,1,0.3922509066496839,0.35388443039260253,0.35504686275094643,0.3550270934696783,0.3583904051370405
0021900569,2020-01-10,2019-20,NYK,NOP,0,0.3342721517124863,0.29210410929977615,0.2938519999906381,0.29390248713679057,0.30595556966404325
0021900570,2020-01-10,2019-20,CHI,IND,0,0.4135723809959897,0.41683974480542785,0.41591340558001394,0.4159064020689155,0.46507663986583914
0021900571,2020-01-10,2019-20,MEM,SAS,1,0.4636880513443884,0.43916691935079444,0.4390738904822396,0.43908815074549373,0.4562644510987134
0021900572,2020-01-10,2019-20,DAL,LAL,0,0.4731242156423969,0.492797055247632,0.49293847049292944,0.49301044721380444,0.47212621692268225
0021900573,2020-01-10,2019-20,PHX,ORL,1,0.42018675191486415,0.4612447817722087,0.47743090718848624,0.47749434177076133,0.4234813927902384
0021900574,2020-01-10,2019-20,UTA,CHA,1,0.8106185793516228,0.8111593116649027,0.8098150424072261,0.8098076051371947,0.8165365834161672
0021900575,2020-01-10,2019-20,SAC,MIL,0,0.25383497427471957,0.25481162281437136,0.25444708477118244,0.2544455269771052,0.2587364010209737
0021900576,2020-01-10,2019-20,LAC,GSW,1,0.8506245938780479,0.8346117661372116,0.8335272504105807,0.8335109103412219,0.8548788260579536
0021900577,2020-01-11,2019-20,HOU,MIN,1,0.7616274124592279,0.7521264032929736,0.75201508065982,0.7520022753902733,0.7466355899536246
0021900578,2020-01-11,2019-20,BOS,NOP,1,0.7507732321427291,0.8401385050388019,0.8380156931666454,0.8380324782531988,0.8309013707089842
0021900579,2020-01-11,2019-20,DET,CHI,0,0.6304918427644745,0.597889159348273,0.599567611155372,0.5995853811258716,0.5936383133827711
0021900580,2020-01-11,2019-20,OKC,LAL,0,0.5475702274164357,0.6611296813136345,0.6578348653206433,0.6578627333169459,0.6665327989346624
0021900581,2020-01-11,2019-20,DAL,PHI,1,0.5241803544949226,0.5325529737018929,0.531282079392424,0.5312755686427577,0.5464982725896119
0021900582,2020-01-11,2019-20,DEN,CLE,0,0.833482139454512,0.8307556260489625,0.8302319741955532,0.8302361566995281,0.8293788682995533
0021900583,2020-01-11,2019-20,POR,MIL,0,0.29880193536835076,0.2537160044315901,0.25606424964025737,0.25604764007887854,0.26333200123312395
0021900584,2020-01-12,2019-20,NYK,MIA,1,0.2424594221764259,0.26709196427044263,0.26710765766673567,0.2671014317449692,0.24249885386203193
0021900585,2020-01-12,2019-20,WAS,UTA,0,0.2870288580589371,0.3312944906251116,0.32960275462952215,0.3296388634449149,0.331244062380989
0021900586,2020-01-12,2019-20,BKN,ATL,1,0.7070515686647065,0.7190016766824314,0.73014898126165,0.7302045184941066,0.6982283316461119
0021900587,2020-01-12,2019-20,TOR,SAS,0,0.6078724754801744,0.6195653078890898,0.6216706836213841,0.6216961305135986,0.6203954001220902
0021900588,2020-01-12,2019-20,MEM,GSW,1,0.7152639635360137,0.7379900359002474,0.7360517924233462,0.7361268785571671,0.6846546821645348
0021900589,2020-01-12,2019-20,DEN,LAC,1,0.44138051000957557,0.43109524311577074,0.43113258513407066,0.43116714339554935,0.45044157374831506
0021900590,2020-01-12,2019-20,PHX,CHA,1,0.6327386193153468,0.6373052108160917,0.6361330909313008,0.6361100628402214,0.6566127537512488
0021900591,2020-01-13,2019-20,DET,NOP,0,0.5439984421987618,0.5018909857233617,0.5013247529531469,0.5013435174771896,0.5495644616240011
0021900592,2020-01-13,2019-20,IND,PHI,1,0.5392288774220472,0.5566034840412696,0.5553913962756509,0.5553802464820052,0.603955873064585
0021900593,2020-01-13,2019-20,BOS,CHI,1,0.7780506726262864,0.7571830640858171,0.7575664019155923,0.7575592640405806,0.7931596942921801
0021900594,2020-01-13,2019-20,MIN,OKC,0,0.38226507391312364,0.3691762830872975,0.36913238515404895,0.36912645585982395,0.3684359416272893
0021900595,2020-01-13,2019-20,POR,CHA,1,0.7206914688674468,0.7020002184486681,0.7030990122266798,0.7030676306165141,0.7268894076937352
0021900596,2020-01-13,2019-20,SAC,ORL,0,0.4644043576583116,0.43509671684416024,0.4355931881588314,0.4355689771685524,0.4642151778248252
0021900597,2020-01-13,2019-20,LAL,CLE,1,0.8378893195746138,0.8569701133907215,0.857031537741768,0.857039251062087,0.8863698749672321
0021900598,2020-01-14,2019-20,ATL,PHX,1,0.40760204511839393,0.437518589493622,0.4361052849804533,0.4360994136422461,0.44745382818415613
0021900599,2020-01-14,2019-20,BKN,UTA,0,0.3793677439519095,0.3143639777333148,0.31628898829440966,0.3162225957637172,0.37101593975006925
0021900600,2020-01-14,2019-20,MEM,HOU,1,0.36712818599248903,0.4131004746590568,0.41185721029505923,0.4118898410506092,0.34962505111811426
0021900601,2020-01-14,2019-20,MIL,NYK,1,0.9074161842098349,0.9066852658296931,0.9062224034075147,0.9062131826812245,0.8952202295743366
0021900602,2020-01-14,2019-20,GSW,DAL,0,0.24762329499096805,0.22897665166626552,0.2295010364964944,0.22948184406472635,0.26192094289201473
0021900603,2020-01-14,2019-20,LAC,CLE,1,0.8715546826633562,0.9109471216245668,0.9100083317812154,0.910007507783393,0.8857312649537525
0021900604,2020-01-15,2019-20,BOS,DET,0,0.8165401185498583,0.7874568399760216,0.7875167930239039,0.7874941338144528,0.8131198371669903
0021900605,2020-01-15,2019-20,PHI,BKN,1,0.7503889192511173,0.7221021032848796,0.7232614658743594,0.7232628168119107,0.7211381698466681
0021900606,2020-01-15,2019-20,MIA,SAS,1,0.5949558015376124,0.5849858644615453,0.5849844521295523,0.5849862550776785,0.6168717548245398
0021900607,2020-01-15,2019-20,CHI,WAS,1,0.5539794982822469,0.5596327584845305,0.5603441869156786,0.5603587423045239,0.5389300330628662
0021900608,2020-01-15,2019-20,MIN,IND,0,0.35781778712579915,0.36280906274964686,0.3627153681918372,0.36273383433859496,0.34080462995340716
0021900609,2020-01-15,2019-20,OKC,TOR,0,0.5597673477361516,0.5418453770764741,0.5414577818231179,0.5414114626745652,0.5555830734721453
0021900610,2020-01-15,2019-20,DEN,CHA,1,0.7957224753493956,0.7652388136991417,0.7488633929356594,0.7488427065594808,0.7693976111034707
0021900611,2020-01-15,2019-20,HOU,POR,0,0.7041710442541051,0.709852864960333,0.7086329565972438,0.708637684933328,0.7534435380435527
0021900612,2020-01-15,2019-20,SAC,DAL,0,0.44350549825562413,0.40066486200955015,0.40120794477860466,0.4011782849700162,0.42551562053025005
0021900613,2020-01-15,2019-20,LAL,ORL,0,0.751770015223264,0.7966123950933159,0.7944111309369751,0.794426917496582,0.7956678178356561
0021900614,2020-01-16,2019-20,NYK,PHX,0,0.481980554490272,0.5635904359240175,0.5605610229143931,0.5605721076215753,0.5150504127019215
0021900615,2020-01-16,2019-20,MIL,BOS,1,0.782802824003253,0.7737873071247506,0.7731870688819793,0.7731919232879594,0.7676548022972765
0021900616,2020-01-16,2019-20,NOP,UTA,1,0.3244607963336574,0.3676321714449479,0.3672587078066367,0.36725406732250365,0.36448053106615363
0021900617,2020-01-16,2019-20,GSW,DEN,0,0.3422893254939373,0.36852615409038963,0.36770110240218307,0.3676844354180652,0.35220149526552885
0021900618,2020-01-16,2019-20,LAC,ORL,1,0.7225650007491038,0.6908293903068735,0.6912022424817454,0.6911978720933663,0.6984900484604483
0021900619,2020-01-17,2019-20,IND,MIN,1,0.7541854181803755,0.7472250534948551,0.7462885856068482,0.7462869191013448,0.7796679229377286
0021900620,2020-01-17,2019-20,PHI,CHI,1,0.7364655159050757,0.7360997085242443,0.7355022353283013,0.7355261194544224,0.7309071373167498
0021900621,2020-01-17,2019-20,TOR,WAS,1,0.7924284736879371,0.7770985581322498,0.7773136955621393,0.7773355632120162,0.7719816437528445
0021900622,2020-01-17,2019-20,MEM,CLE,1,0.7836113690620053,0.8006510225221521,0.7998253657911127,0.799828063855603,0.7360912587242907
0021900623,2020-01-17,2019-20,OKC,MIA,0,0.5498678704947592,0.5287749741293483,0.5295539631171006,0.5295458203268262,0.517660579854394
0021900624,2020-01-17,2019-20,SAS,ATL,0,0.7870568821416996,0.7660598244398202,0.76703991355095,0.7670246976227145,0.7896000111822917
0021900625,2020-01-17,2019-20,DAL,POR,1,0.7301360492708598,0.7593499024899909,0.7581549707662932,0.7581633278472619,0.7520349047070735
0021900626,2020-01-18,2019-20,NOP,LAC,0,0.40563984832330574,0.4435426688992768,0.4417008168072809,0.4417089325075637,0.4467753225044455
0021900627,2020-01-18,2019-20,BKN,MIL,0,0.22844922689420738,0.17929295224174382,0.18476894564393587,0.1847436049201891,0.24094389390469884
0021900628,2020-01-18,2019-20,BOS,PHX,0,0.7730406240600032,0.7207247743455372,0.7219911681464294,0.7219866856112145,0.7274134490261731
0021900629,2020-01-18,2019-20,ATL,DET,0,0.40836395981018797,0.4274760737959434,0.4256888697336936,0.42564292474896875,0.4883347612049533
0021900630,2020-01-18,2019-20,NYK,PHI,0,0.3507987426434853,0.31236687040613004,0.31307279174586927,0.31300857476380106,0.3796621996267833
0021900631,2020-01-18,2019-20,CHI,CLE,1,0.672301648494011,0.6838327958946369,0.6834798572215244,0.6835043811382807,0.6559145680605246
0021900632,2020-01-18,2019-20,MIN,TOR,0,0.3353598232099814,0.3012409939907373,0.30193144790122467,0.301919841782584,0.31250296895738
0021900633,2020-01-18,2019-20,HOU,LAL,0,0.4610766450843555,0.4146745072474064,0.4160254862450482,0.4160063750070948,0.45626507014975504
0021900634,2020-01-18,2019-20,GSW,ORL,1,0.31640159616332997,0.21600254481247647,0.21883719502748725,0.21880536617475332,0.25532909855242175
0021900635,2020-01-18,2019-20,OKC,POR,1,0.6987004675109058,0.6981578511204273,0.7363462582460936,0.7363563737692707,0.7316991288945279
0021900636,2020-01-18,2019-20,UTA,SAC,1,0.7434687221431648,0.7289745925231433,0.7542907542730677,0.7543308696477943,0.7365107189156322
0021900637,2020-01-19,2019-20,SAS,MIA,1,0.47992606081213,0.4719319025445682,0.4727312930090246,0.4727129101749823,0.4733095130625268
0021900638,2020-01-19,2019-20,DEN,IND,0,0.5193650196363542,0.5141161723932194,0.5148559764794018,0.5149028966239344,0.47728877987498913
0021900639,2020-01-20,2019-20,WAS,DET,1,0.496140378853022,0.4907328924028637,0.48498494776547413,0.48493697528251223,0.5438839103059627
0021900640,2020-01-20,2019-20,ATL,TOR,0,0.20629253721497112,0.20498735927554793,0.20456538484435158,0.20454136318379498,0.19782249892326856
0021900641,2020-01-20,2019-20,BKN,PHI,0,0.37872334406186803,0.2911846925923496,0.2941361476773801,0.29409735479972565,0.3755522688168849
0021900642,2020-01-20,2019-20,CHA,ORL,0,0.41362970174117475,0.41500224510903777,0.4133999827935575,0.4133963140415989,0.39989029847803137
0021900643,2020-01-20,2019-20,CLE,NYK,0,0.5471293390013806,0.536475953897648,0.5367815126308985,0.5367926969636757,0.5368051849508446
0021900644,2020-01-20,2019-20,MIA,SAC,1,0.6833266560463591,0.6890884703197333,0.6875998405228896,0.6876103112346056,0.6614639105807295
0021900645,2020-01-20,2019-20,HOU,OKC,0,0.6038282160063808,0.6057939964365199,0.6044656119166676,0.6044495821746716,0.6065752754924008
0021900646,2020-01-20,2019-20,MEM,NOP,0,0.5651184582810149,0.5735144492131663,0.5729763040162428,0.5730161063534354,0.5792406633762023
0021900647,2020-01-20,2019-20,MIL,CHI,1,0.860102919502171,0.8504587069866417,0.8503889585619504,0.8504050073144962,0.8531406937611765
0021900648,2020-01-20,2019-20,BOS,LAL,1,0.4034553398244716,0.3993306050785957,0.40066156920670876,0.40067274874088576,0.4035994481146389
0021900649,2020-01-20,2019-20,MIN,DEN,0,0.4802519903827629,0.45803900940589676,0.45820727746260287,0.45817265256458084,0.4664662575960251
0021900650,2020-01-20,2019-20,PHX,SAS,0,0.5367421962309422,0.4569761018553164,0.45902875029057444,0.4589912043249761,0.49500133512829253
0021900651,2020-01-20,2019-20,UTA,IND,1,0.6633571323892482,0.6436330269330692,0.6450176936108528,0.6450244347894587,0.6684832459368683
0021900652,2020-01-20,2019-20,POR,GSW,1,0.6911055428563496,0.69159805219017,0.6908950081274922,0.6909233183660097,0.7033147011705073
0021900653,2020-01-21,2019-20,DAL,LAC,0,0.5762243219809614,0.5747429435318826,0.5743437144135127,0.5743469546869997,0.5725644163961354
0021900654,2020-01-22,2019-20,DET,SAC,1,0.5569418265100831,0.5260437401158219,0.5276800244847506,0.5276546746210957,0.5926475087403684
0021900655,2020-01-22,2019-20,ORL,OKC,0,0.461309374144098,0.4741165989268078,0.47356737280872147,0.47358256678344285,0.46542143663940905
0021900656,2020-01-22,2019-20,ATL,LAC,1,0.2744830271149274,0.3468102804396217,0.3440811633473212,0.34404831841508293,0.3600316899128532
0021900657,2020-01-22,2019-20,BOS,MEM,1,0.7125085978970152,0.7025362408853832,0.7031923426971519,0.7031382479324834,0.7381665109294815
0021900658,2020-01-22,2019-20,MIA,WAS,1,0.7438969473582249,0.7527871710902829,0.7528564333116459,0.7528446580005436,0.7640558239262889
0021900659,2020-01-22,2019-20,NYK,LAL,0,0.22539594086259318,0.1990420682997286,0.19920727992632212,0.19920791094678025,0.20553213009123458
0021900660,2020-01-22,2019-20,TOR,PHI,1,0.6477511818980753,0.6539852744965748,0.6526207338562887,0.6526076712339539,0.6865116718055209
0021900661,2020-01-22,2019-20,CHI,MIN,1,0.5870355991267967,0.5875945371675385,0.5865402865276396,0.5865284756565035,0.6057986608077454
0021900662,2020-01-22,2019-20,HOU,DEN,1,0.6195731389230417,0.6421196870234539,0.639495373785256,0.6394897157247863,0.636216334389673
0021900663,2020-01-22,2019-20,NOP,SAS,0,0.5123983826195944,0.49691280647413877,0.4973808753813257,0.4973424593260326,0.5595722934527141
0021900664,2020-01-22,2019-20,PHX,IND,0,0.39946668486231196,0.39832622026340236,0.3826446922121129,0.38264017215840795,0.38349394677147264
0021900665,2020-01-22,2019-20,GSW,UTA,0,0.19426474416292774,0.17704730694401144,0.17797425162932992,0.17798863698784886,0.19107229967183015
0021900666,2020-01-23,2019-20,CLE,WAS,0,0.5312467852144384,0.5159660233211772,0.5164030906500826,0.5163844697783662,0.5472107863181355
0021900667,2020-01-23,2019-20,BKN,LAL,0,0.3219450861047063,0.30676926680927163,0.30876944276501567,0.3087804231885035,0.32358832625010203
0021900668,2020-01-23,2019-20,POR,DAL,0,0.32728501700272455,0.33607608194412125,0.3355401427732459,0.33558736318757176,0.30378010859080967
0021900669,2020-01-24,2019-20,CHA,MIL,0,0.1536244256568875,0.15057908478162788,0.15105102648099153,0.15103809149315114,0.15376806643034194
0021900670,2020-01-24,2019-20,DET,MEM,0,0.5705108285033624,0.5460665966076302,0.5459907864876262,0.545971884870591,0.5577777392703075
0021900671,2020-01-24,2019-20,ORL,BOS,0,0.37757230246367396,0.4341872810056293,0.43194237257181534,0.4319771828285453,0.39330468903630206
0021900672,2020-01-24,2019-20,NYK,TOR,0,0.2289980828107417,0.22430076306200136,0.2240273158360201,0.22401004088804707,0.22594354401269015
0021900673,2020-01-24,2019-20,MIA,LAC,0,0.5716507440997791,0.5124171640679417,0.5121302856861502,0.512069693819278,0.5557241786472046
0021900674,2020-01-24,2019-20,CHI,SAC,0,0.5744300560504942,0.5292955929596093,0.5303402850766286,0.5303032049932163,0.5704442508508788
0021900675,2020-01-24,2019-20,MIN,HOU,0,0.2930783656960177,0.2788755999033966,0.2795042119716155,0.2795273172027632,0.2539275969444027
0021900676,2020-01-24,2019-20,NOP,DEN,0,0.5454756045635234,0.5689559100735054,0.5660875428496387,0.5660372809682206,0.5490926717032892
0021900677,2020-01-24,2019-20,OKC,ATL,1,0.8089962572157952,0.8030348053883466,0.8032068260195601,0.8032334231073445,0.7908256950353758
0021900678,2020-01-24,2019-20,SAS,PHX,0,0.7240922622798848,0.7278513000461089,0.7267200281037776,0.7267146861189857,0.7401842824780118
0021900679,2020-01-24,2019-20,GSW,IND,0,0.25025660592057114,0.2545651445310775,0.2547820056948572,0.2547925021850153,0.2328201277587142
0021900680,2020-01-25,2019-20,UTA,DAL,1,0.5803807479232997,0.5793509738181959,0.5787096247426919,0.578716734220179,0.6095005391136106
0021900681,2020-01-25,2019-20,DET,BKN,0,0.5273315686619101,0.4724360694514394,0.47402463863751676,0.474010870137362,0.4582885364880443
0021900682,2020-01-25,2019-20,CLE,CHI,0,0.5281679977415795,0.5018626654242173,0.5020098086115705,0.5019914619999333,0.5220505751958976
0021900683,2020-01-25,2019-20,MIN,OKC,0,0.31811034193049503,0.35419032019162183,0.3526670389961167,0.35273032728113446,0.2990904851173611
0021900684,2020-01-25,2019-20,PHI,LAL,1,0.42643558780028556,0.3912289793248842,0.3929212297475733,0.3929044319925728,0.34118430514420006
0021900685,2020-01-26,2019-20,DEN,HOU,1,0.48072155128874533,0.49377881241738497,0.4940676713766681,0.4940976669663349,0.5141136476320665
0021900686,2020-01-26,2019-20,SAS,TOR,0,0.3983365080018292,0.3905562999562393,0.3911414383962717,0.3911400794008731,0.3955081238839259
0021900687,2020-01-26,2019-20,ATL,WAS,1,0.46705242857712626,0.41598589589372886,0.41758936647033246,0.41754869890877216,0.46911487589298356
0021900688,2020-01-26,2019-20,NYK,BKN,1,0.5428687729785092,0.5211118320661127,0.5670895242186602,0.567097438853022,0.590217964400322
0021900689,2020-01-26,2019-20,ORL,LAC,0,0.4216658932487815,0.41717659302991617,0.4334736974780143,0.4334682119140275,0.4281014302121629
0021900690,2020-01-26,2019-20,MEM,PHX,1,0.6490389722971488,0.6000340549829765,0.599764498694796,0.5997265267391644,0.6378407681224094
0021900691,2020-01-26,2019-20,NOP,BOS,1,0.3699879524945649,0.3975929198453617,0.4224651639565322,0.4224302311829772,0.4506890061295578
0021900692,2020-01-26,2019-20,POR,IND,1,0.3953169173513412,0.424143322770899,0.4265496169611831,0.4265843445655916,0.4672810942962254
0021900693,2020-01-27,2019-20,DET,CLE,0,0.6968019500330861,0.6869859065605739,0.6883806178703794,0.6884018009986546,0.7259623529045469
0021900694,2020-01-27,2019-20,MIA,ORL,1,0.7384674165278831,0.7081537395138277,0.7084410774270118,0.7084248802023623,0.7418695277061083
0021900695,2020-01-27,2019-20,CHI,SAS,1,0.48760876648058665,0.5370173968555509,0.535851207121941,0.5358646371421601,0.5180046197679388
0021900696,2020-01-27,2019-20,MIN,SAC,0,0.48488295339416887,0.45702001680369875,0.45923555399840993,0.4592214315569696,0.47999408101845026
0021900697,2020-01-27,2019-20,OKC,DAL,0,0.5198032837522791,0.4072881866376109,0.4103673541325232,0.41037203813567585,0.42459497227978316
0021900698,2020-01-27,2019-20,UTA,HOU,0,0.7471491198474192,0.7950151053113732,0.8242376792391077,0.8242565659852414,0.8274948914082972
0021900699,2020-01-28,2019-20,CHA,NYK,1,0.510896558278853,0.4968361192463148,0.49744138366926943,0.49746674553994064,0.4597090206615974
0021900700,2020-01-28,2019-20,CLE,NOP,0,0.2344729392074953,0.19355343357793597,0.19492279659669667,0.1949038050558889,0.2764876171615439
0021900701,2020-01-28,2019-20,MIA,BOS,0,0.4746120850525639,0.4954747929797128,0.4930677085198551,0.49306883138887647,0.48037318213587593
0021900702,2020-01-28,2019-20,PHI,GSW,1,0.841987136935237,0.8501620146683666,0.849842641500162,0.8498260096870213,0.8925867876074514
0021900703,2020-01-28,2019-20,TOR,ATL,1,0.8601648217255013,0.8540836168988868,0.8537770339910254,0.8537864852292019,0.8498854051492858
0021900704,2020-01-28,2019-20,MEM,DEN,1,0.4671682318002028,0.4591794889726254,0.45902300304760485,0.45901582560749243,0.4551443734405274
0021900705,2020-01-28,2019-20,MIL,WAS,1,0.8853408214686938,0.8550883609702692,0.8553937998242157,0.8554190249090136,0.8954433174868145
0021900706,2020-01-28,2019-20,DAL,PHX,0,0.764138949593243,0.7607214800610135,0.7598673143852565,0.7598622962330417,0.7497266623854867
0021900708,2020-01-29,2019-20,IND,CHI,1,0.7161559566801272,0.7503303421186107,0.7491826293817573,0.7491799506609004,0.7678894238059908
0021900709,2020-01-29,2019-20,BKN,DET,1,0.5881619176212155,0.6105427981576959,0.6084669811504982,0.6084876105070387,0.6220204571957318
0021900710,2020-01-29,2019-20,NYK,MEM,0,0.43842479824830316,0.4408819332367292,0.4391761854856555,0.43913227298176966,0.5438853681123798
0021900711,2020-01-29,2019-20,SAS,UTA,1,0.3696090931183352,0.3570647685714155,0.35774634317983306,0.3577556267278493,0.34402930942375476
0021900712,2020-01-29,2019-20,POR,HOU,1,0.4671823472972175,0.44280791537539127,0.4405336327478341,0.4405104813180741,0.38874081509643355
0021900713,2020-01-29,2019-20,SAC,OKC,0,0.42184940542242205,0.4295735684448367,0.4276316872876499,0.42758811939189756,0.3863005928069668
0021900714,2020-01-30,2019-20,CLE,TOR,0,0.1825764597576934,0.19677483237549728,0.19575785589869957,0.19576543340500827,0.15364224330568121
0021900715,2020-01-30,2019-20,WAS,CHA,1,0.5907883104433528,0.5993728792162353,0.5980596195157775,0.5980527399820332,0.619548130816729
0021900716,2020-01-30,2019-20,ATL,PHI,1,0.2491297045164639,0.30755273356844404,0.30524487919929433,0.30525069728678034,0.2710151919183586
0021900717,2020-01-30,2019-20,BOS,GSW,1,0.8714775753137431,0.8841709312157591,0.8832135730152268,0.8832029002942522,0.8899554719228655
0021900718,2020-01-30,2019-20,DEN,UTA,1,0.5337437166118026,0.4636354391539447,0.466378071792532,0.4664028693830054,0.4543574288821592
0021900719,2020-01-30,2019-20,LAC,SAC,0,0.8208838092959558,0.8201514489628896,0.8200729392295169,0.8200652234477317,0.8422572603062185
0021900720,2020-01-31,2019-20,DET,TOR,0,0.31001042930541367,0.28580951358885515,0.28783068007709695,0.2878247816576228,0.32608184089360764
0021900721,2020-01-31,2019-20,BKN,CHI,1,0.6016224092753725,0.6065509019263979,0.6056513183751887,0.6056468291323079,0.6366962423229933
0021900722,2020-01-31,2019-20,HOU,DAL,1,0.5749319050315399,0.5395577823636927,0.539760879123544,0.5397689427582026,0.57549550544457
0021900723,2020-01-31,2019-20,NOP,MEM,1,0.6115473963826273,0.6484484492810775,0.6455843777960074,0.64557260234775,0.634372743067262
0021900724,2020-01-31,2019-20,MIL,DEN,0,0.8305903735870958,0.7989825650468894,0.7989743375659376,0.7989168249031905,0.8496224257403932
0021900725,2020-01-31,2019-20,PHX,OKC,0,0.40121831656443935,0.38303916456153886,0.38274401981634276,0.38274383101671333,0.4129678857504649
0021900726,2020-01-31,2019-20,LAL,POR,0,0.7541374534349593,0.7490511455647298,0.7469586368648009,0.7469841131618378,0.7575176226955008
0021900727,2020-02-01,2019-20,LAC,MIN,1,0.7874868856410925,0.7851964410553297,0.7854365541320641,0.7854209426162738,0.8232394832561118
0021900728,2020-02-01,2019-20,IND,NYK,0,0.7950561215065585,0.8159047378267051,0.8149351691795813,0.8149642466592499,0.7987684593213324
0021900729,2020-02-01,2019-20,ORL,MIA,0,0.431140323700203,0.4067240208795196,0.407826995780061,0.4078065293162209,0.41745630260181493
0021900730,2020-02-01,2019-20,CLE,GSW,0,0.5694145000261929,0.5630608584899065,0.5615889500966706,0.5615658889446599,0.5905715814054396
0021900731,2020-02-01,2019-20,WAS,BKN,1,0.5683920471348193,0.5244228418148136,0.5260297554583682,0.5260048208118547,0.5440229697634033
0021900732,2020-02-01,2019-20,BOS,PHI,1,0.6332339176921236,0.5358561187490357,0.5379084522755612,0.5378967493996947,0.5508323823695057
0021900733,2020-02-01,2019-20,DAL,ATL,1,0.7426031882868019,0.7283503374013229,0.7286850051556122,0.7287162451389139,0.702375333145673
0021900734,2020-02-01,2019-20,SAS,CHA,1,0.7648648314923662,0.7876761561141452,0.7836218663845352,0.7836201844376346,0.7911511257999101
0021900735,2020-02-01,2019-20,POR,UTA,1,0.3598146765841129,0.37189644444404246,0.3707498863275647,0.37073444547487205,0.4160083953127811
0021900736,2020-02-01,2019-20,SAC,LAL,0,0.41627320646713745,0.3676986004813641,0.3696675252917979,0.36965759827263606,0.3923591542970512
0021900737,2020-02-02,2019-20,DET,DEN,1,0.32930250780002723,0.34579306479444905,0.3446587625315024,0.34467227880267876,0.3205602139062869
0021900738,2020-02-02,2019-20,HOU,NOP,1,0.6256002945050649,0.5900526678012893,0.5891565773694688,0.5891761117921448,0.5833966203391265
0021900739,2020-02-02,2019-20,MIL,PHX,1,0.8080664997526434,0.836373195736729,0.8799626848185933,0.8799906129812435,0.8930088908225259
0021900740,2020-02-02,2019-20,TOR,CHI,1,0.8380935909774669,0.8206318523121071,0.8205927776631189,0.8205751781751885,0.8305075481699755
0021900741,2020-02-03,2019-20,CHA,ORL,0,0.4044017603106289,0.4225275583058283,0.421349918458471,0.421354855452262,0.40842037545634846
0021900742,2020-02-03,2019-20,CLE,NYK,0,0.4279418618442472,0.43259633077581827,0.4326990915148547,0.4327395847355279,0.4012103459148393
0021900743,2020-02-03,2019-20,IND,DAL,0,0.5205719678664046,0.5603493933613813,0.5577204121218707,0.5576954004076446,0.619278607099645
0021900744,2020-02-03,2019-20,WAS,GSW,0,0.6685321467935768,0.7197524767994238,0.7166083728552383,0.7165936642534196,0.6979287990738138
0021900745,2020-02-03,2019-20,ATL,BOS,0,0.25711656824707224,0.2968587931323626,0.29385070146778697,0.29379217551934483,0.3853073459847841
0021900746,2020-02-03,2019-20,BKN,PHX,1,0.6967211330190365,0.6243915811379293,0.6247878649633237,0.624733653435672,0.6437946261600884
0021900747,2020-02-03,2019-20,MIA,PHI,1,0.5702793667792733,0.563760271818423,0.5635798538821047,0.5635935829004963,0.5704081289294981
0021900748,2020-02-03,2019-20,MEM,DET,1,0.6928028323585457,0.7184365151137547,0.7172272546861775,0.7172982821900359,0.6492175663053756
0021900749,2020-02-03,2019-20,SAC,MIN,1,0.6390256705511873,0.6393798935593432,0.6383031406125168,0.6383042488797115,0.6683523201905471
0021900750,2020-02-03,2019-20,LAC,SAS,1,0.6424742171055636,0.6391549035165665,0.6381424756226353,0.6381322362869469,0.6528644618337518
0021900751,2020-02-04,2019-20,NOP,MIL,0,0.3448960236031869,0.34255042003471087,0.34199544635877904,0.3419767804740125,0.3512031458748997
0021900752,2020-02-04,2019-20,HOU,CHA,1,0.8966889541613242,0.8595840915766213,0.8602988844274484,0.8602692680209589,0.8954051225885676
0021900753,2020-02-04,2019-20,DEN,POR,1,0.5866063169421729,0.5764478029864657,0.5793909250108452,0.5794124698071815,0.6178538608924325
0021900754,2020-02-04,2019-20,LAL,SAS,1,0.7488111620392633,0.7490460209195117,0.7485699138857854,0.7485548143763151,0.7536765059266514
0021900755,2020-02-05,2019-20,DET,PHX,1,0.5637401456812781,0.5650117383965176,0.563296592234229,0.5632717242008438,0.5864489195326247
0021900756,2020-02-05,2019-20,BOS,ORL,1,0.7439590436313869,0.7148498631553781,0.7161164796453647,0.7161051804198854,0.7138906138373262
0021900757,2020-02-05,2019-20,BKN,GSW,1,0.7097953113620882,0.7125263845473804,0.7114444687740809,0.7114264161402996,0.7096250365582983
0021900758,2020-02-05,2019-20,TOR,IND,1,0.6551353995151027,0.6420140568661292,0.6430820369311848,0.6430984925018656,0.6484183817394288
0021900759,2020-02-05,2019-20,MIN,ATL,0,0.5205745876365838,0.5286312866635153,0.5307617718839713,0.5308078941430696,0.4767717043662801
0021900760,2020-02-05,2019-20,OKC,CLE,1,0.8874969930099774,0.8889427665951416,0.887961777634268,0.8879601205159277,0.888060850431769
0021900761,2020-02-05,2019-20,DAL,MEM,0,0.6887855830940726,0.7064757020863518,0.7061061370463566,0.7060703088752838,0.7022475758340213
0021900762,2020-02-05,2019-20,UTA,DEN,0,0.6590603639545926,0.6944371400684379,0.6679053504191399,0.6679386314778115,0.6308585307472205
0021900763,2020-02-05,2019-20,LAC,MIA,1,0.5695944543559219,0.6042925129028909,0.6016616488508322,0.6017126245939126,0.5434170534308298
0021900764,2020-02-06,2019-20,NYK,ORL,1,0.5649533784361498,0.44427699245344426,0.4465521837469021,0.44646174411169676,0.5309146385425281
0021900765,2020-02-06,2019-20,CHI,NOP,0,0.32818224326502127,0.2901012027095789,0.2915875211342135,0.29159420389900376,0.34081709523942716
0021900766,2020-02-06,2019-20,MIL,PHI,1,0.7754704534662272,0.7710997309756705,0.7709462425750732,0.7709449800340249,0.7912161813300674
0021900767,2020-02-06,2019-20,POR,SAS,1,0.5328169962887912,0.5194141332282378,0.5194017867267603,0.519387095440792,0.5428027492628352
0021900768,2020-02-06,2019-20,LAL,HOU,0,0.6187664699374646,0.6235973053007566,0.6226431898684579,0.6226356356194069,0.6550931923712533
0021900769,2020-02-07,2019-20,PHI,MEM,1,0.5483859055333823,0.5912298198753067,0.5882563912480979,0.5882405280557755,0.5815281187744642
0021900770,2020-02-07,2019-20,WAS,DAL,1,0.3444776223622133,0.3302840001397068,0.3292467992179151,0.32923217714085845,0.3178965053704518
0021900771,2020-02-07,2019-20,BOS,ATL,1,0.8109772329418262,0.794343692554846,0.796926682293892,0.7968961869407731,0.802333580256368
0021900772,2020-02-07,2019-20,IND,TOR,0,0.44668123840221063,0.42455033718436896,0.4242955350813881,0.4242532034574289,0.4653782510443262
0021900773,2020-02-07,2019-20,OKC,DET,1,0.7600728567772443,0.7800628100648788,0.7788052615443941,0.7788577917919723,0.747719688137434
0021900774,2020-02-07,2019-20,PHX,HOU,1,0.35855325120572273,0.39094225087928297,0.3847835395024807,0.3848415807838208,0.3679755654335754
0021900775,2020-02-07,2019-20,SAC,MIA,1,0.3989769345514684,0.4722786920542658,0.4684670984476403,0.46848395686009303,0.4444838305316618
0021900776,2020-02-07,2019-20,UTA,POR,1,0.728210183809036,0.7184042138248449,0.7190614423772612,0.719071735074626,0.7195046204796626
0021900777,2020-02-08,2019-20,ORL,MIL,0,0.20945875297380875,0.20307067769540543,0.20401846730812886,0.2040251993982676,0.18231164849187378
0021900778,2020-02-08,2019-20,CHA,DAL,0,0.3121078510683229,0.31124643465497376,0.31149140217445936,0.3115020907022938,0.3148161546622171
0021900779,2020-02-08,2019-20,DET,NYK,0,0.578394784852735,0.5963095906191682,0.5947014998968229,0.5946772404175008,0.6036012229637601
0021900780,2020-02-08,2019-20,IND,NOP,0,0.5325949510896025,0.45605742878822614,0.45563619713706105,0.4557040768272926,0.4443405373637126
0021900781,2020-02-08,2019-20,TOR,BKN,1,0.7158120366951036,0.676097824234438,0.6773251252636643,0.6773093821427966,0.7049027816518165
0021900782,2020-02-08,2019-20,MIN,LAC,1,0.236003618806617,0.24049922184710704,0.24147578599418745,0.24150731935543254,0.275411052179173
0021900783,2020-02-08,2019-20,GSW,LAL,0,0.1717662436522307,0.14844316739477864,0.14951301575805592,0.1495286213677178,0.15513916844442538
0021900784,2020-02-08,2019-20,PHX,DEN,0,0.2861547109974738,0.29128664521669423,0.2926445989593614,0.29266122265333666,0.2768814977744031
0021900785,2020-02-08,2019-20,SAC,SAS,1,0.4263064413618221,0.430685066026742,0.42975428964378515,0.42975609470085124,0.44673111901168605
0021900786,2020-02-09,2019-20,OKC,BOS,0,0.4880347523851747,0.5022606495145481,0.5010093226953545,0.5010191441474751,0.5021934286450027
0021900787,2020-02-09,2019-20,ATL,NYK,1,0.6805873213871689,0.658043724707092,0.6675675328466683,0.6675173423926837,0.6807093108037003
0021900788,2020-02-09,2019-20,PHI,CHI,1,0.7671238347919358,0.7669069788859086,0.7475574666613602,0.747560263597432,0.7708405597950454
0021900789,2020-02-09,2019-20,WAS,MEM,0,0.4418308823200475,0.4376140293800619,0.415585518260158,0.4155417414434502,0.438369621387087
0021900790,2020-02-09,2019-20,HOU,UTA,0,0.48213356261167,0.4266106290194967,0.4287562298152051,0.42874025647925895,0.5462884048006073
0021900791,2020-02-09,2019-20,CLE,LAC,0,0.3029021821053082,0.3329354894175607,0.3309781677013103,0.3309941218879429,0.34802857534897436
0021900792,2020-02-09,2019-20,POR,MIA,1,0.528555808811686,0.5315599421199959,0.529894457875133,0.5298258733992746,0.546054123100777
0021900793,2020-02-10,2019-20,DET,CHA,0,0.6955407101295477,0.6835547479822873,0.6820160491268065,0.6820025830339113,0.7141512712924091
0021900794,2020-02-10,2019-20,IND,BKN,0,0.6199165567008981,0.6130490792532841,0.6127279892768626,0.6127113285144017,0.64741089390424
0021900795,2020-02-10,2019-20,ORL,ATL,1,0.6858927955860654,0.6761061005183115,0.6782688434796046,0.6782929207871597,0.6601016135202397
0021900796,2020-02-10,2019-20,TOR,MIN,1,0.7990871737732487,0.7911992966193582,0.7912893192719693,0.7913113448207051,0.7993478475898922
0021900797,2020-02-10,2019-20,MIL,SAC,1,0.836120207356304,0.7984916408093182,0.7991498037777238,0.7991354063106035,0.8131258901459515
0021900798,2020-02-10,2019-20,DAL,UTA,0,0.6040780018408294,0.5822524954242695,0.5832952056783727,0.5832831143600433,0.5829738587477328
0021900799,2020-02-10,2019-20,DEN,SAS,1,0.7001631780822659,0.6906774134897082,0.6903160279438996,0.6903265316690985,0.6827407354110452
0021900800,2020-02-10,2019-20,GSW,MIA,0,0.34940359402572607,0.2975086397103018,0.2999626386674756,0.2999603464849612,0.3382885420388149
0021900801,2020-02-10,2019-20,LAL,PHX,1,0.7882312050367257,0.8298232972155015,0.8272624775408679,0.827260761293167,0.8152406564040401
0021900802,2020-02-11,2019-20,PHI,LAC,1,0.523415189002754,0.5110628833167861,0.5101489291075518,0.510161473197532,0.4613305338924876
0021900803,2020-02-11,2019-20,WAS,CHI,1,0.5971452868994214,0.5953285812226345,0.594455532102119,0.594439633074777,0.5985911155224283
0021900804,2020-02-11,2019-20,NOP,POR,1,0.6217569635579789,0.5829151072581088,0.5823760330065374,0.5824005794648129,0.6092666140222978
0021900805,2020-02-11,2019-20,OKC,SAS,0,0.7514136877839077,0.727271653540835,0.7277716213230697,0.7277524882858657,0.7467374782408795
0021900806,2020-02-11,2019-20,HOU,BOS,1,0.4628957982552967,0.4664700973631994,0.46558892019711096,0.46557197931833016,0.41884648707128147
0021900807,2020-02-12,2019-20,CLE,ATL,1,0.4187846587019469,0.33006127648591205,0.33280453778067026,0.33281413007973193,0.33856265566795996
0021900808,2020-02-12,2019-20,ORL,DET,1,0.6379424821816349,0.6208817799344137,0.6215674205458311,0.6215598693643176,0.6366909365678298
0021900809,2020-02-12,2019-20,BKN,TOR,1,0.3380071081974541,0.3401943523347191,0.3399370704791839,0.33991884129640204,0.34162644328166664
0021900810,2020-02-12,2019-20,IND,MIL,1,0.30770804542982216,0.33043155664521356,0.3287316169523298,0.3287350085995721,0.35812032512782405
0021900811,2020-02-12,2019-20,NYK,WAS,0,0.6208566342726468,0.6184706921320623,0.6179209246481001,0.6178966180011193,0.648417177321407
0021900812,2020-02-12,2019-20,MEM,POR,1,0.6184060422462687,0.5824437312593118,0.5842548944263101,0.5842868769304593,0.5671505857194782
0021900813,2020-02-12,2019-20,MIN,CHA,0,0.6829265471623077,0.6823324714809519,0.6812615786694104,0.6812421015118822,0.7502983771065146
0021900814,2020-02-12,2019-20,DAL,SAC,1,0.6591631738277846,0.6504302933258288,0.6506366621146569,0.6506419027183543,0.6750878850271933
0021900815,2020-02-12,2019-20,PHX,GSW,1,0.6663854464137244,0.6717460312323302,0.6801581754898306,0.6801944116528958,0.6521304119513778
0021900816,2020-02-12,2019-20,UTA,MIA,1,0.6161713069351514,0.6107109729398188,0.610560210811062,0.6105554303641827,0.5985789515513178
0021900817,2020-02-12,2019-20,DEN,LAL,0,0.5053944467700788,0.48108227212357013,0.4815555269724195,0.48159294238918376,0.46347908326965354
0021900818,2020-02-13,2019-20,BOS,LAC,1,0.6416980830345035,0.6358846548540394,0.6353090810956828,0.6353208942543517,0.6684943058285233
0021900819,2020-02-13,2019-20,NOP,OKC,0,0.5791114041300762,0.5584791098776519,0.5575808930390882,0.5575516444610257,0.6101331793866216
0021900820,2020-02-20,2019-20,DET,MIL,0,0.19865804473337137,0.205484925577943,0.20575052918713643,0.20571260352104637,0.17972802771150964
0021900821,2020-02-20,2019-20,ATL,MIA,1,0.2816653173186714,0.2734672525968896,0.2748783690466953,0.27482985798793624,0.3136973712130759
0021900822,2020-02-20,2019-20,PHI,BKN,1,0.5861437300593119,0.5085370152207174,0.5135146506586045,0.5134928069301001,0.5631055434537496
0021900823,2020-02-20,2019-20,CHI,CHA,0,0.5780173448324667,0.5942901540778318,0.594810015112838,0.594779331362949,0.6125441651508763
0021900824,2020-02-20,2019-20,SAC,MEM,1,0.4906426084133947,0.48696247195672243,0.4878929570448679,0.4878564334769515,0.5332118446416748
0021900825,2020-02-20,2019-20,GSW,HOU,0,0.2582800749327149,0.23685127389081886,0.23854181627465054,0.23854266284131947,0.2620399931634084
0021900826,2020-02-21,2019-20,ORL,DAL,0,0.38688761134291694,0.3988133917479148,0.3999997772560024,0.39997880597727087,0.4082052622203469
0021900827,2020-02-21,2019-20,WAS,CLE,0,0.7323769970658744,0.7575911204365039,0.7568024159526372,0.7567904975788485,0.7314318410286232
0021900828,2020-02-21,2019-20,NYK,IND,0,0.32743952385062913,0.316785865574338,0.31843304411662776,0.318375337381328,0.34606504028514007
0021900829,2020-02-21,2019-20,TOR,PHX,1,0.7969246357147299,0.7573652335409499,0.7582041658007195,0.7581731019459725,0.7885187338740655
0021900830,2020-02-21,2019-20,MIN,BOS,0,0.2521065849614901,0.2883619152160269,0.2883412363079354,0.2883377754462916,0.31741774211605767
0021900831,2020-02-21,2019-20,OKC,DEN,1,0.542871077662095,0.5463093347500217,0.5468355515474834,0.5468028479802963,0.5668041898215918
0021900832,2020-02-21,2019-20,UTA,SAS,0,0.7019952400892215,0.7004982624392196,0.6981352148562835,0.6981209705772989,0.6923926604092333
0021900833,2020-02-21,2019-20,LAL,MEM,1,0.8151734503642114,0.8039737197350922,0.8022579704279079,0.8022408223102793,0.8276820644356374
0021900834,2020-02-21,2019-20,POR,NOP,0,0.46623370921322005,0.38168889310931964,0.3855189540544406,0.3854895493133321,0.4666210935361242
0021900835,2020-02-22,2019-20,LAC,SAC,0,0.6926222416008232,0.6583219869176095,0.6576332015885722,0.6576074764398281,0.6654644180753766
0021900836,2020-02-22,2019-20,CHA,BKN,0,0.37022754976637823,0.3601696071766812,0.3606471150365059,0.36065377098390494,0.37332351661266155
0021900837,2020-02-22,2019-20,ATL,DAL,1,0.3364775567438169,0.39845452668561887,0.39599248018004746,0.39599658379255454,0.35238340519337774
0021900838,2020-02-22,2019-20,MIA,CLE,1,0.8571134836785882,0.8491199550492229,0.8491892510284913,0.8491903909127223,0.8596967926634452
0021900839,2020-02-22,2019-20,CHI,PHX,0,0.5075652468048164,0.4548439307055348,0.45701134486656586,0.45697548839630914,0.48733620847298204
0021900840,2020-02-22,2019-20,MIL,PHI,1,0.7680203932698738,0.7628534338773743,0.7617753558974322,0.7617702759128295,0.7722260269969965
0021900841,2020-02-22,2019-20,UTA,HOU,0,0.5274673823704837,0.5325790986102542,0.5302296709383661,0.5302433937331349,0.5148884517380644
0021900842,2020-02-23,2019-20,LAL,BOS,1,0.6119149731670925,0.6118047824761288,0.6101692199676882,0.6101389452433954,0.6380647340254642
0021900843,2020-02-23,2019-20,TOR,IND,1,0.6778331589966975,0.6942901864885573,0.7090475433857835,0.7090746011506545,0.675521438423046
0021900844,2020-02-23,2019-20,DEN,MIN,1,0.7835914239015159,0.7895814655638953,0.7865632758765998,0.7866342690636163,0.7089601345117922
0021900845,2020-02-23,2019-20,CHI,WAS,1,0.4002109285108517,0.4035717790023972,0.40356950964132865,0.4035880247452938,0.39702945399396367
0021900846,2020-02-23,2019-20,OKC,SAS,1,0.663241109844841,0.6607500335540802,0.6598481770575263,0.65985107752976,0.6451390906061879
0021900847,2020-02-23,2019-20,GSW,NOP,0,0.2307395187732586,0.15718398980315712,0.1595950094196719,0.159596599821005,0.1654155988267215
0021900848,2020-02-23,2019-20,POR,DET,1,0.6880370546950448,0.6836409385525168,0.6596824111718026,0.6596944425596535,0.6520069749884316
0021900849,2020-02-24,2019-20,CLE,MIA,1,0.2519486903893717,0.2759577241640398,0.2756954416654206,0.27567105454899316,0.278593973714661
0021900850,2020-02-24,2019-20,PHI,ATL,1,0.730635925794693,0.6586047617453546,0.6624979493789062,0.6625267600330411,0.6914181468345062
0021900851,2020-02-24,2019-20,WAS,MIL,0,0.1506613336151217,0.15619215523453417,0.15572395707615863,0.15570892712785675,0.16246265389220552
0021900852,2020-02-24,2019-20,BKN,ORL,0,0.6260708395012328,0.6216084670799268,0.6220808693560124,0.6220696869915456,0.638833644817423
0021900853,2020-02-24,2019-20,HOU,NYK,1,0.8186463411205519,0.8314985311620733,0.8311543036598008,0.8311691837325396,0.7954017818929492
0021900854,2020-02-24,2019-20,DAL,MIN,1,0.8083116122606822,0.7660075035489949,0.7672774845394998,0.7672980667029906,0.8157700067970851
0021900855,2020-02-24,2019-20,UTA,PHX,0,0.720366905300564,0.7185321918640732,0.7175821412910481,0.7175788305704397,0.7128050042929787
0021900856,2020-02-24,2019-20,LAC,MEM,1,0.5935687672661664,0.6333518813960732,0.6324390480997791,0.6324554201064704,0.6762818502917282
0021900857,2020-02-25,2019-20,IND,CHA,1,0.7704912947571929,0.7419608260415511,0.7425288568167699,0.742499376609416,0.753330090147492
0021900858,2020-02-25,2019-20,TOR,MIL,0,0.578092095547376,0.5430167099922804,0.5439472754492914,0.5439334047365666,0.5791317065563106
0021900859,2020-02-25,2019-20,CHI,OKC,0,0.24000083127542235,0.22101186190839908,0.22191230349648272,0.22191847728751737,0.19577147730366448
0021900860,2020-02-25,2019-20,DEN,DET,1,0.8054330625467975,0.8190665102065607,0.8244234991914468,0.8244570424583935,0.7855013126163732
0021900861,2020-02-25,2019-20,LAL,NOP,1,0.669280547335668,0.6614835411763701,0.6609946038181035,0.6609993021508754,0.623472219784899
0021900862,2020-02-25,2019-20,POR,BOS,0,0.3303998984434684,0.32480883939566185,0.3252584695601147,0.3252663096361561,0.3259142821766402
0021900863,2020-02-25,2019-20,GSW,SAC,0,0.2733071975669041,0.2389925791326045,0.2415020140966,0.24152183842282962,0.2256316023041813
0021900864,2020-02-26,2019-20,CHA,NYK,1,0.44184653130980217,0.4155346131245341,0.4167198697575491,0.4167026260596494,0.4123178418676643
0021900865,2020-02-26,2019-20,CLE,PHI,1,0.293701476340248,0.23291388922183537,0.23403459805850307,0.23397380310534424,0.2904946752698378
0021900866,2020-02-26,2019-20,WAS,BKN,1,0.4207728952674369,0.45066363132302045,0.44931513812935553,0.44932803910806435,0.43919056407881696
0021900867,2020-02-26,2019-20,ATL,ORL,0,0.43363163193448157,0.41168834745151084,0.4117722135776639,0.41173909413117293,0.4190601752916564
0021900868,2020-02-26,2019-20,MIA,MIN,0,0.6939026557759889,0.687400828897576,0.6881119016850261,0.6881257722311872,0.7010393674216312
0021900869,2020-02-26,2019-20,SAS,DAL,0,0.4427235885569489,0.3636252255113742,0.36528965617293124,0.3652764956852994,0.3954424615053809
0021900870,2020-02-26,2019-20,HOU,MEM,1,0.6912036663452787,0.6644996744349947,0.6648312987227732,0.6648279567621289,0.7484118341893614
0021900871,2020-02-26,2019-20,PHX,LAC,0,0.41838416573268206,0.36229414429415924,0.36455178378638486,0.3645357124266143,0.3949128935328185
0021900872,2020-02-26,2019-20,UTA,BOS,0,0.5374936814940944,0.510099680867771,0.5111078843369782,0.5110865962971206,0.5130968894469927
0021900873,2020-02-27,2019-20,PHI,NYK,1,0.7550724957282393,0.6712420066779758,0.6753912772574818,0.6754174434033375,0.710932263060637
0021900874,2020-02-27,2019-20,IND,POR,1,0.6687480722359915,0.6756904513035359,0.6741198609651516,0.6740915914441015,0.6868206966859317
0021900875,2020-02-27,2019-20,OKC,SAC,1,0.7061711509320295,0.707980198148122,0.7067373177250854,0.7067546173739714,0.6964478384805725
0021900876,2020-02-27,2019-20,GSW,LAL,0,0.13085442165498418,0.19384214963358085,0.19254036647900136,0.19255745648734407,0.1949727953007622
0021900877,2020-02-28,2019-20,ORL,MIN,1,0.6167511289910727,0.6054368717541658,0.605758592913356,0.6057858408632376,0.6000850088771513
0021900878,2020-02-28,2019-20,ATL,BKN,1,0.37194116428404433,0.35677938550819277,0.3563703051053301,0.35635220937830225,0.3936298631095405
0021900879,2020-02-28,2019-20,TOR,CHA,0,0.8903448412438348,0.8372295649257391,0.838632278474854,0.8385976848381402,0.8799573707849369
0021900880,2020-02-28,2019-20,MIA,DAL,1,0.45189700928966653,0.4536652978600931,0.45327127489570623,0.4533115011022,0.4172211162815428
0021900881,2020-02-28,2019-20,MEM,SAC,0,0.55658792396305,0.5473643706861061,0.5489215151120561,0.5489416174597974,0.5454739892447119
0021900882,2020-02-28,2019-20,MIL,OKC,1,0.7695919987450038,0.7658027181839219,0.7655631018052627,0.7655854091000579,0.7684400462794231
0021900883,2020-02-28,2019-20,NOP,CLE,1,0.8220444405141769,0.8240154117628347,0.8229570713734209,0.8229511265674879,0.8297628444905756
0021900884,2020-02-28,2019-20,PHX,DET,0,0.6815774040531388,0.684221481798988,0.675206096804676,0.6752200887580624,0.6718439844927211
0021900885,2020-02-28,2019-20,UTA,WAS,1,0.7284522153393354,0.7232940207700156,0.7231859497159129,0.7231970720732279,0.7304991533161399
0021900886,2020-02-28,2019-20,LAC,DEN,1,0.5590896511229584,0.5511371218875927,0.5510338999586338,0.5510030355257125,0.5702817369145794
0021900887,2020-02-29,2019-20,NYK,CHI,1,0.5338172453252333,0.4944666929234032,0.49604608892214946,0.49599138846883606,0.5593389085129457
0021900888,2020-02-29,2019-20,ATL,POR,1,0.4031930107069087,0.4102498396649453,0.40863201708224595,0.4086066178205399,0.4514119438569294
0021900889,2020-02-29,2019-20,MIA,BKN,1,0.6774988117316806,0.6748874299957734,0.6739683250092492,0.673985091419737,0.6751322094600476
0021900890,2020-02-29,2019-20,CLE,IND,0,0.24434441724869221,0.24190578693903905,0.2422286642252467,0.24221367738337932,0.24624507185685332
0021900891,2020-02-29,2019-20,MEM,LAL,1,0.2873028243921126,0.3100485199500383,0.307819477624849,0.30783564026952437,0.28325505309496257
0021900892,2020-02-29,2019-20,BOS,HOU,0,0.6081507313818413,0.5903437660154133,0.5906962868773973,0.5907150911510309,0.5977091890284534
0021900893,2020-02-29,2019-20,SAS,ORL,1,0.6487990467156117,0.6174261040338143,0.6186823807769851,0.6186905450129846,0.6170660189487023
0021900894,2020-02-29,2019-20,PHX,GSW,0,0.7389553638283141,0.7774504875488251,0.7858931208928945,0.7859486493121489,0.7712031670395553
0021900895,2020-03-01,2019-20,CHA,MIL,0,0.1256038694433647,0.12387494828336056,0.12391349981280222,0.12390545128541341,0.1216331594866253
0021900896,2020-03-01,2019-20,MIN,DAL,0,0.3247993788050914,0.3314619790493744,0.3305497753417152,0.3305520094790806,0.33680167802741356
0021900897,2020-03-01,2019-20,LAC,PHI,1,0.7125083752790066,0.7266526009139428,0.7247105242549816,0.7246630902379486,0.7728005348006135
0021900898,2020-03-01,2019-20,DEN,TOR,1,0.4962181069690444,0.4717129773799761,0.4789895382231543,0.47893208124885506,0.5295555327585972
0021900899,2020-03-01,2019-20,SAC,DET,1,0.7187417074556818,0.7142079548816437,0.7178184113533473,0.7178152681963139,0.7299259085126558
0021900900,2020-03-01,2019-20,NOP,LAL,0,0.5898170514360599,0.5313450088438451,0.5320854689278138,0.5320645909072707,0.5524820856302884
0021900901,2020-03-01,2019-20,GSW,WAS,0,0.348226274516961,0.32567464691476083,0.32601962491754705,0.32605721910408786,0.31313496528341683
0021900902,2020-03-02,2019-20,CLE,UTA,0,0.27956524862807647,0.2131247050045757,0.21544089690517482,0.21537851525596094,0.28295995571784327
0021900903,2020-03-02,2019-20,NYK,HOU,1,0.2290051198167086,0.21967574790391844,0.2200224397995123,0.2200183368138935,0.21696504204614275
0021900904,2020-03-02,2019-20,ORL,POR,0,0.6303078471211944,0.5914542116765538,0.5911739692358967,0.5910967831792813,0.6489300811562476
0021900905,2020-03-02,2019-20,ATL,MEM,0,0.43875599652753083,0.4100283101543816,0.41030583762065365,0.4102457659939669,0.4883360784140121
0021900906,2020-03-02,2019-20,MIA,MIL,1,0.36435386344900944,0.35578023622918914,0.3558633031686456,0.3558376074069083,0.36633232646373126
0021900907,2020-03-02,2019-20,CHI,DAL,1,0.30462306268541484,0.35856951525581365,0.3585200428200078,0.35849477926993306,0.43063598874102593
0021900908,2020-03-02,2019-20,SAS,IND,0,0.47089246565576115,0.4384876335647603,0.4399570485510911,0.439964908043771,0.4683614225731772
0021900909,2020-03-03,2019-20,CHA,SAS,0,0.47609331693046997,0.4369875353895876,0.43782696227741147,0.43777285348239875,0.4818031869705568
0021900910,2020-03-03,2019-20,BOS,BKN,0,0.7665969618224607,0.7459201089342925,0.7463788998817005,0.7463767829214664,0.7233000975802678
0021900911,2020-03-03,2019-20,NOP,MIN,0,0.7450961465966729,0.734450544174241,0.7349189888258314,0.7349410956360738,0.7311030835477094
0021900912,2020-03-03,2019-20,OKC,LAC,0,0.5100259129151664,0.5176465117765825,0.5170781031008361,0.5170981783359272,0.5238142974394738
0021900913,2020-03-03,2019-20,DEN,GSW,0,0.8838062149221227,0.8723089621694562,0.8884576180786379,0.8884395912462062,0.8956246126402955
0021900914,2020-03-03,2019-20,PHX,TOR,0,0.3384345737285752,0.336543080928106,0.33600130198099987,0.335990165376096,0.3103117904192343
0021900915,2020-03-03,2019-20,LAL,PHI,1,0.7496083025523163,0.7860147522324873,0.7830686731363025,0.7830597826123697,0.7825139460010744
0021900916,2020-03-03,2019-20,SAC,WAS,1,0.7050557612686468,0.6883801260642,0.6874793641333816,0.6874609634343564,0.722277426095812
0021900917,2020-03-04,2019-20,CLE,BOS,0,0.2845142348034493,0.3370519064586494,0.3330345891558019,0.33313229212919626,0.2583848848115776
0021900918,2020-03-04,2019-20,DET,OKC,0,0.3839048093462521,0.3137793094707722,0.31580470479863915,0.31574812210162095,0.3435428485364521
0021900919,2020-03-04,2019-20,MIA,ORL,1,0.7176242194363485,0.7010359486473567,0.7001957060427584,0.7002168288810678,0.70317446902961
0021900920,2020-03-04,2019-20,BKN,MEM,0,0.47367448283587693,0.4467252571544403,0.44681422960658373,0.44676778250931665,0.5068972126608677
0021900921,2020-03-04,2019-20,NYK,UTA,0,0.31501488867782823,0.3163646113851405,0.315597640368092,0.31555199112624294,0.3631606098439605
0021900922,2020-03-04,2019-20,MIN,CHI,1,0.5224901504307445,0.5382653077912459,0.5367858208106201,0.5368110052679632,0.5642425200778911
0021900923,2020-03-04,2019-20,DAL,NOP,1,0.6608717864810468,0.6731731284862827,0.6737408712347637,0.673691309609795,0.7271659456246632
0021900924,2020-03-04,2019-20,MIL,IND,1,0.7726497420923562,0.7529498011606951,0.7533543740928904,0.7533403366227669,0.7636977456276746
0021900925,2020-03-04,2019-20,POR,WAS,1,0.7072718669760929,0.7545027957848798,0.7527140399862358,0.7527508551443974,0.7527629556718749
0021900926,2020-03-05,2019-20,CHA,DEN,0,0.2844052094325211,0.27980943133223,0.2797791910870665,0.27977321724233817,0.24283951728001665
0021900927,2020-03-05,2019-20,HOU,LAC,0,0.549862190263764,0.5426164438335391,0.5418032367862047,0.5418073352003935,0.550661410872416
0021900928,2020-03-05,2019-20,SAC,PHI,0,0.6071550215261956,0.6196511121979905,0.6167385257265374,0.6166960339054225,0.6577354542749115
0021900929,2020-03-05,2019-20,GSW,TOR,0,0.2177309487671491,0.21228113768717996,0.21233037274322616,0.2123221783626199,0.27248181751591477
0021900930,2020-03-06,2019-20,WAS,ATL,1,0.5771921516379233,0.6060543849554195,0.6068197313343093,0.6068688375177801,0.5573177589111173
0021900931,2020-03-06,2019-20,BKN,SAS,1,0.5421641052607047,0.5442871995909238,0.5440817873312743,0.5440515924342549,0.5668632763712006
0021900932,2020-03-06,2019-20,NYK,OKC,0,0.2839675296349325,0.269203668632227,0.2693723491271156,0.26936025901481414,0.2729003550230288
0021900933,2020-03-06,2019-20,BOS,UTA,0,0.6419569341288673,0.6420201557030418,0.6421603193955149,0.6421647826576296,0.6592432038060233
0021900934,2020-03-06,2019-20,CHI,IND,0,0.3656788842796973,0.4334243601618445,0.4297355772834715,0.42975492964859224,0.40078959045280377
0021900935,2020-03-06,2019-20,MIN,ORL,0,0.5265219738281823,0.5712460403985119,0.5684739985941745,0.5684872939093008,0.5618021391900251
0021900936,2020-03-06,2019-20,NOP,MIA,1,0.5164065537595038,0.4856680429905367,0.4870162429353645,0.48702170752922064,0.5232069761967294
0021900937,2020-03-06,2019-20,DAL,MEM,1,0.6331943701779144,0.5831670794255253,0.5843192811294574,0.5842092167820524,0.6787679879533904
0021900938,2020-03-06,2019-20,PHX,POR,1,0.4544997274739546,0.3917079400746143,0.3945633102607412,0.39451675660148383,0.47400120597202006
0021900939,2020-03-06,2019-20,LAL,MIL,1,0.4724025668250609,0.4570039058220867,0.4559389228486626,0.45592612895686335,0.4534440451025305
0021900940,2020-03-07,2019-20,CHA,HOU,1,0.2417910673994376,0.33571822976989896,0.33226065524311726,0.3323133350410266,0.26704901416253934
0021900941,2020-03-07,2019-20,DET,UTA,0,0.38185811082773646,0.3598771070629441,0.3598841226214734,0.35986058923791325,0.3475146466012211
0021900942,2020-03-07,2019-20,CLE,DEN,1,0.2462319722928946,0.22082074523304604,0.2219656974993977,0.22193854092731866,0.24445141749435756
0021900943,2020-03-07,2019-20,MEM,ATL,1,0.7647918123085241,0.7729281613778045,0.7730609305607359,0.773071101761277,0.7702766332971093
0021900944,2020-03-07,2019-20,GSW,PHI,1,0.3701626089893737,0.28110439640420376,0.28165374156580913,0.281626659958146,0.3184239506506811
0021900945,2020-03-07,2019-20,POR,SAC,0,0.49068815378047637,0.5102688742963345,0.50899744864469,0.5089888433406096,0.5238556687589648
0021900946,2020-03-08,2019-20,BKN,CHI,1,0.6760717374542221,0.6649616453624925,0.6655361791419131,0.6655546652736691,0.6322385985653373
0021900947,2020-03-08,2019-20,MIN,NOP,0,0.3779395406792656,0.370868472134215,0.36998447316825134,0.3699388247218908,0.401029472280919
0021900948,2020-03-08,2019-20,LAC,LAL,0,0.5429619146783353,0.5524938206359657,0.5512212434709228,0.551205411034768,0.5391388310320364
0021900949,2020-03-08,2019-20,BOS,OKC,0,0.6189507973187286,0.6020096205034955,0.6238572978276763,0.6239032799338997,0.581456605497487
0021900950,2020-03-08,2019-20,PHX,MIL,1,0.23327560532295505,0.2907349311153809,0.2875141440805893,0.2875156400903031,0.30998997622654145
0021900951,2020-03-08,2019-20,WAS,MIA,0,0.3501668277161095,0.3529059870952314,0.35267464282807076,0.35269169891018076,0.31272465248665626
0021900952,2020-03-08,2019-20,DAL,IND,0,0.6943226063899515,0.6042736496506578,0.6057780364092815,0.605733761226805,0.6400427233356192
0021900953,2020-03-08,2019-20,HOU,ORL,0,0.6203909222378757,0.6281772966651173,0.6278453576599552,0.6278956001775045,0.6952920284678487
0021900954,2020-03-08,2019-20,CLE,SAS,1,0.3611945519712237,0.38532491378331507,0.3825305321587286,0.3825386304515644,0.38035257183594173
0021900955,2020-03-08,2019-20,NYK,DET,1,0.6204241189701909,0.6211449875290818,0.6208315333717757,0.6208259243820389,0.6361807210419703
0021900956,2020-03-08,2019-20,SAC,TOR,0,0.33274603231162286,0.32841727125346254,0.3455802042065667,0.3455631734062049,0.35457437650267515
0021900957,2020-03-09,2019-20,ATL,CHA,1,0.5425998167398874,0.5253156300413647,0.5252999309875888,0.5252948195482879,0.5595166274367237
0021900958,2020-03-09,2019-20,DEN,MIL,1,0.48459726789658675,0.5611732353274945,0.557045564894309,0.5570478353434422,0.5478804160574076
0021900959,2020-03-09,2019-20,UTA,TOR,0,0.5765340439306232,0.588034956233602,0.5875994515046813,0.5875996823036521,0.5764498858547916
0021900960,2020-03-10,2019-20,IND,BOS,0,0.44649159784052883,0.40478319085812664,0.4059291944663878,0.4059276823598485,0.42758490768500157
0021900961,2020-03-10,2019-20,WAS,NYK,1,0.5880934735355935,0.5874921900040996,0.5882222872753944,0.5882290222543575,0.5476262304111794
0021900962,2020-03-10,2019-20,CHI,CLE,1,0.6138119632909452,0.6435757534629206,0.6419476564996226,0.6419548178698148,0.6317562242114901
0021900963,2020-03-10,2019-20,HOU,MIN,1,0.752742137461514,0.7404858290829495,0.7406318758055309,0.7406427953547559,0.7417817887106467
0021900964,2020-03-10,2019-20,MEM,ORL,0,0.6162189746325186,0.6092670162246864,0.6092910191849279,0.6093115644313376,0.6113532629863592
0021900965,2020-03-10,2019-20,SAS,DAL,1,0.3777761940164678,0.434484453468392,0.4330413640259224,0.43300816658256497,0.4493003119589349
0021900966,2020-03-10,2019-20,POR,PHX,1,0.508789569584557,0.5285875842759756,0.5284751944965269,0.5284857395683512,0.5296901101400278
0021900967,2020-03-10,2019-20,GSW,LAC,0,0.20759921071819823,0.2129486346352759,0.21268611196495948,0.21272953654892734,0.17246426034805118
0021900968,2020-03-10,2019-20,LAL,BKN,0,0.7861966201499241,0.7642729250067176,0.7642205334271182,0.7642149473508103,0.788279576959549
0021900969,2020-03-11,2019-20,ATL,NYK,0,0.6562856533527718,0.6515085864432683,0.6518692488268575,0.6518397176549975,0.6599635648008828
0021900970,2020-03-11,2019-20,MIA,CHA,0,0.8018065098306817,0.7472119260061962,0.7478002172624701,0.7478029951325347,0.7798414917107273
0021900971,2020-03-11,2019-20,PHI,DET,1,0.7449952377225311,0.7715898259033704,0.7707753288004663,0.7708187761861692,0.7213968435475573
0021900973,2020-03-11,2019-20,DAL,DEN,1,0.518332064174459,0.4240385075054572,0.4265586612464038,0.4265181380366164,0.45509499087300787
0021901231,2020-07-30,2019-20,NOP,UTA,0,0.5477538983392266,0.5355206833602717,0.5369827000281194,0.5369386945071536,0.562414902381226
0021901232,2020-07-30,2019-20,LAL,LAC,1,0.5755260740091551,0.5952135916596408,0.5955605885112285,0.595553682705106,0.5934127534486507
0021901233,2020-07-31,2019-20,BKN,ORL,0,0.529758802264742,0.5291452530576523,0.5397786335142994,0.5397942366698971,0.519263795280584
0021901234,2020-07-31,2019-20,POR,MEM,1,0.484333343040932,0.5092097433582188,0.5091406470474092,0.5091411552648054,0.6134546447975853
0021901235,2020-07-31,2019-20,WAS,PHX,0,0.44060421860067206,0.4157934458175146,0.41887937079679566,0.41885793592926573,0.5181502258799628
0021901236,2020-07-31,2019-20,MIL,BOS,1,0.5405008524534128,0.4609370387067121,0.46786995117194446,0.467904941492108,0.6714749856363983
0021901237,2020-07-31,2019-20,SAS,SAC,1,0.5812922168518248,0.5599585441005387,0.5614625429637204,0.5613474247456405,0.4927597713805754
0021901238,2020-07-31,2019-20,DAL,HOU,0,0.584619547655989,0.5981921981278087,0.5998042474298302,0.599797289260022,0.6665787782611745
0021901239,2020-08-01,2019-20,DEN,MIA,0,0.6253080133482436,0.5563764064107855,0.5597750653729946,0.5596233240283184,0.5394699215133183
0021901241,2020-08-01,2019-20,LAC,NOP,1,0.6594398009884016,0.6437572341698878,0.643148568510505,0.6431555877089151,0.6721804505177266
0021901242,2020-08-01,2019-20,IND,PHI,1,0.5945627180331813,0.5772216231984999,0.5780314843742347,0.57800939578849,0.5444932500791835
0021901243,2020-08-01,2019-20,TOR,LAL,1,0.5511463358103438,0.5196508931777177,0.5184680344300339,0.5184553275661686,0.5936630484214717
0021901244,2020-08-02,2019-20,BKN,WAS,1,0.6618950720947369,0.6567427742304007,0.6565923083393881,0.6565969243413732,0.6650759543185678
0021901245,2020-08-02,2019-20,BOS,POR,1,0.6933930207773679,0.6783096157971,0.6793621782942596,0.6793816829605932,0.6686906146026086
0021901246,2020-08-02,2019-20,MEM,SAS,0,0.6249596176193905,0.647431320749378,0.646046466639679,0.6460584205504369,0.621809586198192
0021901247,2020-08-02,2019-20,ORL,SAC,1,0.5845773649071302,0.5993383252388148,0.5973573504906043,0.5973459226787096,0.6017159102109307
0021901248,2020-08-02,2019-20,HOU,MIL,1,0.36622835618099947,0.3670907421616469,0.3669851896873545,0.3669851902867339,0.4007909749599558
0021901249,2020-08-02,2019-20,PHX,DAL,1,0.3679227445451405,0.35890623659060966,0.3595788908845442,0.35960786605638917,0.3475691512304015
0021901250,2020-08-03,2019-20,MIA,TOR,0,0.41396452010525736,0.3830620220005163,0.3842366935307148,0.3842483225576971,0.4123708989452308
0021901251,2020-08-03,2019-20,OKC,DEN,0,0.6843599056734867,0.6875039636542173,0.6854031300444032,0.6853904659524354,0.7056749733559008
0021901252,2020-08-03,2019-20,WAS,IND,0,0.2724426797673058,0.31985076899702186,0.3180120738836316,0.31804165065658063,0.27823443587806634
0021901253,2020-08-03,2019-20,NOP,MEM,1,0.664023759756692,0.672166577075608,0.6719223146247055,0.6718912496733989,0.6355500946224775
0021901254,2020-08-03,2019-20,PHI,SAS,1,0.7124239877918382,0.700022741882966,0.6996638581389094,0.6996457588907666,0.7143645712510426
0021901255,2020-08-03,2019-20,UTA,LAL,0,0.4478621459837366,0.4279941467746092,0.42830979818874704,0.42830402964512276,0.42354226091778846
0021901256,2020-08-04,2019-20,MIL,BKN,0,0.8123287655020944,0.9032912075855347,0.9011149944598328,0.901120079034337,0.865517738648128
0021901257,2020-08-04,2019-20,SAC,DAL,0,0.39537666840036856,0.4551655175580047,0.45161632999338486,0.45166028981451495,0.4315055082931571
0021901258,2020-08-04,2019-20,LAC,PHX,0,0.7705121315986133,0.7670276391674528,0.7662336984359652,0.7662230376009059,0.8106631762352847
0021901259,2020-08-04,2019-20,IND,ORL,1,0.5417327127757707,0.550078596571439,0.5468856802684026,0.5469423653037796,0.5543537455623541
0021901260,2020-08-04,2019-20,MIA,BOS,1,0.4112691031354728,0.38917207136108223,0.3894063618396097,0.38940764447167536,0.3642791417531678
0021901261,2020-08-04,2019-20,POR,HOU,1,0.4898463114309199,0.4887732683518169,0.48729256671245075,0.48727378607304134,0.5308515995140306
0021901262,2020-08-05,2019-20,UTA,MEM,1,0.6076565667118764,0.6224428187268849,0.6211818174768919,0.621218390422119,0.587793004030061
0021901263,2020-08-05,2019-20,WAS,PHI,0,0.3214263047114604,0.3130650456069438,0.3140543838838333,0.31406276199214256,0.2933557583579617
0021901264,2020-08-05,2019-20,SAS,DEN,0,0.46753013957874856,0.45890480223909785,0.4585517003111666,0.4585649512500361,0.4399147631840492
0021901265,2020-08-05,2019-20,LAL,OKC,0,0.6439739158235082,0.6137986617389909,0.6140779941292316,0.6140600538978337,0.6231975449612512
0021901266,2020-08-05,2019-20,ORL,TOR,0,0.29874628876989234,0.28765570179671657,0.28806020426209616,0.28803119628169327,0.30967532953542054
0021901267,2020-08-05,2019-20,BOS,BKN,1,0.7830285317571367,0.7552084072230962,0.7542594014071281,0.7542505862809081,0.7370673584562643
0021901268,2020-08-06,2019-20,SAC,NOP,1,0.4479929381337746,0.42883760973231166,0.42992279775224895,0.4299337491741268,0.47149114879276915
0021901269,2020-08-06,2019-20,MIL,MIA,1,0.7121245335584844,0.7432137272064399,0.7417130644479679,0.7417022922323546,0.7810487156767141
0021901270,2020-08-06,2019-20,PHX,IND,1,0.43225516501278854,0.4458900792360869,0.4457767733185385,0.4458049635558438,0.3967592187346052
0021901271,2020-08-06,2019-20,DAL,LAC,0,0.45787987569690275,0.4961808705630453,0.4953940403562828,0.49542527356660415,0.5190912598614152
0021901272,2020-08-06,2019-20,DEN,POR,0,0.5262104834101387,0.48492822327313506,0.48800919850911506,0.48800570555630135,0.4339353326479124
0021901273,2020-08-06,2019-20,HOU,LAL,1,0.5654582674244066,0.5962101993437858,0.5943935756226377,0.594401541098964,0.5219530131168596
0021901274,2020-08-07,2019-20,SAS,UTA,1,0.43064427145750767,0.6543107198477611,0.6466703241666886,0.6468054943803376,0.5106058617136018
0021901275,2020-08-07,2019-20,MEM,OKC,1,0.4246634803238602,0.4251603315139377,0.4248632969993419,0.42487041708011175,0.4001802598113851
0021901276,2020-08-07,2019-20,BKN,SAC,1,0.5897013513622161,0.5456370247509171,0.547560145448347,0.5475695802566309,0.5702540022929297
0021901277,2020-08-07,2019-20,PHI,ORL,1,0.5968971956880713,0.5919660892994142,0.5918488585983783,0.591864914808493,0.5887166875907546
0021901278,2020-08-07,2019-20,NOP,WAS,1,0.7233134664245493,0.7327705367587075,0.7314411210913732,0.731396579845101,0.786410434497403
0021901279,2020-08-07,2019-20,TOR,BOS,0,0.6424167526662669,0.6366430495552904,0.6349391322847114,0.6349314209119353,0.6411180926361566
0021901280,2020-08-08,2019-20,POR,LAC,0,0.45545390901052873,0.4914170232886912,0.4868462721804686,0.4867989013822936,0.4534421468122248
0021901281,2020-08-08,2019-20,DEN,UTA,1,0.6657327569457085,0.5964140726532696,0.5970669023556144,0.5970878838512048,0.640849598008344
0021901282,2020-08-08,2019-20,IND,LAL,1,0.5244383369843015,0.5393341973706776,0.542171939638694,0.5421724002068083,0.4635099830558434
0021901283,2020-08-08,2019-20,MIA,PHX,0,0.5923989573295415,0.558355623665784,0.5600688271931059,0.560059016887684,0.5653969386311187
0021901284,2020-08-08,2019-20,DAL,MIL,1,0.39281046528706026,0.4071075879107486,0.4072031829301783,0.4071912045043407,0.4082872379187813
0021901285,2020-08-09,2019-20,OKC,WAS,1,0.8089578021486058,0.8132065844164384,0.8128108510543941,0.8127934166019181,0.8120093542935749
0021901286,2020-08-09,2019-20,TOR,MEM,1,0.7150986548071208,0.7166433429384722,0.7149237911424745,0.714911551166061,0.6995701414415528
0021901287,2020-08-09,2019-20,NOP,SAS,0,0.6564240626356783,0.664683846401214,0.6625687032621386,0.6625365718278771,0.6656578524838813
0021901288,2020-08-09,2019-20,BOS,ORL,1,0.7523515715775352,0.7638816719947664,0.7625503901807417,0.7625888767670131,0.7467365847107652
0021901289,2020-08-09,2019-20,POR,PHI,1,0.4949061895363028,0.528477031418311,0.5255242700002212,0.5254852713777495,0.5657704693073323
0021901290,2020-08-09,2019-20,SAC,HOU,0,0.44219754044389875,0.4180485404075053,0.41909535177794394,0.4190429773454053,0.45725280499135806
0021901291,2020-08-09,2019-20,LAC,BKN,0,0.7335785804602557,0.678145045227401,0.6795159632213423,0.6794985593718145,0.6926753641048493
0021901292,2020-08-10,2019-20,PHX,OKC,1,0.5596639150383573,0.5998212070800149,0.596551392889156,0.5966182353815921,0.5563079311436292
0021901293,2020-08-10,2019-20,UTA,DAL,0,0.5105932781161514,0.5536164960816262,0.5508650098012892,0.5509774928843096,0.4606104175786686
0021901294,2020-08-10,2019-20,MIL,TOR,0,0.6631746458607135,0.6717228808666761,0.6716595777687077,0.6717176889414997,0.6530166603918699
0021901295,2020-08-10,2019-20,MIA,IND,1,0.4838772796197613,0.523366695870096,0.5235338361413763,0.5235766860436197,0.5593036787600406
0021901296,2020-08-10,2019-20,LAL,DEN,1,0.6248200525791222,0.5979669991626654,0.5988704081469154,0.5988500782685644,0.6611882087348769
0021901297,2020-08-11,2019-20,ORL,BKN,0,0.5779923310425984,0.7037152665972697,0.6994278304365854,0.6994839593461611,0.6849970775104369
0021901298,2020-08-11,2019-20,SAS,HOU,1,0.46072397945716487,0.5133927258017056,0.5108344668347217,0.5108717685744589,0.46082059770862493
0021901299,2020-08-11,2019-20,PHI,PHX,0,0.6340642493797378,0.4538702603434982,0.4609440033885995,0.46086309543427534,0.4781609987051433
0021901300,2020-08-11,2019-20,DAL,POR,0,0.591369885187434,0.4895684172821501,0.49265247623334574,0.4926521380709212,0.49584597916517453
0021901301,2020-08-11,2019-20,MEM,BOS,0,0.4131687839857532,0.41176188705596506,0.411866563317264,0.411859059714604,0.3749966153787697
0021901302,2020-08-11,2019-20,SAC,NOP,1,0.46852344636720683,0.4928843365712862,0.4915051087247821,0.49161305855682946,0.6279253872143857
0021901303,2020-08-11,2019-20,WAS,MIL,0,0.24898284632786774,0.2954884895699752,0.29279404434111905,0.2929029289842034,0.1649471546695779
0021901304,2020-08-12,2019-20,HOU,IND,0,0.49347072802433545,0.4985603521815097,0.4983767092605964,0.4984657614174053,0.525283176414159
0021901305,2020-08-12,2019-20,PHI,TOR,0,0.2590270550319322,0.2702876490397845,0.27096577370463637,0.2710189750096217,0.34832509332947625
0021901306,2020-08-12,2019-20,OKC,MIA,1,0.4888071396660441,0.4970327938279481,0.49835696968864035,0.49837169906028644,0.5498904346323783
0021901307,2020-08-12,2019-20,DEN,LAC,0,0.456493490408213,0.456801563822115,0.4561503775327564,0.45617784066306427,0.39771933526036857
0021901308,2020-08-13,2019-20,BOS,WAS,0,0.8787738818991722,0.7243548991035855,0.7323597720684701,0.7321900588141207,0.7570328302631889
0021901309,2020-08-13,2019-20,BKN,POR,0,0.4506151967942172,0.36227203495320887,0.367534785080606,0.367550426780699,0.4506844682193477
0021901310,2020-08-13,2019-20,LAL,SAC,0,0.727620404083593,0.7029355948763216,0.702924554000146,0.7028943795337971,0.7032268087398916
0021901311,2020-08-13,2019-20,MEM,MIL,1,0.32382290746950215,0.4577270467403867,0.45366506170417176,0.4537397537660742,0.44334124726165414
0021901312,2020-08-13,2019-20,ORL,NOP,1,0.5942681673914212,0.6107504871817978,0.6078395253801673,0.6078096941516355,0.7546524236536273
0021901313,2020-08-13,2019-20,PHX,DAL,1,0.541520110349379,0.5613533675538263,0.55944521945074,0.5595049985162519,0.4695033345500023
0021901314,2020-08-13,2019-20,UTA,SAS,1,0.5932629147795091,0.5198149722832557,0.5226521258428242,0.5225418875138659,0.6474720978915185
0021901315,2020-08-14,2019-20,HOU,PHI,0,0.562350103569013,0.5815401661372683,0.5813926492823165,0.5814182027201477,0.5812718582484983
0021901316,2020-08-14,2019-20,IND,MIA,1,0.5154497400095596,0.5243796456371692,0.52333182565397,0.5234203773283622,0.561876512099179
0021901317,2020-08-14,2019-20,LAC,OKC,1,0.6735276880335759,0.752092646865758,0.7494071550492082,0.7494404731977856,0.620502082041147
0021901318,2020-08-14,2019-20,TOR,DEN,1,0.728382531346344,0.5121214867257096,0.519915410900786,0.5198306099687493,0.6117100379085451
0022000001,2020-12-22,2020-21,BKN,GSW,1,0.7293151182817745,0.7355938249122066,0.7351639877945668,0.7351072362456403,0.6249983631737297
0022000002,2020-12-22,2020-21,LAL,LAC,0,0.5075242298395196,0.5098181718471523,0.5099839872477354,0.5099609758851797,0.47445433037994333
0022000003,2020-12-23,2020-21,BOS,MIL,1,0.48007745754514125,0.44358591596006264,0.4486290626873876,0.4486292037825933,0.564925188424602
0022000004,2020-12-23,2020-21,PHX,DAL,1,0.5586662388535059,0.5555591654340687,0.5576059811831187,0.5575477645206646,0.5982097748628188
0022000010,2020-12-23,2020-21,CLE,CHA,1,0.519130344817938,0.3430267202345468,0.3482155978709291,0.3481838339669937,0.38969153552399327
0022000011,2020-12-23,2020-21,IND,NYK,1,0.7226703225824566,0.715357025269737,0.7159262183049655,0.7158789251804751,0.8023528425263722
0022000012,2020-12-23,2020-21,ORL,MIA,1,0.5321546188553131,0.4958604398927176,0.498233627255769,0.49817065979867137,0.39813053792678854
0022000013,2020-12-23,2020-21,PHI,WAS,1,0.7232179421856114,0.7401115877339713,0.7396882491329542,0.7396499952173212,0.7135806834028047
0022000014,2020-12-23,2020-21,TOR,NOP,0,0.7666146932918362,0.7693844521483992,0.7688219491329191,0.7687477202291475,0.7063871576981595
0022000015,2020-12-23,2020-21,CHI,ATL,0,0.6030214916026245,0.548041018441505,0.5506046796406147,0.5505306907078562,0.5319251192632114
0022000017,2020-12-23,2020-21,MEM,SAS,0,0.6424876180570201,0.6565065655856872,0.6554946958191396,0.6554495273653774,0.5901143235349464
0022000018,2020-12-23,2020-21,MIN,DET,1,0.6077583434332728,0.5873888860628589,0.5890068951827726,0.5889300620282857,0.5454571499022919
0022000019,2020-12-23,2020-21,DEN,SAC,0,0.5664883396106406,0.5779615098146434,0.5785871852912278,0.5786233101794778,0.6697120668094508
0022000020,2020-12-23,2020-21,POR,UTA,0,0.5798704018293613,0.49997207135908733,0.5013523868189437,0.5013040569795578,0.6073622035287337
0022000005,2020-12-25,2020-21,MIA,NOP,1,0.5942145853361179,0.5653308536558453,0.5657036152053693,0.5656778056398823,0.604890837708061
0022000006,2020-12-25,2020-21,MIL,GSW,1,0.7761546548225201,0.7951362201830274,0.7948444900805125,0.7948165386825521,0.782441510584449
0022000007,2020-12-25,2020-21,BOS,BKN,0,0.6685433042253295,0.658458750820704,0.6581456982773757,0.6581078660749844,0.6504073934951059
0022000008,2020-12-25,2020-21,LAL,DAL,1,0.6199983656824968,0.6451361126182958,0.643151973125339,0.6431159631514981,0.6325984967258405
0022000009,2020-12-25,2020-21,DEN,LAC,0,0.42599194628060333,0.3867231435782729,0.38904173286328025,0.3890633673518974,0.3778418877854535
0022000021,2020-12-26,2020-21,MEM,ATL,0,0.6741076902570965,0.6625597240655832,0.6625697245028088,0.6625361457204506,0.72000552212908
0022000022,2020-12-26,2020-21,CHA,OKC,0,0.4176155131472034,0.36096798529268054,0.3651204952127682,0.36507975502403633,0.4462157392050205
0022000023,2020-12-26,2020-21,DET,CLE,0,0.660468487851279,0.6664024817438049,0.6635830314113362,0.6635317123721897,0.663964923855146
0022000024,2020-12-26,2020-21,WAS,ORL,0,0.5164539830342002,0.5286293809964875,0.5271661175776914,0.5271269880092483,0.5493462355509436
0022000025,2020-12-26,2020-21,NYK,PHI,0,0.3142075233296025,0.26825610226060903,0.27143795295157697,0.27145942611966684,0.2697306848405356
0022000026,2020-12-26,2020-21,CHI,IND,0,0.2975848982565942,0.27994568409419635,0.28258479137775405,0.28262457627725385,0.31350729313085623
0022000027,2020-12-26,2020-21,SAS,TOR,1,0.5060131851981325,0.4989899413905614,0.4995516851564897,0.49955151081304777,0.4780625897908002
0022000028,2020-12-26,2020-21,UTA,MIN,0,0.6597917224889324,0.6737449218783749,0.6734064605365857,0.6734065102459864,0.7132475947240278
0022000029,2020-12-26,2020-21,POR,HOU,1,0.5559897397708322,0.5741320505702311,0.574235977999995,0.5742632749548487,0.5590822204892472
0022000030,2020-12-26,2020-21,SAC,PHX,1,0.49940676886218355,0.4695583913638169,0.46999676625329345,0.4700078369104704,0.4870588557012223
0022000031,2020-12-27,2020-21,LAC,DAL,0,0.749221925513378,0.7592277654687626,0.7575682651179151,0.7575070180606184,0.7553324020948654
0022000032,2020-12-27,2020-21,CHA,BKN,1,0.3685903908387561,0.37265691464616196,0.37124170938804935,0.37122608529387513,0.36404690147559093
0022000033,2020-12-27,2020-21,WAS,ORL,0,0.5278844612341065,0.4354271150473185,0.43721527066183374,0.4371544251135582,0.5183726601753951
0022000034,2020-12-27,2020-21,NOP,SAS,1,0.6129983386284485,0.5950013701900349,0.5951344028097045,0.595121564597495,0.617317479290292
0022000035,2020-12-27,2020-21,CLE,PHI,1,0.3743917184294432,0.2669975316317829,0.2709903720610736,0.27097962520083946,0.38386191457877356
0022000036,2020-12-27,2020-21,NYK,MIL,1,0.2065778797303392,0.1821756830194052,0.18308954111413372,0.18311993630989598,0.18617481218334797
0022000037,2020-12-27,2020-21,IND,BOS,1,0.5438066153967027,0.5516679687816071,0.5494516565041834,0.5494402907458008,0.5490621256414879
0022000038,2020-12-27,2020-21,CHI,GSW,0,0.4868048431128081,0.5332674499878715,0.5319780092995635,0.5320155110217856,0.46872231744208354
0022000039,2020-12-27,2020-21,SAC,PHX,0,0.521149404636366,0.5051296209853854,0.5036818410481664,0.5036905277297136,0.4956448729098016
0022000040,2020-12-27,2020-21,LAL,MIN,1,0.7328207967060193,0.7442318064518372,0.7445556432911147,0.744546932940088,0.7148235026382097
0022000041,2020-12-28,2020-21,ATL,DET,1,0.5683893157294932,0.6715528657336087,0.6691656958736734,0.6692465686849332,0.6041833039666055
0022000042,2020-12-28,2020-21,BKN,MEM,0,0.5621238860691967,0.4395371762167727,0.44324667692219155,0.4431543701643779,0.5218931095452508
0022000043,2020-12-28,2020-21,OKC,UTA,0,0.49676181311717,0.5139987276695006,0.5154187355448583,0.5154412187498796,0.44948394848358864
0022000044,2020-12-28,2020-21,DEN,HOU,1,0.573249112850146,0.578092093525601,0.5764988089245907,0.5764889279929436,0.5646204171532654
0022000045,2020-12-28,2020-21,LAL,POR,0,0.5952212000574584,0.6274701540967905,0.6266715484052828,0.6266901098584543,0.6112386741591983
0022000046,2020-12-29,2020-21,CLE,NYK,0,0.6043032659169679,0.5657344456574392,0.5660866565335841,0.566084823175162,0.5687631220773259
0022000047,2020-12-29,2020-21,DET,GSW,0,0.5245458142034604,0.5380428409156106,0.5369652923787115,0.5369466137772162,0.5779869361823112
0022000048,2020-12-29,2020-21,IND,BOS,0,0.5927812312018022,0.5937722595562157,0.5924028762209793,0.5923959502324182,0.6520036111583317
0022000049,2020-12-29,2020-21,PHI,TOR,1,0.45833511807627614,0.4926895693108002,0.4936051168486168,0.4935577929325538,0.5116730952906676
0022000050,2020-12-29,2020-21,WAS,CHI,0,0.624461903598233,0.6167425065335986,0.6157595606060557,0.6157633389778521,0.6868604339086616
0022000051,2020-12-29,2020-21,MIA,MIL,0,0.5786232901873564,0.5360799946620236,0.5354093012237007,0.5353914000858548,0.5432838053908065
0022000052,2020-12-29,2020-21,OKC,ORL,0,0.515129940142063,0.410727883198836,0.41380332394149283,0.4137974974398726,0.402048821271022
0022000053,2020-12-29,2020-21,PHX,NOP,1,0.5779246507792215,0.5751933729123744,0.5762674451898742,0.5762820129255384,0.6184987440537336
0022000054,2020-12-29,2020-21,LAC,MIN,1,0.7005636200615866,0.7498830149372331,0.747933649131822,0.7479368934656399,0.6719951285251979
0022000055,2020-12-29,2020-21,SAC,DEN,1,0.562407699767856,0.5276646903514668,0.529521890679111,0.5295506117374377,0.5507606940513551
0022000056,2020-12-30,2020-21,BOS,MEM,1,0.5490859651205141,0.5597561568413302,0.5590627160403143,0.5590447900772304,0.5766399785971493
0022000057,2020-12-30,2020-21,BKN,ATL,1,0.6105669452062329,0.5814270826001032,0.5831145660497009,0.5831544643714924,0.6032235890821124
0022000058,2020-12-30,2020-21,MIA,MIL,1,0.41384582770547135,0.40481578187099587,0.4049489123966817,0.40495260624008533,0.399681062260036
0022000059,2020-12-30,2020-21,DAL,CHA,0,0.702031302690705,0.6927052907450766,0.6932622105996554,0.6932755598360423,0.6964846019008485
0022000060,2020-12-30,2020-21,SAS,LAL,0,0.49060882024952124,0.48964301646645925,0.48904222946182746,0.4890591194733838,0.40865590742323066
0022000061,2020-12-30,2020-21,LAC,POR,1,0.49505150092917777,0.5698526735488182,0.5682801373536908,0.5683290775866601,0.5725247391130176
0022000062,2020-12-31,2020-21,IND,CLE,1,0.7605565081394591,0.7545477150137575,0.7531315460724526,0.753050105806276,0.7740034085439566
0022000063,2020-12-31,2020-21,WAS,CHI,0,0.6097102679877764,0.6366152171928914,0.6338219129176574,0.6338411032705487,0.5884524143487219
0022000064,2020-12-31,2020-21,ORL,PHI,0,0.49445452028981585,0.4331341783194985,0.4367856825379805,0.43680017195628734,0.4424571441621501
0022000065,2020-12-31,2020-21,HOU,SAC,1,0.5648066150931316,0.5647919507391711,0.5644317143641359,0.5644180883450329,0.6008128694259833
0022000066,2020-12-31,2020-21,TOR,NYK,1,0.7492410511505952,0.7529383047030033,0.7510581946146153,0.7510475895343761,0.7160698326428844
0022000067,2020-12-31,2020-21,OKC,NOP,0,0.5046019550907791,0.4552176870496991,0.4590641135253077,0.4591270201903129,0.5096971504118487
0022000068,2020-12-31,2020-21,UTA,PHX,0,0.5386962775657282,0.5263927882321406,0.5253371911436059,0.5253248737577281,0.5502722258334396
0022000069,2021-01-01,2020-21,CHA,MEM,0,0.5539378820867975,0.5649189022766824,0.5627900855487451,0.5628170002881937,0.5380574426274888
0022000070,2021-01-01,2020-21,DET,BOS,1,0.36091050316299966,0.2808225261303539,0.2817311329776581,0.28169341951050636,0.3390704046412955
0022000071,2021-01-01,2020-21,DAL,MIA,1,0.5563682248685742,0.5090269214684928,0.510500627120521,0.5105505953616406,0.4709548178416942
0022000072,2021-01-01,2020-21,BKN,ATL,0,0.6332048128364894,0.6820539778292981,0.6804279020418571,0.6804816929175173,0.6290324794994352
0022000073,2021-01-01,2020-21,MIL,CHI,1,0.8402556470711252,0.8301144828501222,0.8303494903924087,0.830334470495297,0.8455578629032001
0022000074,2021-01-01,2020-21,MIN,WAS,0,0.6624827790297175,0.7188228273098739,0.71633423063388,0.7163465147691229,0.699128069868473
0022000075,2021-01-01,2020-21,SAS,LAL,0,0.41443154657007625,0.4280068548650262,0.428233170712901,0.42827525667292193,0.4083007497318463
0022000076,2021-01-01,2020-21,DEN,PHX,0,0.5008044991836144,0.4913053739040686,0.4926443382809759,0.49261736219931795,0.5126026296893994
0022000077,2021-01-01,2020-21,UTA,LAC,1,0.443437087101106,0.40282251863278096,0.4034508084624491,0.40348656265433114,0.4215018552312874
0022000078,2021-01-01,2020-21,GSW,POR,0,0.42540442106354104,0.4258089346401861,0.4259613374169769,0.4259563290507465,0.4317027055393449
0022000079,2021-01-02,2020-21,HOU,SAC,1,0.5914116928447003,0.6247992068143854,0.6229270944072482,0.6229409789696374,0.5656146299078643
0022000080,2021-01-02,2020-21,IND,NYK,0,0.7342768284342724,0.7498514616885185,0.7483475435655677,0.7483310145321878,0.7744949471128935
0022000081,2021-01-02,2020-21,ORL,OKC,0,0.5861266110456582,0.561392781514647,0.5625828006900639,0.5625100127332721,0.6305071668589824
0022000082,2021-01-02,2020-21,PHI,CHA,1,0.7708263204801251,0.7744373072246956,0.7741539589867364,0.7741071085648643,0.8010299208510464
0022000083,2021-01-02,2020-21,ATL,CLE,0,0.6204946697770299,0.6448531126034975,0.6426866712762905,0.6426464896067792,0.6634169626485585
0022000084,2021-01-02,2020-21,NOP,TOR,1,0.5133521674363749,0.5131859815918403,0.5128401176455654,0.5128430171035727,0.46392208803306556
0022000085,2021-01-03,2020-21,DET,BOS,0,0.3582383916798792,0.3565226654800181,0.35601094762881635,0.35599913498985264,0.3622199092081674
0022000086,2021-01-03,2020-21,BKN,WAS,0,0.6631142756551651,0.6636107909528934,0.6631669840795438,0.6631742878790787,0.6022672216729203
0022000087,2021-01-03,2020-21,MEM,LAL,0,0.4263622405744727,0.4496456327733508,0.4225028195156378,0.4225643852220717,0.39120355957867126
0022000088,2021-01-03,2020-21,MIN,DEN,0,0.3878496012577951,0.38386163948348506,0.38359027565246545,0.3836086191387609,0.3960087283303011
0022000089,2021-01-03,2020-21,SAS,UTA,0,0.46866668960701774,0.46432596150252564,0.46570376651841006,0.46569792199920385,0.4801255880020255
0022000090,2021-01-03,2020-21,CHI,DAL,1,0.3443654074592064,0.3892423929889184,0.38716907874502915,0.3872093925302542,0.362741225159452
0022000091,2021-01-03,2020-21,PHX,LAC,0,0.5701633945281707,0.5596073578200983,0.5604209633956077,0.5604424996996218,0.5214973230935929
0022000092,2021-01-03,2020-21,GSW,POR,1,0.3757478251459455,0.4029792903592229,0.4021002788973403,0.4021322807434435,0.3654059500425439
0022000093,2021-01-04,2020-21,ORL,CLE,1,0.6419795219001647,0.6529492735261438,0.6515419738704361,0.6515505818300156,0.6233217954375108
0022000094,2021-01-04,2020-21,PHI,CHA,1,0.7462179913595012,0.75137047315041,0.7498259200727737,0.7498025732811496,0.7490059686567689
0022000095,2021-01-04,2020-21,ATL,NYK,0,0.6012385684060798,0.5810402571427026,0.5814193833314013,0.5814026094560619,0.6247958917582092
0022000096,2021-01-04,2020-21,MIA,OKC,1,0.6619550941190524,0.6906406367526655,0.6872904900241186,0.6872557865675611,0.672512832823439
0022000097,2021-01-04,2020-21,TOR,BOS,0,0.6689110145051049,0.6832870259755222,0.6815870714234545,0.6815941605828337,0.7064377676753598
0022000098,2021-01-04,2020-21,HOU,DAL,0,0.6023792872621925,0.6091853616177814,0.6091099525255408,0.6090934165013786,0.5887208868025381
0022000099,2021-01-04,2020-21,MIL,DET,1,0.8488630728787806,0.8478990153988069,0.8475751746568013,0.8475924203164614,0.8387210083068225
0022000100,2021-01-04,2020-21,NOP,IND,0,0.529024925581262,0.5155022305581327,0.5156008236818431,0.5156123267072114,0.5253440832206889
0022000101,2021-01-04,2020-21,GSW,SAC,1,0.46167474705551476,0.48769684872137936,0.48438860505669545,0.4843450046853133,0.48723398841682275
0022000102,2021-01-05,2020-21,BKN,UTA,1,0.48409388328891056,0.39515693746226765,0.3977987315425334,0.39779554787843324,0.4261514622097403
0022000103,2021-01-05,2020-21,MEM,LAL,0,0.38307093281655097,0.387326578566104,0.3875122410693771,0.38755124340322916,0.3373220015153818
0022000104,2021-01-05,2020-21,DEN,MIN,1,0.7362338890486182,0.7400359747450064,0.7395899304440533,0.7395732747003879,0.7343925347411965
0022000105,2021-01-05,2020-21,LAC,SAS,0,0.7479804060517531,0.7097977722318308,0.7081760275511148,0.7081260199649005,0.6933457296524734
0022000106,2021-01-05,2020-21,POR,CHI,0,0.6884588245901274,0.6915303314078449,0.6901776712826676,0.6901601672643448,0.7092692730931246
0022000107,2021-01-06,2020-21,IND,HOU,1,0.6839949019843665,0.6927976094966003,0.690869538364443,0.6908642940143168,0.6651126350496407
0022000108,2021-01-06,2020-21,ORL,CLE,1,0.6746814540681273,0.6933895735662895,0.6923784402029644,0.6923578426452255,0.6706767151207254
0022000109,2021-01-06,2020-21,PHI,WAS,1,0.7150704266398904,0.7273744287468938,0.7269899496122135,0.7269822016377286,0.764793797901744
0022000110,2021-01-06,2020-21,ATL,CHA,0,0.6166917252302321,0.6143525680173034,0.6140569281708004,0.6140515843470282,0.6010771365170626
0022000111,2021-01-06,2020-21,MIA,BOS,0,0.5394985756555437,0.5717053095543849,0.5695593980917484,0.5695039254337645,0.5969300486485087
0022000112,2021-01-06,2020-21,NYK,UTA,1,0.5374745867848016,0.4740503018972298,0.4763690663142356,0.47637212939598006,0.4386014633560736
0022000113,2021-01-06,2020-21,MIL,DET,1,0.8004786222841858,0.8076828071613006,0.8073250877569103,0.8073462475673022,0.7660758639970964
0022000114,2021-01-06,2020-21,NOP,OKC,0,0.6723361511481247,0.6520658314544902,0.6509204382453523,0.6509117141349865,0.7123105650690231
0022000115,2021-01-06,2020-21,PHX,TOR,1,0.6233938133795188,0.6087573202186912,0.6029204636535972,0.6029259703286016,0.643622727084256
0022000116,2021-01-06,2020-21,GSW,LAC,0,0.4666844444861527,0.44956861509965335,0.45077714145421083,0.45077983355094103,0.4285370772763119
0022000117,2021-01-06,2020-21,SAC,CHI,1,0.6344259007019841,0.6099156327099864,0.611871819442988,0.6118881705379563,0.6033051573101212
0022000118,2021-01-07,2020-21,BKN,PHI,1,0.4943282525705875,0.4414221632540761,0.4467100563179183,0.4467341387575876,0.47283030521534253
0022000119,2021-01-07,2020-21,MEM,CLE,0,0.7453913578213733,0.7444108139964275,0.7434824502833512,0.7434886989672305,0.7131044703837496
0022000120,2021-01-07,2020-21,DEN,DAL,0,0.5436511902532489,0.5639965001294649,0.5626891508285342,0.5626918777196042,0.5639429858454481
0022000121,2021-01-07,2020-21,LAL,SAS,0,0.6903658500920214,0.6488734196671838,0.6499497164513466,0.6499253203279866,0.683758264266278
0022000122,2021-01-07,2020-21,POR,MIN,1,0.7074450968985725,0.7092075469787634,0.7084254193526831,0.7084151213112593,0.7008407046887446
0022000123,2021-01-08,2020-21,DET,PHX,1,0.30579800965785,0.30004539273859504,0.299684090645775,0.2996754668215835,0.2760901357805337
0022000124,2021-01-08,2020-21,BOS,WAS,1,0.7071882668169226,0.6563741981524218,0.6583418108327188,0.6582870270845304,0.7286416017226338
0022000125,2021-01-08,2020-21,NYK,OKC,0,0.5764148791543374,0.5952926859907132,0.5935452212475557,0.5935208274762414,0.6159731933290409
0022000126,2021-01-08,2020-21,NOP,CHA,0,0.6627302379138926,0.6563239336344215,0.6558997632288591,0.6559031313159472,0.6663303342800186
0022000127,2021-01-08,2020-21,HOU,ORL,1,0.5623781918320517,0.6144333316852034,0.6107352367204599,0.6107853761619798,0.5263494617351563
0022000128,2021-01-08,2020-21,MEM,BKN,1,0.5093690419629645,0.5125135996757295,0.5115523221246768,0.5115281383293269,0.5298211778249238
0022000129,2021-01-08,2020-21,MIL,UTA,0,0.6613651729113473,0.6702059717547655,0.6703746270792689,0.6703973812104119,0.7216365486887478
0022000130,2021-01-08,2020-21,GSW,LAC,1,0.3687283336056152,0.314849704426343,0.31645925673047665,0.3164721750087247,0.40046574931539847
0022000131,2021-01-08,2020-21,LAL,CHI,1,0.6970869064129447,0.6598987879972924,0.6614951794973656,0.661451112580016,0.7249678360696896
0022000132,2021-01-08,2020-21,SAC,TOR,0,0.41815433505327076,0.4371450748696593,0.4368191026180347,0.4368781129194995,0.4023511049440007
0022000133,2021-01-09,2020-21,PHI,DEN,0,0.6020518312734924,0.43897035078335117,0.44650715091387966,0.44633729520929377,0.6059525486308996
0022000134,2021-01-09,2020-21,CHA,ATL,1,0.5064263486070268,0.5299960797177538,0.5287506191123801,0.5287391539239085,0.5357230653312796
0022000135,2021-01-09,2020-21,IND,PHX,0,0.6124814251952484,0.610202913646899,0.6097139726172787,0.6097221098663802,0.5730769538586616
0022000136,2021-01-09,2020-21,WAS,MIA,0,0.3303138359166834,0.31676435611279435,0.3181285865381223,0.3181312588718914,0.2858021853351617
0022000137,2021-01-09,2020-21,MIL,CLE,1,0.7174980830903683,0.7367889059897987,0.7357399768295371,0.7357094710779213,0.7073510441917517
0022000138,2021-01-09,2020-21,MIN,SAS,0,0.36950863018735264,0.3596391672268663,0.3595413564507609,0.3595400101440059,0.3437982885946373
0022000139,2021-01-09,2020-21,DAL,ORL,1,0.7961922539912549,0.7299853544452369,0.7320274145951684,0.7318983451197781,0.7643883419820044
0022000140,2021-01-09,2020-21,SAC,POR,0,0.37592648863175027,0.3597381211851391,0.3610232737873841,0.3610670805774799,0.3564373021864952
0022000141,2021-01-10,2020-21,DET,UTA,0,0.41419362686734434,0.4213557965375565,0.4203447669600447,0.42030237105377605,0.3563449847419213
0022000142,2021-01-10,2020-21,LAC,CHI,1,0.7483109329975866,0.8131883815272439,0.8104954211476413,0.8104806038400965,0.822296019967306
0022000143,2021-01-10,2020-21,BKN,OKC,0,0.6202609710417665,0.6216847172867694,0.6185747693067557,0.6185817470473358,0.6295647319350297
0022000144,2021-01-10,2020-21,NYK,DEN,0,0.5343515460786883,0.5083973574473355,0.5091612299909976,0.5091658138557664,0.5123049058198104
0022000146,2021-01-10,2020-21,HOU,LAL,0,0.4315193076636584,0.459697418452973,0.4591976142846633,0.4592405868926618,0.4130275365803815
0022000147,2021-01-10,2020-21,MIN,SAS,1,0.3773240519771203,0.35662938161027186,0.35723765747255176,0.3572360601732818,0.37834926683817
0022000148,2021-01-10,2020-21,GSW,TOR,1,0.4630648673441862,0.44599674006914924,0.44455206597802477,0.44451362702134706,0.44403136716101393
0022000149,2021-01-11,2020-21,CHA,NYK,1,0.6855593488753534,0.7064693261691815,0.7050700439553028,0.7050837675036408,0.6827400244277116
0022000150,2021-01-11,2020-21,CLE,MEM,0,0.47758178531766154,0.4373515386092993,0.4385673911297546,0.4385731950909517,0.48700362326913377
0022000151,2021-01-11,2020-21,ORL,MIL,0,0.35203941457640436,0.2963557218998524,0.29739946683883905,0.29742951765277403,0.2835507603199965
0022000152,2021-01-11,2020-21,WAS,PHX,1,0.30835535505669825,0.2689030994783441,0.2713100431379486,0.2712969178282756,0.32638700617155275
0022000153,2021-01-11,2020-21,ATL,PHI,1,0.48991500333660687,0.3669250393280941,0.3680149011673694,0.3679956169209101,0.3971859109020053
0022000155,2021-01-11,2020-21,POR,TOR,1,0.5758805210957993,0.5692611789580697,0.5696209290322298,0.569618471102483,0.5752365840773733
0022000156,2021-01-11,2020-21,SAC,IND,1,0.35468462852574634,0.33769650534244017,0.3392531770743614,0.33925465111636455,0.3017699696865989
0022000157,2021-01-12,2020-21,PHI,MIA,1,0.40166409618313437,0.6064783767639965,0.601048432979206,0.6012023898240583,0.5465541604657399
0022000158,2021-01-12,2020-21,BKN,DEN,1,0.5000217488182775,0.49801703611820963,0.4986315603193711,0.4986801792500747,0.4553556855671068
0022000159,2021-01-12,2020-21,CLE,UTA,0,0.2872670584952517,0.2739315889258231,0.2753471580490941,0.2753847543715355,0.3019481925089028
0022000161,2021-01-12,2020-21,HOU,LAL,0,0.38590185024616547,0.3715175134072016,0.37246693777558953,0.37250267578935564,0.35512534509059335
0022000162,2021-01-12,2020-21,OKC,SAS,0,0.5384537354022906,0.5339427080846844,0.5343640070318333,0.5343752926853512,0.5150435101908823
0022000163,2021-01-12,2020-21,GSW,IND,0,0.5841577333557737,0.6040352367473044,0.6028722986913649,0.6027966338101944,0.6793722742144307
0022000164,2021-01-13,2020-21,CHA,DAL,0,0.4402074407923175,0.5021804266293523,0.499982208762338,0.5000175809474805,0.46426685916314825
0022000165,2021-01-13,2020-21,DET,MIL,0,0.28419645927716064,0.2878772802900445,0.2866258221230496,0.28662003436884315,0.27990892864018
0022000168,2021-01-13,2020-21,NYK,BKN,0,0.5013677611658757,0.49804956604367073,0.497921509291123,0.49789309524653114,0.4945624869655482
0022000169,2021-01-13,2020-21,MIN,MEM,0,0.43720304305207935,0.4388754313743982,0.43759346804765337,0.43755098115426067,0.4586884839179472
0022000170,2021-01-13,2020-21,OKC,LAL,0,0.38112885288112164,0.34820416141333865,0.3497949084005771,0.3498214215653314,0.3040777752734181
0022000172,2021-01-13,2020-21,LAC,NOP,1,0.6658315194716226,0.7939206979991625,0.7900379603660814,0.7900529103313138,0.7752984666575118
0022000173,2021-01-13,2020-21,SAC,POR,0,0.35995272594633243,0.3580458002952584,0.3593419594091294,0.3594013238637426,0.3073235735057817
0022000174,2021-01-14,2020-21,PHI,MIA,1,0.5894314372789543,0.5619747851733936,0.560542688475093,0.5605462381082976,0.5532467351067178
0022000175,2021-01-14,2020-21,TOR,CHA,1,0.7720433703643735,0.7667492446105753,0.7662871913699217,0.7662453859420656,0.8099938970044169
0022000176,2021-01-14,2020-21,SAS,HOU,0,0.6250872591926678,0.7127150509690637,0.7083947303125073,0.7084250880358645,0.7551356259322641
0022000177,2021-01-14,2020-21,DEN,GSW,1,0.5928889160540775,0.5859643048813108,0.5879153092330341,0.587959302889007,0.6186591070232234
0022000178,2021-01-14,2020-21,POR,IND,0,0.5232384641793186,0.54932578886511,0.5467094027963679,0.5466844515938009,0.5258568804266205
0022000180,2021-01-15,2020-21,BOS,ORL,1,0.7833254300710907,0.714752024578265,0.7150964300514504,0.7150305782952309,0.7206234431391734
0022000181,2021-01-15,2020-21,CLE,NYK,1,0.5065035177472418,0.5099463586214295,0.5101744649784368,0.5101800035984225,0.5006180881001641
0022000182,2021-01-15,2020-21,MIL,DAL,1,0.6339306121200893,0.6417542336366948,0.6403153621999446,0.6403030069138415,0.653713830404124
0022000184,2021-01-15,2020-21,OKC,CHI,1,0.5456825795325997,0.5231984339916947,0.5265769345259433,0.5266103547815141,0.49681961742881775
0022000186,2021-01-15,2020-21,UTA,ATL,1,0.680936343676205,0.6829315258667409,0.683179701812502,0.6831574491668045,0.7032337151924896
0022000187,2021-01-15,2020-21,LAL,NOP,1,0.7528244706279923,0.7146471670535881,0.7150149325660118,0.7149768748211239,0.7376452554570367
0022000188,2021-01-15,2020-21,SAC,LAC,0,0.2840996485030247,0.2748889391202268,0.2771934330522057,0.27726143197611974,0.27264137323850546
0022000189,2021-01-16,2020-21,SAS,HOU,1,0.6523685119767179,0.697192126021671,0.6934718883447156,0.6934387222971973,0.7359275161184328
0022000190,2021-01-16,2020-21,BKN,ORL,1,0.7828214769544365,0.7880748375623431,0.7937041210988535,0.7936748842350493,0.8009538251200475
0022000191,2021-01-16,2020-21,TOR,CHA,1,0.7173340739780457,0.699515357711484,0.6982128277680207,0.6981898084706564,0.6895006764347347
0022000192,2021-01-16,2020-21,MIA,DET,0,0.637365520780241,0.6024821577725425,0.6059255707302487,0.6059435737349891,0.5994297591811264
0022000193,2021-01-16,2020-21,MEM,PHI,1,0.5450011907802158,0.624898819671862,0.6214782940228221,0.621516641289445,0.5584290833524262
0022000195,2021-01-16,2020-21,POR,ATL,1,0.7312772894977365,0.7100353248666148,0.7101273302573978,0.710084593490221,0.7295152785229951
0022000196,2021-01-17,2020-21,BOS,NYK,0,0.748904126351094,0.7531232291893376,0.7536602615378571,0.7536574054112704,0.7585795355488744
0022000198,2021-01-17,2020-21,DAL,CHI,0,0.7426605326492032,0.7233044100568672,0.7246002618729226,0.7245574216683064,0.7662832889157392
0022000200,2021-01-17,2020-21,DEN,UTA,0,0.5149139899688994,0.5059732609523574,0.5057312221774123,0.5057398876222993,0.4807263251801402
0022000201,2021-01-17,2020-21,SAC,NOP,0,0.38541857075876185,0.37152187618414034,0.3763327833463174,0.37635205135517236,0.3630983413787927
0022000202,2021-01-17,2020-21,LAC,IND,1,0.5922620759902651,0.6164365577686115,0.6160514009199219,0.6160397969860943,0.6354504599367875
0022000203,2021-01-18,2020-21,NYK,ORL,1,0.5412064022298857,0.5556865326315414,0.5542287490461496,0.5542203697198397,0.5609183280978912
0022000205,2021-01-18,2020-21,ATL,MIN,1,0.615989802998149,0.7682359954857539,0.7653677811990275,0.7654111266934102,0.7099920216306149
0022000206,2021-01-18,2020-21,MIA,DET,1,0.5658322569059646,0.5728821222080394,0.5745052211304503,0.5745355138596184,0.5608239000371944
0022000207,2021-01-18,2020-21,POR,SAS,0,0.5486231679023551,0.48307619621169495,0.48491004859874703,0.48486873713892026,0.5224238920605756
0022000208,2021-01-18,2020-21,MEM,PHX,1,0.45211399760466,0.3677868207293357,0.3734193139564915,0.37344030078422186,0.3593805927522522
0022000209,2021-01-18,2020-21,BKN,MIL,1,0.41108465927085325,0.40053282480901325,0.4022305623656796,0.4022564569598953,0.3788191642353004
0022000210,2021-01-18,2020-21,TOR,DAL,1,0.6676655076266172,0.6596992257131922,0.6586965007002678,0.6586798424391423,0.6743854798847128
0022000211,2021-01-18,2020-21,CHI,HOU,1,0.5211928226621594,0.4630976913981197,0.4620183223910226,0.4619579631787807,0.4712064598496239
0022000212,2021-01-18,2020-21,LAL,GSW,0,0.7659440684619215,0.7454986158412369,0.7471732578241077,0.7471687631969913,0.7936991343683264
0022000213,2021-01-19,2020-21,DEN,OKC,1,0.6971466515839061,0.7047986765131519,0.7041445947149223,0.704094114353349,0.7083802814438092
0022000214,2021-01-19,2020-21,UTA,NOP,1,0.7027603516971839,0.6860118524902059,0.678580585663589,0.6785599693467153,0.6590543124497544
0022000216,2021-01-20,2020-21,CLE,BKN,1,0.3495644847326903,0.33904115930356205,0.3384824125193007,0.33850446262245915,0.29840125148254926
0022000217,2021-01-20,2020-21,IND,DAL,0,0.5771803889748184,0.5905008037033994,0.588542961457549,0.58853704297539,0.6074602975862881
0022000218,2021-01-20,2020-21,PHI,BOS,1,0.5460469376674505,0.5346154125398557,0.5343807847924034,0.5343881504081965,0.6310835990098534
0022000219,2021-01-20,2020-21,ATL,DET,1,0.5775151568754328,0.5679881305567137,0.5693455971728634,0.5693136582099216,0.5983945459695942
0022000220,2021-01-20,2020-21,TOR,MIA,0,0.6729465065479457,0.6992048465658876,0.6980100614655225,0.6980023359847197,0.7369822140143005
0022000221,2021-01-20,2020-21,MIN,ORL,0,0.49383073527225263,0.47143808317887864,0.471932802979131,0.4719216365968309,0.44669887314585144
0022000222,2021-01-20,2020-21,HOU,PHX,0,0.39770892397506286,0.41109793900827,0.4119571978401606,0.412007908573477,0.3676608347663213
0022000223,2021-01-20,2020-21,GSW,SAS,1,0.46359842139777674,0.4887073132579712,0.48743906370713913,0.4873817440337918,0.4816880874630614
0022000224,2021-01-20,2020-21,LAC,SAC,1,0.8509433829178616,0.8671519089512856,0.8656168297834173,0.8655810293701415,0.8800921578797605
0022000226,2021-01-21,2020-21,MIL,LAL,0,0.526478818813256,0.556584149138517,0.5556235024508782,0.555633067140448,0.5234232008284271
0022000227,2021-01-21,2020-21,UTA,NOP,1,0.6814584494716615,0.6900416786533445,0.6891586024778349,0.6891442130810658,0.6894147097638027
0022000228,2021-01-21,2020-21,GSW,NYK,0,0.556117439152679,0.6499896104805171,0.6461567561784003,0.6461301308328545,0.6246990067041095
0022000229,2021-01-22,2020-21,CHA,CHI,0,0.6087505911675194,0.6557030424528371,0.6529883741587479,0.6530226367381202,0.6067130517883532
0022000230,2021-01-22,2020-21,DET,HOU,0,0.5107027633425867,0.5419088099429904,0.5387171063850774,0.5387285878284109,0.5308431597659683
0022000231,2021-01-22,2020-21,IND,ORL,1,0.7031480514965166,0.7127111030892527,0.7119245350230238,0.7118989500211076,0.7372521463882612
0022000232,2021-01-22,2020-21,CLE,BKN,1,0.40508027965396187,0.4711802151055733,0.46860102366267725,0.4686434290389749,0.3988030121143651
0022000233,2021-01-22,2020-21,PHI,BOS,1,0.6124773845169896,0.6566284647676914,0.6539610543730869,0.6539186353150467,0.6763140228677968
0022000234,2021-01-22,2020-21,TOR,MIA,1,0.6620519275767325,0.6476990412041288,0.6474288390458174,0.6473836484691565,0.6356378304905389
0022000236,2021-01-22,2020-21,MIN,ATL,0,0.3588360437204484,0.38700074343501956,0.38762674246949924,0.3876429789846591,0.42083982030369843
0022000237,2021-01-22,2020-21,SAS,DAL,0,0.5470142966132562,0.5535834538704403,0.5520839375987081,0.5520651584139983,0.5798470912127227
0022000238,2021-01-22,2020-21,PHX,DEN,0,0.5860899468455707,0.5825263298925424,0.5821189178108149,0.5820993507445741,0.623925701213915
0022000239,2021-01-22,2020-21,LAC,OKC,1,0.7956438304350916,0.8143742447836565,0.8127108983311828,0.8126519197208494,0.8444677454048887
0022000241,2021-01-22,2020-21,SAC,NYK,1,0.49400130860172387,0.4728655077425489,0.4745096798407435,0.47450684408179966,0.46481503367990273
0022000242,2021-01-23,2020-21,UTA,GSW,1,0.6906007464053567,0.6798062507013599,0.6802427746207956,0.6802646894652871,0.6869623733983483
0022000243,2021-01-23,2020-21,DET,PHI,0,0.36423395582860385,0.3016645810529569,0.304230307164761,0.3041824330799781,0.29604651931435383
0022000244,2021-01-23,2020-21,BKN,MIA,1,0.6017440743043073,0.5794553889749753,0.5802893314623746,0.5803122880985354,0.5769621146792421
0022000245,2021-01-23,2020-21,CHI,LAL,0,0.2589563075098026,0.25245596711294244,0.2527427629348769,0.2527425848469585,0.19431920001814876
0022000246,2021-01-23,2020-21,MIN,NOP,1,0.32825698364615197,0.28438421768031535,0.2856726168864035,0.28562807287610753,0.33257416451764477
0022000247,2021-01-23,2020-21,DAL,HOU,0,0.651722397025685,0.6760241981274465,0.6754585261455122,0.6754544057216149,0.6631788344402698
0022000248,2021-01-23,2020-21,PHX,DEN,0,0.5990252874430114,0.5967816537655147,0.5781830699937237,0.5780992637607537,0.6079923246635824
0022000249,2021-01-24,2020-21,IND,TOR,0,0.5038645826537929,0.493439997300364,0.492637425533283,0.4926507263347452,0.5359400483696148
0022000250,2021-01-24,2020-21,BOS,CLE,1,0.6798800086009479,0.6623576474254099,0.662139473729089,0.6621239118096222,0.6633330430349009
0022000251,2021-01-24,2020-21,LAC,OKC,1,0.8115112407370487,0.8307918019886289,0.8286361535498169,0.8285968733920684,0.8609980767669427
0022000252,2021-01-24,2020-21,ORL,CHA,0,0.48394589845162705,0.40670585233618445,0.40920465203872536,0.4092082156501542,0.40199952102525593
0022000253,2021-01-24,2020-21,SAS,WAS,1,0.6007385410711639,0.6536324923860215,0.6529194564247345,0.6530769422887833,0.5356295835297369
0022000254,2021-01-24,2020-21,MIL,ATL,1,0.7417931426613917,0.7657559953255321,0.7640910960239042,0.764100217297736,0.77075446326815
0022000256,2021-01-24,2020-21,POR,NYK,1,0.6199880037916758,0.6521819659829351,0.6485181424383661,0.6485320071974546,0.6255569973205977
0022000257,2021-01-25,2020-21,DET,PHI,1,0.3071957149437687,0.3609788215213841,0.3601107844648967,0.36014437681209976,0.4384473296983373
0022000258,2021-01-25,2020-21,IND,TOR,1,0.512914900360831,0.5076597646934954,0.5070226664662719,0.5070295381521547,0.5141354545734553
0022000259,2021-01-25,2020-21,ORL,CHA,1,0.4538122876223281,0.4494690380770891,0.45126575877175445,0.45128746971981626,0.4706453179215275
0022000260,2021-01-25,2020-21,BKN,MIA,1,0.5820576578448062,0.60273942232309,0.6018704028317645,0.6019202497774278,0.5954219901935295
0022000261,2021-01-25,2020-21,CLE,LAL,0,0.18652331718743553,0.1665583788775028,0.16754994403099005,0.1675597485555138,0.15774110386309145
0022000262,2021-01-25,2020-21,CHI,BOS,0,0.47948816066905137,0.5131793254645732,0.5130493301576009,0.5130774393979614,0.4962770176882186
0022000265,2021-01-25,2020-21,DAL,DEN,0,0.4529041567626512,0.44605301714292295,0.4470890157903971,0.44710091427356846,0.48158898998521327
0022000266,2021-01-25,2020-21,GSW,MIN,1,0.6716808461879386,0.7078792606646861,0.7064562112341266,0.7064331927787169,0.6810537069507586
0022000267,2021-01-25,2020-21,POR,OKC,0,0.6667270161464266,0.7017844052914186,0.7000386062162577,0.6999824145919147,0.7311837834612914
0022000268,2021-01-26,2020-21,ATL,LAC,1,0.30010557036633867,0.4922088285326271,0.4869835408712636,0.48707470061778996,0.4674424015911936
0022000269,2021-01-26,2020-21,HOU,WAS,1,0.6250197387560479,0.610515676904433,0.6110663454525157,0.6111069840340505,0.6247236694746631
0022000270,2021-01-26,2020-21,UTA,NYK,1,0.7466423656046632,0.7711593810389845,0.7690972434725936,0.7690733671833806,0.7682571674497323
0022000271,2021-01-27,2020-21,CHA,IND,0,0.4408365345678286,0.45606149955252895,0.45522582136697215,0.45523548923554913,0.39931851557677356
0022000272,2021-01-27,2020-21,CLE,DET,1,0.4744427390495656,0.520607941347316,0.5202736633620831,0.5203577618735411,0.4809395995199854
0022000273,2021-01-27,2020-21,ORL,SAC,0,0.6083312760050479,0.6027536826611081,0.6037473223908928,0.6037245474658135,0.6026516429937879
0022000274,2021-01-27,2020-21,ATL,BKN,0,0.47742222839242704,0.4459203996631683,0.4452668460118135,0.4452264626040433,0.48773874313794907
0022000275,2021-01-27,2020-21,MIA,DEN,0,0.3917748546009768,0.3675072830047737,0.36898576816280926,0.36898820270970967,0.3779768049399452
0022000276,2021-01-27,2020-21,PHI,LAL,1,0.3524023119382982,0.3955998170472811,0.39508941297077277,0.3951167214185827,0.4717734266122713
0022000277,2021-01-27,2020-21,TOR,MIL,0,0.44215063508465385,0.4363688646717184,0.43781414697131577,0.437803656860099,0.4590378212441361
0022000279,2021-01-27,2020-21,NOP,WAS,1,0.6691160741633325,0.7359589370576479,0.7128245483812354,0.7128761772351019,0.6732264943350603
0022000280,2021-01-27,2020-21,SAS,BOS,1,0.4846660306720476,0.4934087931897055,0.49312009239330984,0.4931289567770047,0.49263113076474746
0022000281,2021-01-27,2020-21,PHX,OKC,0,0.7383552302702987,0.7154593474373244,0.7064362875302787,0.7063881455235971,0.7363827179159893
0022000282,2021-01-27,2020-21,UTA,DAL,1,0.6363476617994172,0.589638176703401,0.5628694884210923,0.5628194339854838,0.5977687739230008
0022000283,2021-01-27,2020-21,GSW,MIN,1,0.7118494124606057,0.7524150876410597,0.7505860743357488,0.7505841900690585,0.701047951010887
0022000284,2021-01-28,2020-21,DET,LAL,1,0.2616092311501253,0.29879689985996233,0.2972956097532662,0.29733999426457003,0.32333856379139225
0022000285,2021-01-28,2020-21,MIA,LAC,0,0.3097535775778095,0.3111826881080655,0.31053911153081165,0.31052221534640856,0.27952033018533257
0022000286,2021-01-28,2020-21,PHX,GSW,1,0.634100616221947,0.6026160838230187,0.6041882803013224,0.6042072005579578,0.6007697787661846
0022000287,2021-01-28,2020-21,HOU,POR,1,0.6465838233069663,0.6146526477772584,0.6148083424418894,0.6148026518889411,0.6386899147374991
0022000288,2021-01-29,2020-21,CHA,IND,1,0.3933612468271586,0.39194412988381033,0.39237992740698807,0.39238587624937016,0.383751674869054
0022000289,2021-01-29,2020-21,ORL,LAC,0,0.39829575428861524,0.3893056044460455,0.3890905706846632,0.3890725953487811,0.2916501354622891
0022000290,2021-01-29,2020-21,WAS,ATL,0,0.4567339309520171,0.4555925455803948,0.45532520714491714,0.4553131742338601,0.5150382978971106
0022000291,2021-01-29,2020-21,NYK,CLE,1,0.605374746313531,0.6052247907453381,0.6047312874861307,0.604728518214081,0.5843271529401538
0022000292,2021-01-29,2020-21,TOR,SAC,0,0.7596548053224497,0.7654629180989967,0.7643057111057788,0.7642806615539189,0.7511445681527361
0022000293,2021-01-29,2020-21,NOP,MIL,1,0.3446440052620967,0.3200175729783312,0.32108240378799136,0.32109581316688196,0.3147504671438817
0022000294,2021-01-29,2020-21,MIN,PHI,0,0.2792624337192511,0.28206716808128074,0.2824629623685885,0.28248585797606335,0.29216502228503266
0022000295,2021-01-29,2020-21,OKC,BKN,0,0.4627436191339328,0.5396334154488542,0.537086826764557,0.5371192914377025,0.4693683304110359
0022000296,2021-01-29,2020-21,SAS,DEN,1,0.49390180106181153,0.48739620436555614,0.4867037666707792,0.48670028006109395,0.4705436271655248
0022000297,2021-01-29,2020-21,UTA,DAL,1,0.6749850614026326,0.6836105582168073,0.6834183886846459,0.6834147723416368,0.6655458840414509
0022000298,2021-01-30,2020-21,CHI,POR,0,0.5445791330478635,0.5930794093614006,0.5895918608810528,0.5896075903708613,0.5395613087605559
0022000299,2021-01-30,2020-21,CHA,MIL,1,0.32435882254791903,0.3152359850971783,0.3159909439036303,0.31600835590671433,0.31425126342568627
0022000300,2021-01-30,2020-21,NOP,HOU,0,0.4497663369906513,0.46151979691259926,0.460621167302549,0.4606296073349269,0.4414854618014913
0022000301,2021-01-30,2020-21,MIA,SAC,1,0.6183981166095609,0.6352739137225398,0.6368159857619481,0.6367864106235929,0.6828834899801368
0022000302,2021-01-30,2020-21,BOS,LAL,0,0.5018198515252456,0.5164203534279965,0.5140934037422952,0.5140945308733491,0.46650039049175046
0022000303,2021-01-30,2020-21,DAL,PHX,0,0.41874978062516055,0.4420359479521835,0.41571247905692005,0.4156777024446737,0.4359741553598706
0022000304,2021-01-30,2020-21,SAS,MEM,0,0.5343260366223883,0.5611084545275598,0.5612253289967701,0.5612107217989784,0.5363070397180494
0022000305,2021-01-30,2020-21,GSW,DET,1,0.5871521730341844,0.5982700878112519,0.5977534611876896,0.5977466046131711,0.6093094572085809
0022000306,2021-01-31,2020-21,DEN,UTA,1,0.5163592673508026,0.49563210095297494,0.4955367758156795,0.4955369020398812,0.4789356870214546
0022000307,2021-01-31,2020-21,IND,PHI,0,0.5077654221367924,0.5449943362395645,0.5441638449770082,0.5441992243413478,0.5064477639084345
0022000308,2021-01-31,2020-21,NYK,LAC,0,0.3382528612976691,0.3133335743741956,0.31432727832020113,0.3143522941616561,0.2817584526625548
0022000309,2021-01-31,2020-21,TOR,ORL,1,0.7505532081893047,0.7501847545786721,0.7497121292212664,0.7496928153272073,0.7488669863490836
0022000310,2021-01-31,2020-21,WAS,BKN,1,0.3991611253047956,0.4520492087393166,0.4490959984990811,0.44907598603091625,0.4609376529685914
0022000311,2021-01-31,2020-21,MIN,CLE,1,0.4761757194785625,0.46662071528047805,0.4659084660787587,0.4658712584546663,0.5270724944138552
0022000312,2021-02-01,2020-21,CLE,MIN,1,0.6221188867752501,0.5558532355954872,0.5593083286115011,0.5593006416285778,0.5969981613513133
0022000313,2021-02-01,2020-21,ATL,LAL,0,0.3357753014602768,0.3715432282185279,0.37148241110199537,0.3714726754995945,0.35899999608604366
0022000314,2021-02-01,2020-21,MIA,CHA,0,0.5558602153374863,0.5905355064642477,0.5890686300137908,0.5890568418728696,0.6399906043552096
0022000315,2021-02-01,2020-21,CHI,NYK,1,0.5945904203002126,0.5542891594977112,0.555819006047351,0.5558033559580038,0.5973947994532022
0022000316,2021-02-01,2020-21,MIL,POR,1,0.7249471931080563,0.7353258572637552,0.7342844860340659,0.7342609124492954,0.7455737773030532
0022000317,2021-02-01,2020-21,NOP,SAC,0,0.615308689679505,0.5894135861676487,0.5903988647486875,0.5903974210453545,0.5600450262908623
0022000318,2021-02-01,2020-21,OKC,HOU,0,0.4120580894061873,0.40710017352080363,0.4067124526494828,0.40676622969695886,0.3885330290544676
0022000319,2021-02-01,2020-21,DAL,PHX,0,0.45393113754614045,0.46490092149364914,0.46450631043757423,0.46451164741931383,0.46847806978847156
0022000320,2021-02-01,2020-21,SAS,MEM,0,0.5253148631129938,0.5617371965534662,0.5601699320461134,0.5601534917142762,0.532140783824475
0022000322,2021-02-02,2020-21,IND,MEM,1,0.6105072600788926,0.5986737400518777,0.5983906599726764,0.5983704826382112,0.6058488423944876
0022000323,2021-02-02,2020-21,ORL,TOR,0,0.33290804172639615,0.2597132958067211,0.2617606795953534,0.26176446961062305,0.2795367891949215
0022000324,2021-02-02,2020-21,BKN,LAC,1,0.3570138555969461,0.3419480562137998,0.34409776440988715,0.34414981433823433,0.3367102255234692
0022000325,2021-02-02,2020-21,UTA,DET,1,0.7687706167391756,0.7553428527218563,0.756049139443785,0.7560617855727476,0.7726629981008495
0022000326,2021-02-02,2020-21,GSW,BOS,0,0.4364028658311125,0.48042761481578394,0.47909692284227823,0.4790937592505241,0.4831273143659327
0022000559,2021-02-02,2020-21,WAS,POR,0,0.6266162908926461,0.6218527202197588,0.6209983769196038,0.6209562108365617,0.6118692907237804
0022000327,2021-02-03,2020-21,CHA,PHI,0,0.4353672642092482,0.38078565991176405,0.3831036602781574,0.3830689953013993,0.32894734918865826
0022000328,2021-02-03,2020-21,CLE,LAC,0,0.28986880846868845,0.26906945001256827,0.27142758692623986,0.2714497115183309,0.28808661660560303
0022000329,2021-02-03,2020-21,MIL,IND,1,0.7276253772113797,0.7379611571181508,0.7377122545011556,0.7376971231827582,0.7232617099503859
0022000330,2021-02-03,2020-21,ATL,DAL,0,0.5654520536426292,0.5625196513571019,0.5619238875727347,0.5619184526594228,0.5798616845122272
0022000331,2021-02-03,2020-21,MIA,WAS,0,0.7241674705813927,0.7441270121159044,0.742420504793313,0.742425382866328,0.7624737544543702
0022000332,2021-02-03,2020-21,CHI,NYK,0,0.5486584139624344,0.5097832016237596,0.5106066613884439,0.5105803573239589,0.5289636767528482
0022000333,2021-02-03,2020-21,OKC,HOU,1,0.3396547037942606,0.3032416876346019,0.30488138676025317,0.3048798582805779,0.34437453110667204
0022000334,2021-02-03,2020-21,SAS,MIN,1,0.7275978071820762,0.6840502832591681,0.6858454787484974,0.6858260186322955,0.7195901922636048
0022000335,2021-02-03,2020-21,NOP,PHX,1,0.3625694989120692,0.38863759916437157,0.38964081156170305,0.3896689177020384,0.4365711131913284
0022000336,2021-02-03,2020-21,SAC,BOS,1,0.4291051735702541,0.444625598849584,0.4449169036940561,0.4449666996927556,0.40956400387326525
0022000337,2021-02-04,2020-21,PHI,POR,0,0.6869624239455359,0.782305860533287,0.7774948288055539,0.7774811807538139,0.7279965986380453
0022000338,2021-02-04,2020-21,ATL,UTA,0,0.3258880159604642,0.3219669507908931,0.3220859845444278,0.32206585159888157,0.3635136935256783
0022000339,2021-02-04,2020-21,DAL,GSW,0,0.4933084290404622,0.5037687514651217,0.5030226797182035,0.5031064930520829,0.4216225906717842
0022000340,2021-02-04,2020-21,MEM,HOU,0,0.6538689474200166,0.6960255755164421,0.6925169955874857,0.6925311821964788,0.6569882465580833
0022000341,2021-02-04,2020-21,LAL,DEN,1,0.6503093028231713,0.6906369131212478,0.6886470904723498,0.6886451519101755,0.6936993190853741
0022000342,2021-02-05,2020-21,CHA,UTA,0,0.4286758799390631,0.3799005225766127,0.38151370761172276,0.38151315437801775,0.35635923251987706
0022000343,2021-02-05,2020-21,IND,NOP,0,0.6250745314810492,0.6149167882814947,0.6145976536229355,0.6145954652288447,0.6279106467450569
0022000344,2021-02-05,2020-21,ORL,CHI,1,0.4350921491932884,0.4280096930815674,0.4284625606445691,0.4284965701063175,0.4459380844012183
0022000345,2021-02-05,2020-21,BKN,TOR,0,0.5355966481676754,0.5263834112504552,0.5266273723584326,0.5266429284739759,0.5220156188982198
0022000346,2021-02-05,2020-21,CLE,MIL,0,0.2376200192548492,0.23100851629644145,0.23195054694363623,0.23195418936456233,0.2148917085313517
0022000347,2021-02-05,2020-21,MIA,WAS,1,0.6514818727090249,0.6138353061186433,0.6135586237281434,0.6135099984201907,0.6024736703234419
0022000348,2021-02-05,2020-21,OKC,MIN,0,0.6887320243059298,0.6541359759340238,0.6554932973960396,0.6554498375743979,0.7170372608046848
0022000349,2021-02-05,2020-21,PHX,DET,1,0.6560779126336216,0.6264482740389645,0.6391061794600057,0.6391419971083827,0.6254937043423154
0022000350,2021-02-05,2020-21,LAC,BOS,0,0.6663590189813791,0.6531938863642248,0.6524612689916321,0.6524668460798124,0.6071387612172793
0022000351,2021-02-06,2020-21,NYK,POR,1,0.540646121850817,0.5195396670131397,0.5186326466514074,0.5186325438218513,0.5011438973769812
0022000352,2021-02-06,2020-21,SAC,DEN,1,0.3884216500788372,0.41212330397746216,0.41060611563715277,0.410637739498103,0.40070414574045116
0022000353,2021-02-06,2020-21,ORL,CHI,0,0.5031273221254526,0.5497614442154513,0.548038105424328,0.5480947201642706,0.47824428767444044
0022000354,2021-02-06,2020-21,PHI,BKN,1,0.6585218314211297,0.7244474546439814,0.7215983716200929,0.721614644753117,0.7269418059233141
0022000355,2021-02-06,2020-21,NOP,MEM,1,0.455554618031086,0.4863953825379531,0.4837354292179425,0.4837418929534189,0.5016254771863109
0022000356,2021-02-06,2020-21,ATL,TOR,1,0.5197872416897694,0.49496924390658764,0.495941340265518,0.495913409864587,0.5121031280144058
0022000357,2021-02-06,2020-21,CLE,MIL,0,0.239039162991478,0.23161033084936242,0.23254735923594133,0.2325626832016925,0.22128980059427397
0022000358,2021-02-06,2020-21,HOU,SAS,0,0.6402610014641885,0.6668128202325703,0.6668676695841576,0.6668410852557325,0.7127826825188627
0022000359,2021-02-06,2020-21,OKC,MIN,1,0.6921002806357989,0.5903554471880407,0.5932211510188322,0.5932467427883507,0.604754410170605
0022000360,2021-02-06,2020-21,DAL,GSW,1,0.4289612696564708,0.4486167537558679,0.4492248643037686,0.4492526887631883,0.39619724580985727
0022000361,2021-02-06,2020-21,LAL,DET,1,0.8666036700747759,0.8546338369843278,0.8548944529437595,0.8548921735353361,0.8853918471908373
0022000215,2021-02-07,2020-21,CHA,WAS,1,0.6297244103500768,0.5643306137475671,0.5659337906212363,0.5659102996045889,0.6048287079743934
0022000363,2021-02-07,2020-21,IND,UTA,0,0.3901897004621979,0.3981126290549198,0.39804909471398137,0.3981157469751196,0.33544100920196435
0022000364,2021-02-07,2020-21,NYK,MIA,0,0.5120537563234872,0.5471019994806099,0.5448013273989243,0.5448554780023221,0.508550619947979
0022000365,2021-02-07,2020-21,PHX,BOS,1,0.4903892666449188,0.504565323913819,0.49884201131097367,0.49882763549916453,0.5120428509082451
0022000366,2021-02-07,2020-21,LAC,SAC,0,0.8096542644547253,0.7985731349083142,0.7991972054443458,0.7991927013120448,0.8088943277300515
0022000367,2021-02-08,2020-21,CHA,HOU,1,0.36381979309208956,0.44126662951608575,0.4377672964051402,0.4378524042490783,0.403734489562165
0022000368,2021-02-08,2020-21,CHI,WAS,0,0.6885185140341933,0.6966065094617376,0.6969547908204241,0.697011585651102,0.6337196212418159
0022000369,2021-02-08,2020-21,MEM,TOR,0,0.5088317526990574,0.4697915251130682,0.471283390360357,0.47126929557433805,0.4848610199432195
0022000370,2021-02-08,2020-21,DAL,MIN,1,0.7202712516275976,0.7373716781661847,0.7362171654078078,0.7362044887772146,0.7167829304934752
0022000371,2021-02-08,2020-21,SAS,GSW,1,0.4626072810650723,0.4657981210689991,0.46719173704177713,0.4672430880493378,0.45785019707690777
0022000372,2021-02-08,2020-21,PHX,CLE,1,0.7352767934219917,0.7582595412617965,0.7068407202666332,0.7068426858614477,0.6959367272164091
0022000373,2021-02-08,2020-21,DEN,MIL,0,0.3990116696252462,0.4136157195910112,0.41403385064903386,0.4140520055922116,0.40368288973013106
0022000374,2021-02-08,2020-21,LAL,OKC,1,0.839302322611638,0.8331489490042471,0.8318536174114278,0.8318154921664086,0.7776071349009973
0022000375,2021-02-09,2020-21,DET,BKN,1,0.43710176354930047,0.3964059900109865,0.39636514202658923,0.3963243725321749,0.49712637939232646
0022000376,2021-02-09,2020-21,MIA,NYK,1,0.5711798498051358,0.5710735868820339,0.5706012376232177,0.5705913882486616,0.6013758502028758
0022000377,2021-02-09,2020-21,NOP,HOU,1,0.6437721412369882,0.6769908516251786,0.6745938542122182,0.6745935138137676,0.5640347716815141
0022000378,2021-02-09,2020-21,SAS,GSW,0,0.539539172494569,0.5275688470326106,0.5289611577387685,0.5289679184928827,0.4762596387563815
0022000379,2021-02-09,2020-21,UTA,BOS,1,0.6959614981416475,0.7028927434653238,0.7011976858784088,0.7011864098457612,0.7082821642032953
0022000380,2021-02-09,2020-21,POR,ORL,1,0.7529804795592789,0.7640328223177785,0.7626576796592126,0.7626285718621953,0.7513088920384575
0022000381,2021-02-09,2020-21,SAC,PHI,0,0.36608523332210974,0.3354487350643856,0.33786626967188776,0.33789993454062417,0.27539322243503106
0022000382,2021-02-10,2020-21,WAS,TOR,0,0.34965916030651184,0.3624608006594795,0.3611703001360542,0.3611616730241204,0.3316368295554384
0022000383,2021-02-10,2020-21,BKN,IND,1,0.4551122809646054,0.46546386928908157,0.4659389812516897,0.46594446990056865,0.4584399930574632
0022000384,2021-02-10,2020-21,DAL,ATL,1,0.5316431568063564,0.5518761534292208,0.5518367050802279,0.551841600278832,0.5630984291030919
0022000385,2021-02-10,2020-21,CHI,NOP,1,0.5237609582550737,0.4889373669412749,0.49066612592711084,0.4906619779994235,0.476687049809081
0022000386,2021-02-10,2020-21,MEM,CHA,1,0.5436984995698667,0.5337868469331782,0.5347559731969725,0.5347827223356131,0.5132120119573401
0022000387,2021-02-10,2020-21,MIN,LAC,0,0.25673616710522995,0.2381106949709217,0.23853736473968656,0.23850357235598718,0.24496916535692922
0022000388,2021-02-10,2020-21,DEN,CLE,1,0.7645664684372537,0.7665548119099485,0.7668025517348389,0.7668014911730694,0.765229549603148
0022000389,2021-02-10,2020-21,PHX,MIL,1,0.3626131310500976,0.3860041237735775,0.38637191582591207,0.3863924164136164,0.3894747769552202
0022000390,2021-02-10,2020-21,LAL,OKC,1,0.7782765744183671,0.8043151375400808,0.803010792775179,0.8030416466371455,0.7824805675894702
0022000391,2021-02-11,2020-21,DET,IND,0,0.5527083558928452,0.5482870623693243,0.5473961892005393,0.5473487462428512,0.5402799636524602
0022000392,2021-02-11,2020-21,HOU,MIA,0,0.5732763762401865,0.5597852843564388,0.560120022741124,0.5601309849039285,0.6103396639865916
0022000393,2021-02-11,2020-21,GSW,ORL,1,0.8076880038357079,0.8522244902900777,0.8496496019835129,0.8496460700851862,0.8434096237993082
0022000394,2021-02-11,2020-21,POR,PHI,1,0.3676964267715036,0.3246579677567496,0.32760813174225484,0.3276978065704611,0.29526371090233366
0022000398,2021-02-11,2020-21,BOS,TOR,1,0.5925201915159737,0.5586261867259962,0.5598876711205915,0.5598576890713128,0.5415328889075556
0022000395,2021-02-12,2020-21,CHA,MIN,1,0.7129133048148941,0.6867562488669068,0.687470162597496,0.6874604035504261,0.6899533853958484
0022000396,2021-02-12,2020-21,WAS,NYK,0,0.4595831093805417,0.4545284996768173,0.4546605525254441,0.45456673935312264,0.5209134010444096
0022000397,2021-02-12,2020-21,ATL,SAS,0,0.583276789005567,0.5745741797421042,0.5746619401920129,0.5746389261903854,0.5856765435168511
0022000399,2021-02-12,2020-21,DAL,NOP,1,0.5315435383367065,0.5403765433666713,0.5389401734539594,0.5389125889611309,0.5234455506727255
0022000400,2021-02-12,2020-21,CHI,LAC,0,0.35223183521202744,0.34902664781052495,0.3493612778551699,0.3493586969777693,0.3187416762818012
0022000401,2021-02-12,2020-21,DEN,OKC,1,0.6745971741910892,0.6882603391792272,0.6985219433922563,0.6985186672097953,0.6990476061861763
0022000402,2021-02-12,2020-21,UTA,MIL,1,0.5747754953585706,0.5795258522272337,0.5777101034276124,0.5777062022228715,0.6069997978237021
0022000403,2021-02-12,2020-21,LAL,MEM,1,0.7185243163868396,0.7322951812116866,0.730748506287498,0.7307707696618521,0.7421115560928863
0022000404,2021-02-12,2020-21,POR,CLE,1,0.6992206611781314,0.7111759097683075,0.7097095200361443,0.7097040310840663,0.7265500803307006
0022000405,2021-02-12,2020-21,SAC,ORL,0,0.7681266349108827,0.7492687940121839,0.7490162292443264,0.7489916232008502,0.7681461160078022
0022000412,2021-02-12,2020-21,BOS,DET,0,0.7465714501997855,0.7132966703527116,0.7146625979944754,0.7146621061639278,0.7229549197085049
0022000406,2021-02-13,2020-21,PHX,PHI,1,0.48612029345824553,0.4859083639798974,0.4872254163582199,0.4872643538252793,0.5199944614304617
0022000407,2021-02-13,2020-21,ATL,IND,0,0.4233311318573273,0.442432659378997,0.44146633008037633,0.44144486031960417,0.4367043703952736
0022000408,2021-02-13,2020-21,NYK,HOU,1,0.45816417211611665,0.5255226173902169,0.5236388295209821,0.5236602088253703,0.48691110250300357
0022000409,2021-02-13,2020-21,GSW,BKN,0,0.61815587414815,0.6686300218735034,0.6659237499971493,0.6658940991561549,0.6489904594007142
0022000410,2021-02-13,2020-21,UTA,MIA,1,0.7450336237471394,0.7559365932174076,0.7541442886414781,0.7541398036394251,0.756573466112611
0022000411,2021-02-14,2020-21,DAL,POR,0,0.5745935256785236,0.5965213697441257,0.594326494420297,0.5943013262212774,0.6033124770292803
0022000413,2021-02-14,2020-21,TOR,MIN,0,0.8026061015670272,0.8026236395070367,0.8021255082664549,0.8021323449087349,0.792511700791225
0022000414,2021-02-14,2020-21,CHA,SAS,0,0.5439458161789729,0.4268855821562426,0.4300256012418721,0.43002289476874733,0.43535134658578395
0022000415,2021-02-14,2020-21,OKC,MIL,1,0.2900990257515405,0.2864668822279274,0.28683560914483575,0.28685374945186703,0.26116653649040467
0022000416,2021-02-14,2020-21,DEN,LAL,1,0.41389065011553405,0.3801313825399652,0.38270930563225025,0.38268007748296473,0.42404407818489065
0022000417,2021-02-14,2020-21,PHX,ORL,1,0.7266860771506187,0.7674217915543423,0.770797725992869,0.7708133033694319,0.738710694207984
0022000418,2021-02-14,2020-21,SAC,MEM,0,0.45811035155804974,0.45610327574670334,0.45543823689111895,0.4554249177416492,0.47503434973806746
0022000419,2021-02-14,2020-21,LAC,CLE,1,0.8613071292483458,0.8542024122934048,0.8539236287154317,0.8539125759607645,0.84488811678512
0022000560,2021-02-14,2020-21,WAS,BOS,1,0.34669149774659547,0.31127598856973837,0.31103734428747004,0.31099984033054534,0.31725306451425567
0022000561,2021-02-14,2020-21,DET,NOP,1,0.4517040067376209,0.4179097254094018,0.41845963983340234,0.4184107456796791,0.4543124896656079
0022000420,2021-02-15,2020-21,IND,CHI,0,0.6873480627248678,0.6695610788879751,0.6694674644981726,0.6694366772972673,0.6932793837448473
0022000421,2021-02-15,2020-21,WAS,HOU,1,0.38535215760983976,0.5149631296181479,0.5095575999189492,0.5096032383684387,0.4915430800756622
0022000422,2021-02-15,2020-21,NYK,ATL,1,0.5907417244194957,0.604147405403958,0.6037311745676903,0.6037404861387342,0.5855533216686428
0022000423,2021-02-15,2020-21,UTA,PHI,1,0.6877092164996896,0.6837362051565662,0.6833934454167149,0.6834190425844854,0.7288789627137616
0022000424,2021-02-15,2020-21,GSW,CLE,1,0.852456684189568,0.8582940442561653,0.8572921213221675,0.857264626364265,0.8683351749834246
0022000425,2021-02-15,2020-21,LAC,MIA,1,0.6612517323125795,0.6015584004931659,0.6047409239409859,0.6047069147512307,0.6377154962256169
0022000426,2021-02-15,2020-21,SAC,BKN,0,0.3507227921753898,0.4119391222722673,0.40923485845300006,0.4092582669485291,0.3727437567281331
0022000427,2021-02-16,2020-21,BOS,DEN,1,0.4715536600779752,0.4988878462505579,0.49701016326498043,0.4970146125314048,0.5067869906063459
0022000429,2021-02-16,2020-21,MEM,NOP,0,0.6017163826426702,0.6022896380367525,0.6021102187105885,0.6021157702918631,0.6170865080819365
0022000430,2021-02-16,2020-21,MIL,TOR,0,0.6591751890095323,0.6610989419207642,0.6606206229949071,0.6606088592731981,0.6532221296172136
0022000431,2021-02-16,2020-21,MIN,LAL,0,0.2410245283884625,0.27138477209918366,0.26970183150975546,0.2697168073818064,0.2434434937038266
0022000432,2021-02-16,2020-21,OKC,POR,0,0.4927361768051077,0.4856416764205136,0.48531880521729803,0.4853353323788062,0.4622909438371585
0022000433,2021-02-16,2020-21,PHX,BKN,0,0.6732789260671276,0.7393688100268534,0.737209019478254,0.7372079678413248,0.7128703747085536
0022000436,2021-02-17,2020-21,ORL,NYK,1,0.36840355542215375,0.39323840714311,0.39230920803427927,0.39230979855148757,0.43951450065825165
0022000437,2021-02-17,2020-21,WAS,DEN,1,0.4495783179668308,0.43373782474477185,0.4324000494141263,0.432373573151314,0.4158014545307256
0022000438,2021-02-17,2020-21,BOS,ATL,0,0.6336314156472579,0.5992236876229714,0.5996030415854157,0.599566382810857,0.6034376462551935
0022000439,2021-02-17,2020-21,PHI,HOU,1,0.7308347932660355,0.7494830563461655,0.7471365231797106,0.7470992738526349,0.7624711942336746
0022000440,2021-02-17,2020-21,MIN,IND,0,0.30104084447248175,0.3220106815304239,0.320528919178846,0.32051353080714845,0.3053571205110294
0022000441,2021-02-17,2020-21,NOP,POR,0,0.565854024769973,0.5712100000361168,0.5725116764469411,0.5725057181806392,0.5786897269206842
0022000443,2021-02-17,2020-21,GSW,MIA,1,0.6336751031561442,0.6415633886665093,0.6408994541779591,0.6408885893904719,0.603724282325661
0022000444,2021-02-17,2020-21,LAC,UTA,0,0.44321479749288206,0.449135044444644,0.4512746336316677,0.4513002187572273,0.4779880849460997
0022000562,2021-02-17,2020-21,MEM,OKC,1,0.6523221866843855,0.7335126218922756,0.7308428840414907,0.7308370963828161,0.7009024810583344
0022000564,2021-02-17,2020-21,CHI,DET,1,0.5796249584120327,0.5717075026349723,0.5729741967579247,0.5729828242434489,0.5655591777331129
0022000445,2021-02-18,2020-21,MIL,TOR,0,0.6034899067150523,0.6140926278126215,0.6135451550491487,0.6135617741482519,0.6035157385033973
0022000446,2021-02-18,2020-21,LAL,BKN,0,0.65609349641251,0.6516824569891616,0.6513417239592664,0.6513434496725145,0.6215154812277414
0022000447,2021-02-18,2020-21,SAC,MIA,0,0.5612794014708564,0.4653117667488044,0.46842069769161865,0.4683984548544997,0.5198324791692551
0022000449,2021-02-19,2020-21,ORL,GSW,1,0.40748368319752065,0.3933868579800484,0.3929584345168884,0.3929555448079706,0.41007001756245504
0022000450,2021-02-19,2020-21,PHI,CHI,1,0.698017243987148,0.7183023339055671,0.7161918909944476,0.716159924498682,0.7297518905107687
0022000451,2021-02-19,2020-21,BOS,ATL,1,0.6119750295008743,0.6056730361297494,0.6063502066564513,0.6063667226439899,0.6554013531482643
0022000452,2021-02-19,2020-21,MEM,DET,1,0.6233445298032438,0.6184597474614768,0.61936011533654,0.6193589267352977,0.6312635160010455
0022000453,2021-02-19,2020-21,MIL,OKC,1,0.7514283416964128,0.7673503949180686,0.7656957445635106,0.765656138375903,0.7463258082865393
0022000454,2021-02-19,2020-21,MIN,TOR,0,0.34605659030847286,0.34114268010388843,0.36783038214132746,0.3678424843216437,0.35713942889892997
0022000455,2021-02-19,2020-21,NOP,PHX,0,0.46624858085377796,0.39640215271432166,0.3997005088865675,0.3996979882958934,0.4010379102912992
0022000457,2021-02-19,2020-21,LAC,UTA,1,0.4362800007780489,0.4821360605067345,0.48221719160730353,0.48220206078726635,0.4823311454698346
0022000563,2021-02-19,2020-21,CLE,DEN,0,0.22288097037594728,0.2678235405752435,0.26596599455305137,0.26601551859509087,0.23625935843370355
0022000459,2021-02-20,2020-21,CHA,GSW,1,0.4876034526543099,0.49376008962075296,0.49497372448304755,0.4949588991661271,0.616326818244847
0022000460,2021-02-20,2020-21,CHI,SAC,1,0.5888152924142052,0.5890919750821701,0.5878427302828058,0.5878576937416753,0.5985361985072329
0022000462,2021-02-20,2020-21,MEM,PHX,0,0.4884662496719384,0.3623915548046841,0.3667937702329807,0.36670379228671973,0.48617674739199096
0022000463,2021-02-20,2020-21,LAL,MIA,0,0.7008212257523398,0.6940401134723617,0.6947101819650612,0.694732747872267,0.694561848198063
0022000464,2021-02-20,2020-21,POR,WAS,0,0.6785529584041504,0.6763762982571802,0.6769218803442111,0.6769490660816435,0.6800349174050742
0022000465,2021-02-21,2020-21,NOP,BOS,1,0.4330739321616306,0.44080167346134425,0.442064512489162,0.44210515085970126,0.3795571533837689
0022000466,2021-02-21,2020-21,CLE,OKC,0,0.38651144492284434,0.3781400093980562,0.37863017670133076,0.378646006829863,0.38563797731544797
0022000467,2021-02-21,2020-21,ORL,DET,1,0.6020497343570113,0.7169490249740189,0.7127541832281098,0.7127285377641158,0.7187220705229352
0022000468,2021-02-21,2020-21,TOR,PHI,1,0.5603870726041106,0.5687472977131852,0.5699279258149043,0.5699479285969602,0.5291658065273046
0022000469,2021-02-21,2020-21,NYK,MIN,1,0.6999660783067514,0.7080372705918924,0.7074549801005685,0.7074730977101812,0.6858970592043463
0022000470,2021-02-21,2020-21,ATL,DEN,1,0.4265173557131173,0.45554537107476556,0.45310714664780516,0.45310715105113525,0.45978012491248593
0022000471,2021-02-21,2020-21,MIL,SAC,1,0.8431587322593842,0.824891398844651,0.8253095492046115,0.8253041930927105,0.8436185831107705
0022000472,2021-02-21,2020-21,LAC,BKN,0,0.6530312511685322,0.6738662553269934,0.6726398653389446,0.672619270297591,0.6826835225352972
0022000474,2021-02-22,2020-21,HOU,CHI,0,0.5187033436879712,0.4967244483996134,0.49691483549891463,0.4968909601712687,0.5190482167166293
0022000475,2021-02-22,2020-21,OKC,MIA,0,0.4020562517293146,0.33543694261068513,0.3550631747954026,0.3551353644669233,0.3491702937039606
0022000476,2021-02-22,2020-21,DAL,MEM,1,0.6218304517709932,0.6306697118112061,0.6269488657791196,0.6269273173240588,0.610502048369787
0022000477,2021-02-22,2020-21,PHX,POR,1,0.6684633391646423,0.699506130637818,0.69853352015162,0.6985144292918686,0.6758972106576041
0022000478,2021-02-22,2020-21,UTA,CHA,1,0.797738507876805,0.8004261786264166,0.7991464568867396,0.799147754862194,0.794219838016842
0022000479,2021-02-22,2020-21,LAL,WAS,0,0.7492410237526236,0.7365347228434407,0.7376528043486466,0.7376853945397608,0.7066122697320409
0022000480,2021-02-23,2020-21,CLE,ATL,1,0.28319629201401275,0.2758161503180623,0.27682980106275473,0.27691985732567137,0.21813382091673214
0022000481,2021-02-23,2020-21,ORL,DET,0,0.6729335884933004,0.7139158001534612,0.7100279416280731,0.7099970095845075,0.7325534620127914
0022000482,2021-02-23,2020-21,BKN,SAC,1,0.7795401424103912,0.7754880333052827,0.7751885859449231,0.7751512740028801,0.8011514052626971
0022000483,2021-02-23,2020-21,NYK,GSW,0,0.5329062135254958,0.5059205794616928,0.5062367099502517,0.5062299317785044,0.48625916528169233
0022000484,2021-02-23,2020-21,TOR,PHI,0,0.5852092553905962,0.5780788838320132,0.5793309133986176,0.5793514983778209,0.6227265582338485
0022000485,2021-02-23,2020-21,DAL,BOS,1,0.4533163352887442,0.40542763110153296,0.4056329777912412,0.4056102399422328,0.45893380721775434
0022000486,2021-02-23,2020-21,MIL,MIN,1,0.8110816679828077,0.8032279029980166,0.8038452165226784,0.8038626820757278,0.7967522165750246
0022000487,2021-02-23,2020-21,DEN,POR,1,0.7006680518835843,0.6810015345058897,0.6826971462355104,0.682690623773759,0.6930378274489803
0022000488,2021-02-23,2020-21,LAC,WAS,1,0.8309495533526664,0.810200202545766,0.8114120872401042,0.8113873896311823,0.8314072724943871
0022000489,2021-02-24,2020-21,IND,GSW,0,0.6489975235391366,0.6408377539584357,0.6398205781273225,0.6398327372704405,0.6280088328388281
0022000490,2021-02-24,2020-21,ATL,BOS,1,0.51068097496528,0.5610977382201007,0.558762233284006,0.5587523763879166,0.5584215249591098
0022000491,2021-02-24,2020-21,CLE,HOU,1,0.3233524521262985,0.3383374936032754,0.3375908842384374,0.3376354145693972,0.2716767482220477
0022000492,2021-02-24,2020-21,MIA,TOR,1,0.47727510648746757,0.4888351031453473,0.4897253200310605,0.4897106227044839,0.5748156320367096
0022000493,2021-02-24,2020-21,CHI,MIN,1,0.7732878446152733,0.768671581615023,0.7694564475501887,0.7694642528373848,0.7695870861246793
0022000494,2021-02-24,2020-21,NOP,DET,1,0.7329193983000506,0.7918994915740827,0.7899451529089908,0.7899599081461842,0.78252588541608
0022000495,2021-02-24,2020-21,OKC,SAS,1,0.36123500472008474,0.44434360253681404,0.4449326432252919,0.4451306296758521,0.39727333920255514
0022000496,2021-02-24,2020-21,PHX,CHA,0,0.7393063645912344,0.7871331575385248,0.7601012629927166,0.7600957683864348,0.7730740784705258
0022000497,2021-02-24,2020-21,UTA,LAL,1,0.6870948786705159,0.7066947046568995,0.7046362872168065,0.704615990212375,0.7187327269032823
0022000498,2021-02-25,2020-21,PHI,DAL,1,0.6492496254432086,0.6620533039652692,0.6607712361366012,0.6607637156448359,0.6167550633516617
0022000499,2021-02-25,2020-21,BKN,ORL,1,0.7541419206685901,0.7187081306453939,0.7196264218652031,0.7196391130017791,0.7454485300930807
0022000500,2021-02-25,2020-21,NYK,SAC,1,0.6503385849591858,0.6091968743964762,0.6102033582418652,0.6101646852097181,0.6351327320139657
0022000501,2021-02-25,2020-21,MEM,LAC,1,0.339432628550507,0.3311047286814141,0.3312009888203491,0.33121802582167637,0.325000773876485
0022000502,2021-02-25,2020-21,DEN,WAS,0,0.7038820135626375,0.7049149056319879,0.7216905227791592,0.7217517452309167,0.6725196537724586
0022000503,2021-02-25,2020-21,MIL,NOP,1,0.7530322599195781,0.710146388093659,0.7119281501006097,0.711887715054012,0.706436936999153
0022000504,2021-02-26,2020-21,DET,SAC,0,0.6191898528377904,0.6083137111061443,0.6095795111112008,0.6096305676566198,0.5752936210053086
0022000505,2021-02-26,2020-21,BOS,IND,1,0.5181945899575793,0.5278291353501218,0.5278877481756866,0.5278891344938997,0.5351756855389828
0022000506,2021-02-26,2020-21,TOR,HOU,1,0.7551737784307819,0.71169126158851,0.7129422449455696,0.712909173243799,0.7304300684272117
0022000507,2021-02-26,2020-21,MIA,UTA,1,0.3523749496924164,0.33154091929777607,0.33142314482983964,0.3313787979150932,0.33134835595685275
0022000508,2021-02-26,2020-21,CHI,PHX,0,0.3722977716705077,0.38547332235006576,0.38536608006579764,0.385382693500684,0.38455367783922
0022000509,2021-02-26,2020-21,MEM,LAC,0,0.4411339969015659,0.37343177702909824,0.37682206105955085,0.37679777525235425,0.4269988463260693
0022000510,2021-02-26,2020-21,OKC,ATL,1,0.4543047953769073,0.3120459342422659,0.31678745110370926,0.31678806967390494,0.3288506706917766
0022000511,2021-02-26,2020-21,GSW,CHA,1,0.6323369670645914,0.644014153350555,0.6427628406624198,0.6427875565026793,0.6389215472718892
0022000512,2021-02-26,2020-21,LAL,POR,1,0.645417114410295,0.6581487573473539,0.6590258503120786,0.6590191334518517,0.669346133314941
0022000513,2021-02-27,2020-21,PHI,CLE,0,0.8432302799849002,0.8834997589413671,0.8820363199410671,0.881999485228465,0.8912935604314991
0022000514,2021-02-27,2020-21,SAS,NOP,1,0.523654309174533,0.5574384780711633,0.556260153554388,0.5562425866016231,0.6030029995658892
0022000515,2021-02-27,2020-21,NYK,IND,1,0.5870828350993667,0.5979003749552999,0.5979699771809228,0.5979703874360329,0.5983515276660389
0022000516,2021-02-27,2020-21,ORL,UTA,0,0.2607193815581496,0.23994239618907473,0.24102036934864454,0.24101608856211626,0.25110744348727765
0022000517,2021-02-27,2020-21,WAS,MIN,1,0.6692556933545446,0.7179918932534891,0.7161183185110974,0.7161448156976384,0.6742614966046498
0022000518,2021-02-27,2020-21,OKC,DEN,0,0.30179984573572316,0.3062087542539304,0.306000594471378,0.30603136528406605,0.38802791989898333
0022000519,2021-02-27,2020-21,BKN,DAL,0,0.6828591747457574,0.5976752364523448,0.600556221782656,0.6005493558877261,0.6199450953955074
0022000520,2021-02-28,2020-21,MIL,LAC,1,0.5398001228365971,0.5211634522464133,0.5221551427283159,0.5221752178170985,0.5123347620436051
0022000521,2021-02-28,2020-21,DET,NYK,0,0.4939426980459413,0.4858755110175581,0.4867965999088772,0.48682809227280033,0.4649904610322678
0022000522,2021-02-28,2020-21,MIA,ATL,1,0.6402190400597753,0.6074128807670239,0.6072681321259726,0.6072575707592426,0.5386793699527829
0022000524,2021-02-28,2020-21,BOS,WAS,1,0.7262213254862468,0.6636501297989926,0.6666747250513841,0.6666544807001998,0.7053933617273213
0022000525,2021-02-28,2020-21,HOU,MEM,0,0.43123625908462004,0.3798218057505744,0.3808306571210281,0.38084646796466864,0.3806139963522241
0022000526,2021-02-28,2020-21,MIN,PHX,0,0.1701709597331263,0.17294549504311751,0.17167326072182212,0.17167131464508373,0.17377399169165114
0022000527,2021-02-28,2020-21,LAL,GSW,1,0.6002479603633234,0.6035518208939978,0.6040218696828635,0.6040396647224058,0.5536345545791346
0022000528,2021-02-28,2020-21,SAC,CHA,0,0.468167383106093,0.5658046478922457,0.5621262442499358,0.5621219750624352,0.5595835102167425
0022000529,2021-03-01,2020-21,ORL,DAL,0,0.3918803957217194,0.3795964146161949,0.37958177239811686,0.37958674709847867,0.3801002414153264
0022000530,2021-03-01,2020-21,PHI,IND,1,0.6693067523618169,0.6688292352432069,0.666726359819325,0.666699551897981,0.6620810637914715
0022000531,2021-03-01,2020-21,CHI,DEN,0,0.46216223864359945,0.4951399353086672,0.4921659391563954,0.49220768918507296,0.4487393085081791
0022000532,2021-03-01,2020-21,HOU,CLE,0,0.5076459923581081,0.5057263429493047,0.46968065591456065,0.46965312958674965,0.5829431614343028
0022000533,2021-03-01,2020-21,NOP,UTA,1,0.29247106949762525,0.28565490636768626,0.28669744064167335,0.28671452945032716,0.3027631025685407
0022000534,2021-03-01,2020-21,SAS,BKN,0,0.511893777588606,0.5235155582154867,0.5201761949592808,0.5202345258521145,0.4275103511799742
0022000535,2021-03-01,2020-21,POR,CHA,1,0.6849694074576816,0.6800257612070373,0.6792367716961565,0.6792154796515417,0.6933305250741494
0022000536,2021-03-02,2020-21,WAS,MEM,0,0.4440551162893901,0.4718767255834527,0.4697616831527447,0.4697468978204347,0.4522399033703782
0022000537,2021-03-02,2020-21,BOS,LAC,1,0.4223172556908104,0.41232679147261253,0.4130683717991275,0.41307678159340827,0.4745636202460028
0022000538,2021-03-02,2020-21,MIA,ATL,0,0.5917333025804112,0.618162069762279,0.6178252731100404,0.6178388124866501,0.5434998620591938
0022000540,2021-03-02,2020-21,MIL,DEN,0,0.6989534854739686,0.6893153906833304,0.6894503464604593,0.6894284761653561,0.711787583246463
0022000541,2021-03-02,2020-21,SAS,NYK,1,0.4900810570051754,0.4522674277369246,0.4523843465276811,0.4523566582565812,0.46452111709303445
0022000542,2021-03-02,2020-21,LAL,PHX,0,0.4918420243917674,0.4583098476741874,0.46028070375217023,0.4602951752787516,0.4586571875676328
0022000539,2021-03-03,2020-21,TOR,DET,0,0.790151467211703,0.7312816994821351,0.7314075261908639,0.7313954337335261,0.742573883306884
0022000543,2021-03-03,2020-21,CLE,IND,0,0.3521676478119376,0.36556127634527,0.3645754801417486,0.3646263189701461,0.3290356995791022
0022000544,2021-03-03,2020-21,ORL,ATL,0,0.4917118909497533,0.4812716747746769,0.48208395907494345,0.48208140163232666,0.4953147959850276
0022000545,2021-03-03,2020-21,PHI,UTA,1,0.41502132175534556,0.435203678549109,0.43443259376809445,0.43440715200444396,0.46108726031055264
0022000546,2021-03-03,2020-21,HOU,BKN,0,0.22948557668363517,0.1891050829369208,0.19097897226722613,0.19097929774377254,0.19679875995354637
0022000547,2021-03-03,2020-21,MIN,CHA,0,0.4227266493340388,0.38359763529208485,0.38260524950676233,0.3825889443084312,0.359080635540596
0022000548,2021-03-03,2020-21,NOP,CHI,0,0.6269617752230484,0.6381582422623425,0.636632335113712,0.63663344263641,0.6210110020035753
0022000549,2021-03-03,2020-21,DAL,OKC,1,0.7102552498304491,0.6667291888362377,0.668132747329914,0.6680415607139717,0.7346590974401659
0022000550,2021-03-03,2020-21,POR,GSW,1,0.49483856267005266,0.5226171485862883,0.521828690369093,0.5218945073744302,0.47509927174404487
0022000551,2021-03-03,2020-21,SAC,LAL,1,0.41553628075107935,0.5026915266701877,0.49867682273066044,0.4986482600818704,0.49402371244280324
0022000185,2021-03-04,2020-21,PHX,GSW,1,0.7573651725194188,0.8642642404545627,0.8617318560047895,0.8617265857349472,0.8668420249727092
0022000552,2021-03-04,2020-21,BOS,TOR,1,0.7138859829805421,0.7246559583216966,0.7227319092869192,0.7226752758918039,0.7345635512926364
0022000553,2021-03-04,2020-21,IND,DEN,0,0.354869330561891,0.34394173256417243,0.34375312564152183,0.3437325274345878,0.3500887520127992
0022000554,2021-03-04,2020-21,WAS,LAC,1,0.337890371873403,0.37528563385143515,0.3734660537742032,0.3734798912857255,0.40838880545211886
0022000555,2021-03-04,2020-21,MEM,MIL,0,0.48611530552723936,0.48409871252765957,0.48411544251779304,0.4841207526158223,0.5004021288839903
0022000556,2021-03-04,2020-21,SAS,OKC,0,0.7579935196860429,0.8111656139241653,0.8095500035635836,0.8095397358027533,0.8081523920264443
0022000557,2021-03-04,2020-21,NOP,MIA,0,0.538352857863314,0.5133104462598306,0.5124452483933973,0.5124645659049542,0.44761303582872497
0022000558,2021-03-04,2020-21,POR,SAC,1,0.6792135299417881,0.6783791528904135,0.6786496083763295,0.6786779707496878,0.6651042164299041
0022000565,2021-03-04,2020-21,NYK,DET,1,0.6870677019975554,0.6730255614400931,0.6732368963753514,0.6732164766085611,0.7044530976321529
0022000566,2021-03-10,2020-21,MEM,WAS,1,0.6607847964235497,0.6543267403785974,0.6563251567719492,0.6563368804426709,0.6832061345664948
0022000567,2021-03-10,2020-21,DAL,SAS,1,0.6074845405993121,0.6112239401762678,0.6106515436089396,0.6106168146465495,0.654569399250625
0022000568,2021-03-11,2020-21,CHA,DET,1,0.6261587836972954,0.5796949088389726,0.5810795472744702,0.5810863381541808,0.6262118395558564
0022000569,2021-03-11,2020-21,BKN,BOS,1,0.644443455392795,0.6233865350646391,0.6246936217527096,0.624680069394071,0.6432786589576885
0022000570,2021-03-11,2020-21,TOR,ATL,0,0.5319463413793974,0.5069836789182534,0.5105687928926735,0.5106002021794197,0.45391417876428036
0022000571,2021-03-11,2020-21,MIA,ORL,1,0.7461932995211945,0.7551390300959419,0.7549933805710428,0.7549834763731413,0.7680979003085726
0022000572,2021-03-11,2020-21,CHI,PHI,0,0.37151043240798554,0.47806742871217284,0.47681500615200406,0.47690499510783046,0.4529070011847924
0022000573,2021-03-11,2020-21,MIL,NYK,1,0.6891404148867195,0.6897205914126964,0.6908842198542552,0.6908592163228882,0.6981528211742214
0022000574,2021-03-11,2020-21,NOP,MIN,0,0.799885530968573,0.8158228948028674,0.8156805577140273,0.8157004631427185,0.745792532921116
0022000575,2021-03-11,2020-21,OKC,DAL,1,0.4370986126380729,0.470893345545659,0.4701733373357181,0.47026474210967123,0.4555571399520913
0022000576,2021-03-11,2020-21,LAC,GSW,1,0.7395484383731087,0.7564915864367862,0.7550137070099803,0.7549605252419853,0.731539373326467
0022000577,2021-03-11,2020-21,POR,PHX,0,0.3514648931205447,0.3557101005400838,0.35695607378276534,0.356971109501195,0.3410053659334105
0022000578,2021-03-11,2020-21,SAC,HOU,1,0.6534843913633573,0.6719841324770256,0.6710251379443176,0.6710416622738345,0.6359162733864385
0022000579,2021-03-12,2020-21,WAS,PHI,0,0.4408475612251372,0.39768287372823136,0.398562297780699,0.3985200127256822,0.39621178419298336
0022000580,2021-03-12,2020-21,MEM,DEN,0,0.4390938451432567,0.4483026332303298,0.4511526233334997,0.451114397538213,0.47725726414806935
0022000581,2021-03-12,2020-21,NOP,CLE,1,0.5989503202027201,0.6107842497389555,0.6124741481587683,0.6125079701104198,0.5452423883296778
0022000582,2021-03-12,2020-21,CHI,MIA,0,0.46431776208563585,0.4574312397031044,0.4488649473021291,0.4488852098568195,0.44816965068434034
0022000583,2021-03-12,2020-21,SAS,ORL,1,0.7457036520432191,0.739265642788601,0.7403749361334331,0.7403754444045193,0.7140735173103012
0022000584,2021-03-12,2020-21,UTA,HOU,1,0.9209284039151493,0.9579499812327925,0.9567000487449883,0.9567057592709642,0.9500787477092919
0022000585,2021-03-12,2020-21,LAL,IND,1,0.596681186637789,0.6237140278366589,0.6258364236474543,0.6258386290285615,0.6406108507855762
0022000194,2021-03-13,2020-21,PHX,IND,0,0.8064115594120896,0.788403922895427,0.788328947577652,0.7883218735963988,0.8042348502472133
0022000586,2021-03-13,2020-21,OKC,NYK,0,0.48858590730349166,0.438490477035779,0.4590921188250012,0.4591075563005813,0.46928174308152215
0022000587,2021-03-13,2020-21,BKN,DET,1,0.7770498980080811,0.8003565426728062,0.7986608115731598,0.7986724262880147,0.7838742851638618
0022000588,2021-03-13,2020-21,CHA,TOR,1,0.5630862100775825,0.5801731768067242,0.5779682952309523,0.5779329664201053,0.583016600555001
0022000589,2021-03-13,2020-21,WAS,MIL,0,0.25809566183995614,0.277946863780958,0.2767553391311619,0.2767277037989794,0.2736150443570125
0022000590,2021-03-13,2020-21,ATL,SAC,1,0.6705231962672349,0.6753955395979766,0.6742108742134179,0.6741994756779768,0.6635939672193345
0022000591,2021-03-13,2020-21,MIN,POR,0,0.3898568649711407,0.3911154569634045,0.39035582167189453,0.3903249164924886,0.40135566392300714
0022000592,2021-03-13,2020-21,DEN,DAL,0,0.6429463908458322,0.6206333139675262,0.6209233162639551,0.6209277418516239,0.5654651400145456
0022000593,2021-03-14,2020-21,OKC,MEM,1,0.29650664801728177,0.2987146576478374,0.1695411983802747,0.16951545062905835,0.24674819000428036
0022000594,2021-03-14,2020-21,GSW,UTA,1,0.3005282664251528,0.33336733054950923,0.3328397634267149,0.33283084624929543,0.2764753098753826
0022000595,2021-03-14,2020-21,PHI,SAS,1,0.7201122402566391,0.6825933857295462,0.68249599396221,0.6824378834980719,0.7035839196044698
0022000596,2021-03-14,2020-21,ORL,MIA,0,0.27872272806188503,0.31137293233363017,0.31154398169353276,0.31157631486743964,0.2807908395229349
0022000597,2021-03-14,2020-21,ATL,CLE,1,0.6842339497577018,0.6803007682191655,0.6798287255516136,0.6798179197280676,0.6553171485650215
0022000598,2021-03-14,2020-21,HOU,BOS,0,0.22918496037801492,0.20438514425960982,0.2069822874273428,0.20701063911850803,0.2398622137665597
0022000599,2021-03-14,2020-21,MIN,POR,1,0.40406403795620144,0.40086177392051003,0.4005387978821374,0.4005028442123961,0.4372163535477628
0022000600,2021-03-14,2020-21,CHI,TOR,1,0.6388311349836944,0.5881266086805843,0.5888922005314051,0.5888176817989915,0.63092909147355
0022000601,2021-03-14,2020-21,NOP,LAC,1,0.33719267795577335,0.3448044996908895,0.3458044936900972,0.3458501159273134,0.3215532466808956
0022000428,2021-03-15,2020-21,DET,SAS,0,0.5787698448582864,0.5322145691821625,0.5337398225927014,0.5336800420578504,0.5593808397155284
0022000602,2021-03-15,2020-21,CHA,SAC,1,0.6470512072374319,0.6585576707850685,0.6582040819505816,0.6582177298845747,0.6414505129526633
0022000603,2021-03-15,2020-21,WAS,MIL,0,0.2973934632579227,0.28525909374146746,0.2851508191519307,0.28512949123679665,0.31632569356694845
0022000604,2021-03-15,2020-21,BKN,NYK,1,0.704494575567284,0.6901874811627561,0.6896720540321596,0.6896824832618496,0.6766686489868374
0022000605,2021-03-15,2020-21,DAL,LAC,0,0.565156947054816,0.5476502627003036,0.5497411538574087,0.5497644168452465,0.5335364847480187
0022000606,2021-03-15,2020-21,DEN,IND,1,0.6239683635613485,0.6245327688687494,0.6251126389836387,0.6251409622577316,0.6041353315865942
0022000607,2021-03-15,2020-21,PHX,MEM,1,0.7299313362331988,0.734838714673477,0.7346804113790002,0.7346811974493249,0.7786576702377346
0022000608,2021-03-15,2020-21,GSW,LAL,0,0.40389371595102114,0.4568770157636023,0.45430936474938094,0.45431043332910165,0.4245154851017418
0022000609,2021-03-16,2020-21,BOS,UTA,0,0.39433208052611357,0.42637264556307686,0.4261887347916866,0.4261225814829478,0.4460561215692278
0022000610,2021-03-16,2020-21,MIA,CLE,1,0.7907632028521959,0.8191398186305511,0.8175841807277229,0.8175930416464722,0.8299563705360897
0022000611,2021-03-16,2020-21,PHI,NYK,1,0.7616590451621026,0.7817475704959783,0.7819041460102601,0.7818923562827984,0.7926175283609111
0022000612,2021-03-16,2020-21,CHI,OKC,1,0.6407962614130178,0.641616455760766,0.641290562103478,0.641286910844076,0.6777008856884927
0022000613,2021-03-16,2020-21,HOU,ATL,0,0.27662907431028083,0.24351752103242283,0.24539079458561514,0.24538636105794898,0.23703326909058992
0022000614,2021-03-16,2020-21,POR,NOP,1,0.56015265286211,0.565100285327603,0.564251720262408,0.5642548147797211,0.6117722892251641
0022000615,2021-03-16,2020-21,LAL,MIN,1,0.7446258783543201,0.7463629078918428,0.7471729431407754,0.7472117267694418,0.7362154678461037
0022000616,2021-03-17,2020-21,DET,TOR,1,0.5347026097194209,0.4421346115123599,0.4432170399497387,0.44318905742209214,0.3790489758554488
0022000617,2021-03-17,2020-21,IND,BKN,0,0.42214251700356176,0.4880163582996332,0.48591611739991625,0.48594361701720046,0.44204863624340873
0022000618,2021-03-17,2020-21,PHI,MIL,0,0.5148483492388793,0.5246228894869057,0.5234439666066705,0.5234471921528983,0.532880858269801
0022000619,2021-03-17,2020-21,WAS,SAC,0,0.5790594291217256,0.5862408378309781,0.5848702347947,0.5848797949473862,0.574902097000655
0022000620,2021-03-17,2020-21,CLE,BOS,1,0.2843098115547153,0.32095262760522575,0.32058893351893786,0.3206376167631077,0.2886338213839808
0022000621,2021-03-17,2020-21,CHI,SAS,0,0.48339762403966224,0.49562394826300094,0.4950463424110242,0.49505692959935016,0.4730689233931474
0022000622,2021-03-17,2020-21,HOU,GSW,0,0.26537047529161967,0.20985989423517554,0.21098116670742703,0.21102638785122052,0.21396367175145592
0022000623,2021-03-17,2020-21,MEM,MIA,1,0.5479541531484329,0.620710450018844,0.5886320890178146,0.5886666050774244,0.5978822599722149
0022000624,2021-03-17,2020-21,DEN,CHA,1,0.6800576067759057,0.6842342533077702,0.6844297753480342,0.6844368666994031,0.6786649841855696
0022000625,2021-03-17,2020-21,DAL,LAC,1,0.4428863167853151,0.4112568487265421,0.4129027851825635,0.4128773903579217,0.48257542556834515
0022000166,2021-03-18,2020-21,WAS,UTA,1,0.207626224542042,0.19387164736732707,0.19372007089588583,0.19372348600617734,0.20025239520494317
0022000626,2021-03-18,2020-21,ATL,OKC,1,0.7506812990742989,0.7683674769260317,0.7658151476710839,0.7657864923935925,0.7429207295568864
0022000627,2021-03-18,2020-21,NYK,ORL,1,0.7069815470875428,0.7377901275179422,0.7375723669168371,0.7375813312199346,0.7016378136601003
0022000628,2021-03-18,2020-21,PHX,MIN,0,0.8455390146317001,0.8438684190770713,0.8436531767832472,0.843665008476025,0.8339005686468877
0022000629,2021-03-18,2020-21,POR,NOP,1,0.592231301771313,0.6018328328112491,0.600221370584325,0.6002108935777579,0.6124955659082605
0022000630,2021-03-18,2020-21,LAL,CHA,1,0.7614758206745138,0.7303063348412049,0.7318677233223361,0.7318757442330672,0.7295055567252196
0022000435,2021-03-19,2020-21,CLE,SAS,0,0.3473114887897588,0.3061654297313653,0.3070600210965718,0.3070503391843282,0.3020627818383621
0022000631,2021-03-19,2020-21,BOS,SAC,0,0.6853404964109868,0.6840352824182794,0.6839021537636673,0.6839062478548693,0.7090983919043539
0022000632,2021-03-19,2020-21,MIA,IND,0,0.5917848546715456,0.5912008515911973,0.5905429560688515,0.5905488843145537,0.5669908663348321
0022000633,2021-03-19,2020-21,ORL,BKN,1,0.2224800385760331,0.24141122853206662,0.24016540981861076,0.2401425495164043,0.20548574402698858
0022000634,2021-03-19,2020-21,TOR,UTA,0,0.4429376406180473,0.43854163440546695,0.4386287078627267,0.4386268233279952,0.48736369520369494
0022000635,2021-03-19,2020-21,HOU,DET,0,0.36176605369421005,0.35995082440573867,0.3601879381632636,0.3602119771047029,0.4846086677162292
0022000636,2021-03-19,2020-21,MEM,GSW,0,0.5733404788693834,0.6909779907498793,0.6876893437227272,0.6877231186471148,0.6068273161120201
0022000637,2021-03-19,2020-21,DEN,CHI,1,0.7222623332727578,0.7312410438027677,0.7305712962937618,0.7305683405589463,0.737663172028847
0022000638,2021-03-19,2020-21,PHX,MIN,1,0.8251890832899076,0.8240417877588625,0.824450750306411,0.8244652164992361,0.8252717856252368
0022000639,2021-03-19,2020-21,POR,DAL,1,0.430831304706672,0.45789149261535833,0.4564904806496427,0.4565353620996366,0.422536130190377
0022000640,2021-03-20,2020-21,LAL,ATL,0,0.6409390381102714,0.6146047006736779,0.616154903417426,0.6162035828999612,0.5803257879918087
0022000641,2021-03-20,2020-21,PHI,SAC,1,0.8309470195676156,0.7709718762802805,0.772969154216289,0.7729596206218772,0.7267663593133159
0022000642,2021-03-20,2020-21,MEM,GSW,1,0.5839624819821098,0.610273094834712,0.6090030088978147,0.6090115198841439,0.6101749200996313
0022000643,2021-03-20,2020-21,MIL,SAS,1,0.7675957485339333,0.8055737028446817,0.8044041948157399,0.8044440221439553,0.7382469003287937
0022000644,2021-03-20,2020-21,LAC,CHA,1,0.6953760503388045,0.723726138884226,0.7219177381713404,0.7219173581214925,0.7157377678125396
0022000016,2021-03-21,2020-21,HOU,OKC,0,0.49933624191751524,0.6338607916933184,0.5852847955020579,0.5852403026037154,0.5781102048525693
0022000167,2021-03-21,2020-21,BOS,ORL,1,0.7021202874290502,0.7047584076521717,0.704801645921751,0.7048142876746337,0.7154732865258028
0022000645,2021-03-21,2020-21,MIA,IND,0,0.5031422075636505,0.5068634729438981,0.5067300045379114,0.5067153258893153,0.5539182682344029
0022000646,2021-03-21,2020-21,DEN,NOP,0,0.7206760523580917,0.7345369628839937,0.733966236849759,0.7339801875518286,0.7466988399163769
0022000647,2021-03-21,2020-21,BKN,WAS,1,0.752717701104238,0.7645985559387303,0.764424512007826,0.7644581865089487,0.7443130759551343
0022000648,2021-03-21,2020-21,CLE,TOR,1,0.2994820355087152,0.3005898848967419,0.30150940429595136,0.30153690531532845,0.2946213233970785
0022000649,2021-03-21,2020-21,DET,CHI,0,0.502180251828722,0.5097620927073382,0.5087438632265784,0.5087224444189872,0.5246020980040744
0022000650,2021-03-21,2020-21,NYK,PHI,0,0.5241023228051253,0.4780786980780664,0.4772070719181093,0.47717797452018795,0.46542511562060546
0022000651,2021-03-21,2020-21,PHX,LAL,1,0.6767597265972228,0.7335193064724188,0.7312369102544032,0.7312274070600899,0.7138683621483223
0022000652,2021-03-21,2020-21,POR,DAL,0,0.5084940402325872,0.5074800700499317,0.5073256608508696,0.507343226647675,0.5249816129118842
0022000653,2021-03-22,2020-21,CLE,SAC,0,0.4221009643330105,0.4165045962649511,0.4160458813152002,0.41604306204508984,0.4023568360114466
0022000654,2021-03-22,2020-21,MIN,OKC,0,0.6735249647218883,0.7227222591447331,0.7194521124721969,0.7193977884656882,0.7150648188334285
0022000655,2021-03-22,2020-21,SAS,CHA,0,0.6210056200767807,0.6550948116456914,0.6536225072566739,0.6536465713074405,0.6300612843511844
0022000656,2021-03-22,2020-21,CHI,UTA,0,0.2748491111617316,0.2964821656603048,0.2760529754015424,0.27605838388639253,0.2511697361964854
0022000657,2021-03-22,2020-21,HOU,TOR,1,0.31107815852121745,0.26086059073726514,0.29714115139714603,0.29710814021665877,0.3566066668947314
0022000658,2021-03-22,2020-21,MEM,BOS,1,0.6123045396344112,0.6438670148233566,0.7183596442085709,0.7184194926132985,0.6775402868168575
0022000659,2021-03-22,2020-21,MIL,IND,1,0.728288998104464,0.6685157798366017,0.7301171985689285,0.730150468828471,0.6879060235703144
0022000660,2021-03-22,2020-21,LAC,ATL,1,0.6233065976955038,0.6634488006004151,0.6627878426510424,0.6627689335342098,0.664003295138915
0022000661,2021-03-23,2020-21,ORL,DEN,0,0.2745926841105357,0.27488540152769686,0.27433822383778106,0.27428019422297795,0.293546005654514
0022000662,2021-03-23,2020-21,NYK,WAS,1,0.6209551160623511,0.6093887589700852,0.6101381011692222,0.6101658540584812,0.6056133320060788
0022000663,2021-03-23,2020-21,NOP,LAL,1,0.4707967990968363,0.4866168949843779,0.4847545210942642,0.48471637221245745,0.48152571849156667
0022000664,2021-03-23,2020-21,MIA,PHX,0,0.4121159124135756,0.4115081909479165,0.4099225346487819,0.40992313648792117,0.4028291758974822
0022000665,2021-03-23,2020-21,GSW,PHI,0,0.3869608016360648,0.34137017711447454,0.34203456763710705,0.34205412019155135,0.32865662445324373
0022000666,2021-03-23,2020-21,POR,BKN,0,0.3945087201970947,0.5226412939225251,0.5179356412475384,0.5180071700314499,0.48123078567910343
0022000667,2021-03-24,2020-21,IND,DET,1,0.657985108430279,0.680667481435812,0.680978586327934,0.6809708066179236,0.7084737712965722
0022000668,2021-03-24,2020-21,TOR,DEN,1,0.4330973839042929,0.4025126029166071,0.4037480793378569,0.403689553476929,0.4903431486548094
0022000669,2021-03-24,2020-21,MIL,BOS,1,0.7039286488131943,0.7291485791152609,0.7286318286192673,0.7286170300611272,0.6815447335587107
0022000670,2021-03-24,2020-21,ORL,PHX,1,0.25352420408781173,0.26323356085204164,0.26237161060479375,0.26234035460448496,0.2780367238875191
0022000671,2021-03-24,2020-21,CHI,CLE,0,0.6904296107196792,0.712125762623335,0.711519652819483,0.7115871448782289,0.6768905604471682
0022000672,2021-03-24,2020-21,HOU,CHA,0,0.3938208643438848,0.3819586975557239,0.3819905198178585,0.38197148009500165,0.3803543835272847
0022000673,2021-03-24,2020-21,MIN,DAL,0,0.2796804636518828,0.2488761962570974,0.2500133735249325,0.250016371606216,0.2629853285880241
0022000674,2021-03-24,2020-21,OKC,MEM,0,0.34334259548894763,0.2775843848666713,0.28096227955745146,0.28097420781886734,0.3292264847975256
0022000675,2021-03-24,2020-21,SAS,LAC,0,0.411513115629783,0.35032705391258623,0.35249001006018027,0.3524592789180084,0.3660095598144622
0022000676,2021-03-24,2020-21,UTA,BKN,1,0.7074961087970887,0.815576137583882,0.8127644983421749,0.8127785232315144,0.7862333105609369
0022000677,2021-03-24,2020-21,SAC,ATL,1,0.448163079126035,0.47472646568893945,0.47304532479076644,0.4730339527812856,0.44737489014070725
0022000678,2021-03-25,2020-21,MIA,POR,0,0.5408724722085746,0.4628849056421074,0.46595942126837575,0.4659861014888056,0.4355166753928471
0022000679,2021-03-25,2020-21,NYK,WAS,1,0.6569906472177867,0.5960067228824216,0.5984272557577278,0.5984178473276046,0.5849390699734609
0022000680,2021-03-25,2020-21,SAS,LAC,0,0.3471684417546436,0.32373777827543576,0.324956914275484,0.3249880198632299,0.39468900717620153
0022000681,2021-03-25,2020-21,LAL,PHI,0,0.42470451448957386,0.4194766687214008,0.4206992877056486,0.4207468118895869,0.35551563809291004
0022000682,2021-03-25,2020-21,SAC,GSW,1,0.49665471691092444,0.6315441703981853,0.6256436894956698,0.625592030340297,0.5712388083056439
0022000683,2021-03-26,2020-21,DET,BKN,0,0.41752453881821666,0.3650630622179557,0.36474521149331846,0.3647127748807982,0.30154061058264675
0022000684,2021-03-26,2020-21,TOR,PHX,0,0.3651568812688969,0.389454876646877,0.38936785729114426,0.3892712524438005,0.43412969490696274
0022000685,2021-03-26,2020-21,MIL,BOS,0,0.7006619373360072,0.7372879821935472,0.7363451301379385,0.7363624220002684,0.729424797488188
0022000686,2021-03-26,2020-21,CHA,MIA,1,0.6830207161810206,0.6401415074377106,0.6397242672963355,0.6397044099375051,0.6360958081213937
0022000687,2021-03-26,2020-21,ORL,POR,0,0.5131737501029684,0.5733901799805332,0.5709868278928457,0.5709874880971808,0.4114595132147241
0022000688,2021-03-26,2020-21,MIN,HOU,1,0.6006437989545877,0.609925898187443,0.6093903264265941,0.6093784961973328,0.5677541292768977
0022000689,2021-03-26,2020-21,NOP,DEN,0,0.46800898295832455,0.4640315966719636,0.4636374680860036,0.4636292264935454,0.43923787580096857
0022000690,2021-03-26,2020-21,DAL,IND,0,0.6348922518608877,0.5927511174476067,0.593705212003041,0.5936587286888793,0.6280808506329505
0022000691,2021-03-26,2020-21,UTA,MEM,1,0.7180906438233824,0.7291439895109822,0.7287290321715711,0.7287317090736626,0.7322675753431751
0022000692,2021-03-26,2020-21,GSW,ATL,0,0.3114275964022516,0.3010182131778392,0.30259161514361765,0.30268145350575276,0.2878681577135529
0022000693,2021-03-26,2020-21,LAL,CLE,1,0.6916979378461189,0.7174762823890075,0.7179344510115325,0.7179707337028399,0.6528148401644138
0022000694,2021-03-27,2020-21,WAS,DET,1,0.6515516248510452,0.678121094000692,0.6766139505473809,0.676597987084937,0.6649155995077835
0022000695,2021-03-27,2020-21,MIL,NYK,0,0.7040635335654155,0.5394042811344196,0.5442504796370912,0.5441057977650581,0.6470284697361092
0022000696,2021-03-27,2020-21,MIN,HOU,0,0.6204559326482131,0.630277029434586,0.6301306898492061,0.6301232183086065,0.6195681254225484
0022000697,2021-03-27,2020-21,SAS,CHI,1,0.5657728931005996,0.5809257005420884,0.579935978808626,0.5799392842880016,0.5874494569129284
0022000698,2021-03-27,2020-21,NOP,DAL,1,0.48624460935691594,0.5139882229856921,0.5256343291693266,0.5256644222550249,0.4720607914587263
0022000699,2021-03-27,2020-21,OKC,BOS,0,0.41486363099533236,0.4527971321052193,0.45511516248859224,0.4551959834443522,0.3493127955465093
0022000700,2021-03-27,2020-21,UTA,MEM,1,0.7492601103174069,0.7427500371092196,0.7431403825495185,0.7430991633381727,0.7814015510851083
0022000701,2021-03-27,2020-21,LAC,PHI,1,0.5223695987326336,0.5548444682624544,0.5547604807335929,0.5547437879464155,0.5955096272058126
0022000702,2021-03-27,2020-21,SAC,CLE,1,0.7209264226539487,0.7880542548673053,0.7869193797641827,0.7869211606636383,0.8206762752970117
0022000703,2021-03-28,2020-21,CHA,PHX,0,0.3585016426521441,0.36386497014632413,0.36300919898060896,0.36299908250436635,0.3947850985020178
0022000704,2021-03-28,2020-21,TOR,POR,0,0.5925268906381145,0.5880100512577974,0.5870427937068262,0.5870466650683935,0.5962220172989608
0022000705,2021-03-28,2020-21,DEN,ATL,1,0.6138667581373629,0.6215458625627406,0.59823086687356,0.598257129619072,0.5838027339411013
0022000706,2021-03-28,2020-21,LAL,ORL,1,0.7805238096887339,0.7608215012726178,0.7615989270153372,0.7616238309540476,0.7285150257417119
0022000707,2021-03-29,2020-21,WAS,IND,1,0.384678334751787,0.3735589068132065,0.3741739108456312,0.3741593681654988,0.3646831733714965
0022000708,2021-03-29,2020-21,BOS,NOP,0,0.5643775715557181,0.5487122301576947,0.5495381310622075,0.5494694436963262,0.6354782314410768
0022000709,2021-03-29,2020-21,BKN,MIN,1,0.8342985310789699,0.8290048391596646,0.8284984798710948,0.8285099938779763,0.8573635944937394
0022000710,2021-03-29,2020-21,NYK,MIA,0,0.5759480151525945,0.5568758282684162,0.5578077277559944,0.5578225993812232,0.544536535402424
0022000711,2021-03-29,2020-21,DET,TOR,1,0.43724606182601283,0.4206099171331775,0.4236119939150935,0.4236425851315664,0.4807542877568691
0022000712,2021-03-29,2020-21,HOU,MEM,0,0.3389680852203535,0.3304395333726498,0.32925097335450165,0.32925100658139717,0.41258010083214025
0022000713,2021-03-29,2020-21,OKC,DAL,0,0.28134444546234366,0.22519249010618173,0.22834321612714964,0.2283646816422344,0.20618981042977563
0022000714,2021-03-29,2020-21,SAS,SAC,0,0.5309695115862118,0.5367863816353233,0.5375192250891585,0.5375508331602835,0.5335536847872309
0022000715,2021-03-29,2020-21,UTA,CLE,1,0.8829315707400913,0.9028794903061681,0.9150320704344735,0.9150352530426936,0.88212274449541
0022000716,2021-03-29,2020-21,GSW,CHI,1,0.5047845840937233,0.579492151165038,0.5777798603887262,0.5778164237812227,0.6012630015009345
0022000717,2021-03-29,2020-21,LAC,MIL,1,0.674274088663524,0.6960436316980028,0.6931105451585814,0.6930615220343955,0.5227236394018645
0022000171,2021-03-30,2020-21,PHX,ATL,1,0.6977441435720525,0.728196551699812,0.7270101441059802,0.7270310907602237,0.6749272161399952
0022000718,2021-03-30,2020-21,WAS,CHA,0,0.39634609072083654,0.3900763720057245,0.39036052621364964,0.390345442621895,0.38581954985814826
0022000719,2021-03-30,2020-21,DEN,PHI,1,0.5187855379463908,0.4965521897562474,0.4977804804874242,0.4977844069535828,0.5453757484493422
0022000720,2021-03-30,2020-21,LAC,ORL,0,0.8090360743126419,0.7979579170809227,0.7982620957799882,0.79828322411968,0.7773363729340285
0022000721,2021-03-31,2020-21,DET,POR,0,0.40149157357457294,0.3709024573858736,0.37422621100369813,0.3742057415065798,0.3427563849882473
0022000722,2021-03-31,2020-21,IND,MIA,0,0.5700404632622145,0.5525372960830085,0.5534036250254538,0.5534121475728501,0.5484649895923287
0022000723,2021-03-31,2020-21,BOS,DAL,0,0.5093643610336515,0.4911834829993453,0.4912350319444076,0.4912298916707159,0.4895673949161959
0022000724,2021-03-31,2020-21,BKN,HOU,1,0.7998206566312162,0.8072082854335565,0.8070857604094337,0.8071227613154319,0.7900457176067409
0022000725,2021-03-31,2020-21,MEM,UTA,0,0.35827843116303093,0.384333341857429,0.38269714921650727,0.3827100883757369,0.32049042727294635
0022000726,2021-03-31,2020-21,MIN,NYK,1,0.32355863486792247,0.3402177245025628,0.3399628148055675,0.3399665903211077,0.31195964658637526
0022000727,2021-03-31,2020-21,OKC,TOR,1,0.329942501425744,0.26228703987940594,0.2655638603257103,0.26564582663686676,0.25390280016837236
0022000728,2021-03-31,2020-21,SAS,SAC,1,0.4982909327039401,0.48751572626977124,0.4882507164314512,0.488284307889405,0.4684401049822026
0022000729,2021-03-31,2020-21,LAL,MIL,0,0.47653001884078816,0.4499832305887799,0.4512915374398601,0.4513501051967857,0.4129255693019159
0022000730,2021-03-31,2020-21,PHX,CHI,1,0.7787387656480398,0.8340382627141069,0.8310216961686462,0.8310572081508297,0.8212232017772643
0022000179,2021-04-01,2020-21,DET,WAS,1,0.4687613225109354,0.4298704013379005,0.43072113548995195,0.4307114099050802,0.43872757090369463
0022000731,2021-04-01,2020-21,CLE,PHI,0,0.200406336755856,0.20517222763470036,0.20517861006944416,0.2051822046991709,0.24478996757671564
0022000732,2021-04-01,2020-21,BKN,CHA,1,0.6136004048086368,0.495352481027321,0.4982622812651206,0.4982195357501443,0.5268464554484299
0022000733,2021-04-01,2020-21,MIA,GSW,1,0.5861148273289518,0.5486985071521423,0.5492536922902638,0.549197041743828,0.5772431288927665
0022000734,2021-04-01,2020-21,NOP,ORL,0,0.6781689340992244,0.6914751799407817,0.6925154418902305,0.6924823513124444,0.7277975147354361
0022000735,2021-04-01,2020-21,SAS,ATL,0,0.4118671572305015,0.45975232525844173,0.45792194901342065,0.4579611522553809,0.3987670707259771
0022000736,2021-04-01,2020-21,LAC,DEN,0,0.5453941505389146,0.5922942626287526,0.5922272697665968,0.5922130121130795,0.6292806029957793
0022000737,2021-04-02,2020-21,TOR,GSW,1,0.6520178869236267,0.7403404480605079,0.7382491708713813,0.7381931974667084,0.8119866821358168
0022000738,2021-04-02,2020-21,BOS,HOU,1,0.7412307667263607,0.7423165348260143,0.7428873235936648,0.7429005089343397,0.7164828621281142
0022000739,2021-04-02,2020-21,NYK,DAL,0,0.441194571325953,0.4040063310573444,0.4054457085813297,0.4054302602429942,0.40703027548611415
0022000740,2021-04-02,2020-21,IND,CHA,0,0.6811194177449845,0.6555569527480334,0.6566084857580606,0.6566123385279682,0.6134165122313067
0022000741,2021-04-02,2020-21,MEM,MIN,1,0.7678195688909015,0.7390808314390244,0.739587283682864,0.7396104396091001,0.7724939305605222
0022000742,2021-04-02,2020-21,NOP,ATL,0,0.5571964053856621,0.6088778369505228,0.5202584400846809,0.520289014902152,0.5011224246861121
0022000743,2021-04-02,2020-21,UTA,CHI,1,0.8493129302588959,0.8546425387848298,0.8540517083029989,0.8540404103313655,0.857290784660929
0022000744,2021-04-02,2020-21,PHX,OKC,1,0.8572096021054184,0.8594768945675858,0.8585098612032683,0.8584921782493219,0.8817195993613802
0022000745,2021-04-02,2020-21,POR,MIL,0,0.467888862042944,0.48742158430718124,0.4856924009786081,0.48566353548607283,0.4950186393159142
0022000746,2021-04-02,2020-21,SAC,LAL,0,0.5031704987893543,0.5575038799299941,0.5533333923841546,0.5533145143929481,0.5420993559231139
0022000747,2021-04-03,2020-21,WAS,DAL,0,0.34886438486501037,0.4083847861962599,0.40770762363069263,0.4077512961126231,0.48474277548775485
0022000748,2021-04-03,2020-21,DET,NYK,0,0.5399937369533577,0.5201050562560169,0.5215089715356853,0.5215062269880388,0.5278784874945281
0022000749,2021-04-03,2020-21,MIA,CLE,1,0.7638453987208829,0.7483576212359769,0.7485628688487099,0.748555388175876,0.7351100504140669
0022000750,2021-04-03,2020-21,PHI,MIN,1,0.8985579762010553,0.923649609506837,0.922779931371184,0.9227854816932405,0.9353287178711558
0022000751,2021-04-03,2020-21,SAS,IND,0,0.6221157056258695,0.619202797328357,0.6451863422914811,0.6451926124328629,0.62592500074814
0022000752,2021-04-03,2020-21,UTA,ORL,1,0.79325252352203,0.8225887060187981,0.8274329384758767,0.827455424100606,0.804700836975168
0022000753,2021-04-03,2020-21,POR,OKC,1,0.8006158532904228,0.8012194449231974,0.7997455185018956,0.7996732083858027,0.8305825688290056
0022000754,2021-04-03,2020-21,SAC,MIL,0,0.3515836199955827,0.4281171741759902,0.42558729086281544,0.4255922953797785,0.42286603818292035
0022000755,2021-04-04,2020-21,CHI,BKN,1,0.35197051674195245,0.34152921521369645,0.3117162746572745,0.31167266605639926,0.3206918585555468
0022000756,2021-04-04,2020-21,LAC,LAL,1,0.6982682626711241,0.7210318797008369,0.718270730113714,0.7182385787480032,0.7010436585706731
0022000757,2021-04-04,2020-21,BOS,CHA,1,0.564063368407102,0.652474806966542,0.6599296170894864,0.659934761729605,0.6324945437412253
0022000758,2021-04-04,2020-21,PHI,MEM,0,0.6858190526934214,0.6467769158138879,0.6462129433661451,0.6461628304092387,0.6460242237317689
0022000759,2021-04-04,2020-21,ATL,GSW,1,0.8225555094983734,0.816352679193158,0.8141947468948574,0.8141603490507944,0.7222506895682664
0022000760,2021-04-04,2020-21,HOU,NOP,0,0.42625802476369706,0.45199393560694145,0.4482769648865792,0.4482528400885754,0.38848201804757054
0022000761,2021-04-04,2020-21,DEN,ORL,1,0.8765270166648685,0.873521303879085,0.8733521993600197,0.873349611332759,0.8729684876067221
0022000762,2021-04-05,2020-21,BKN,NYK,1,0.5662168981074803,0.4689607572238271,0.47211975249170257,0.47206336181638037,0.592490920777273
0022000763,2021-04-05,2020-21,TOR,WAS,1,0.7279486377098946,0.6688796757255279,0.6705959482036558,0.6705550254412108,0.6974842554480738
0022000764,2021-04-05,2020-21,DAL,UTA,1,0.3518430098548333,0.36769815918222015,0.36808619770489637,0.36809114176565855,0.4573572232743158
0022000765,2021-04-05,2020-21,MIN,SAC,1,0.3373144050327632,0.3094451738201432,0.3118524378152669,0.31184963081784406,0.33272611055830903
0022000766,2021-04-05,2020-21,OKC,DET,0,0.454015128414659,0.47500632394447106,0.47497769680599516,0.47501703677317786,0.4552042251020996
0022000767,2021-04-05,2020-21,SAS,CLE,0,0.7082617901977707,0.7118052249380119,0.7118828859182131,0.7118833665374019,0.6837863365560327
0022000768,2021-04-05,2020-21,HOU,PHX,0,0.15896083076034861,0.15069107690256153,0.150499152008611,0.15045936328784068,0.17626672171572447
0022000321,2021-04-06,2020-21,DEN,DET,1,0.8669203664414534,0.8658739485634037,0.8411406003467746,0.8411237398363999,0.8178705786573547
0022000769,2021-04-06,2020-21,IND,CHI,0,0.6508203019552355,0.7032664703538228,0.7003463952888335,0.7003428691359104,0.6830661662886016
0022000770,2021-04-06,2020-21,ATL,NOP,1,0.6476778585489558,0.6665816654052403,0.6646646272729074,0.6646950849044077,0.6058731490802836
0022000771,2021-04-06,2020-21,BOS,PHI,0,0.48436201056090833,0.4642038748158299,0.4645597084458209,0.4644903085928442,0.44224047150480084
0022000772,2021-04-06,2020-21,TOR,LAL,0,0.44720497997138575,0.47950178365689794,0.47735817821385074,0.4773210802015304,0.48376513606073057
0022000773,2021-04-06,2020-21,MIA,MEM,0,0.5430034811667672,0.5788868964362149,0.5763884792251615,0.5764050184338805,0.5989586556213709
0022000774,2021-04-06,2020-21,GSW,MIL,1,0.33838334822484734,0.31411236274879756,0.31366830342770047,0.31364678906143495,0.39456547084159327
0022000775,2021-04-06,2020-21,LAC,POR,1,0.6778335924888057,0.7218972133525267,0.7211485611010496,0.7211607716617404,0.708613192362711
0022000456,2021-04-07,2020-21,HOU,DAL,1,0.228296463884625,0.2445335836229706,0.24352017325988495,0.2435086231922755,0.24294604451401902
0022000776,2021-04-07,2020-21,IND,MIN,1,0.6582816086561825,0.6558116490231267,0.6561417476173278,0.6561357794566673,0.6343674347331083
0022000777,2021-04-07,2020-21,ORL,WAS,0,0.5495842746021679,0.5442488157169072,0.543594467103599,0.5436350673942515,0.4970530791682516
0022000778,2021-04-07,2020-21,BOS,NYK,1,0.5384926152869723,0.5179771949582705,0.5180906711704939,0.5180312744999397,0.5346697583197078
0022000779,2021-04-07,2020-21,BKN,NOP,1,0.7288278826393703,0.6404045801164072,0.6439080530975329,0.6438975165997194,0.6490109159224818
0022000780,2021-04-07,2020-21,ATL,MEM,0,0.621593084367181,0.6023707942750942,0.6022058493488074,0.6021419288550671,0.5927742442852019
0022000781,2021-04-07,2020-21,OKC,CHA,0,0.30242742506752684,0.27047565442001864,0.27239878843081217,0.27242965703762173,0.24546129896458418
0022000782,2021-04-07,2020-21,DEN,SAS,1,0.7179862102254376,0.7334380648215062,0.7179836872551107,0.7179861151978488,0.686670192302588
0022000783,2021-04-07,2020-21,PHX,UTA,1,0.5162311625166378,0.5173582398780616,0.5171510116149002,0.5171464797093934,0.5111580930853707
0022000523,2021-04-08,2020-21,TOR,CHI,0,0.6008719226336366,0.5936603801591656,0.5930581551118902,0.5930217126814792,0.6198380994981233
0022000784,2021-04-08,2020-21,MIA,LAL,1,0.5193487034965163,0.5747424980805487,0.5712650887817868,0.5712262941444454,0.6360961956305249
0022000785,2021-04-08,2020-21,OKC,CLE,0,0.3063266982323951,0.2941430924885602,0.29668621422836694,0.2967606749561694,0.2544565702229296
0022000786,2021-04-08,2020-21,DAL,MIL,1,0.4798579691328206,0.5040918246003594,0.5124905445880982,0.5124599528459641,0.5595599532964801
0022000787,2021-04-08,2020-21,UTA,POR,1,0.6898672224867152,0.6713540927130661,0.6713732016557744,0.6713734980614507,0.6650717823308072
0022000788,2021-04-08,2020-21,LAC,PHX,1,0.6360735921216866,0.6287792794993576,0.6292926952365192,0.6292638322653602,0.6291051750322497
0022000789,2021-04-08,2020-21,SAC,DET,0,0.6390325787640567,0.7401533786585311,0.7359944491009904,0.7360121366739832,0.7039603531923656
0022000790,2021-04-09,2020-21,ORL,IND,0,0.4065166296210223,0.3901716933821518,0.38979168956796567,0.3897992283667075,0.3877315792334932
0022000791,2021-04-09,2020-21,ATL,CHI,1,0.687268453175702,0.7056988546956509,0.7055096416550484,0.7054785605140934,0.7683680399210494
0022000792,2021-04-09,2020-21,BOS,MIN,1,0.7818134649538446,0.7778175060583052,0.7774470588774828,0.7774578231349378,0.8008227064464417
0022000793,2021-04-09,2020-21,NYK,MEM,1,0.4913999626828626,0.4832268985755412,0.48262188025177916,0.48261401295915735,0.4688123888973062
0022000795,2021-04-09,2020-21,NOP,PHI,1,0.3304204559014877,0.29019423108017434,0.29257920376252144,0.2925818321275998,0.3592843827684073
0022000796,2021-04-09,2020-21,MIL,CHA,0,0.6318032647907453,0.38834287736990825,0.3966914362494308,0.39660702778848217,0.45963118810259124
0022000797,2021-04-09,2020-21,DEN,SAS,1,0.7593032305121661,0.778753494221375,0.7655888302336957,0.765620549856073,0.7592526452832761
0022000798,2021-04-09,2020-21,GSW,WAS,0,0.6101980474470619,0.6088841989460863,0.607353233979544,0.6073536195433998,0.609507865333621
0022000799,2021-04-09,2020-21,LAC,HOU,1,0.8319583262814952,0.7976152307828762,0.7989925937644965,0.7990037032837237,0.7504897658819836
0022000199,2021-04-10,2020-21,OKC,PHI,0,0.17280622798197134,0.1726045841227811,0.20348814817787073,0.2035740184054674,0.19780507190373228
0022000794,2021-04-10,2020-21,CLE,TOR,0,0.48653181977910653,0.5965671654753736,0.5920784983432501,0.5920717230010547,0.5589665604899968
0022000800,2021-04-10,2020-21,BKN,LAL,0,0.6436445395065422,0.6599327420186513,0.6574451962718866,0.6574405310893459,0.6914928145626675
0022000801,2021-04-10,2020-21,UTA,SAC,1,0.8313235895599679,0.8344824678363825,0.8343295070405295,0.8343385067813901,0.8489384729409916
0022000802,2021-04-10,2020-21,GSW,HOU,1,0.6662238599153867,0.6217760888156609,0.6238569797773252,0.6238323121124963,0.6441923434879542
0022000803,2021-04-10,2020-21,PHX,WAS,1,0.8545286526735585,0.8778861831999014,0.8773321917610662,0.8773701625312923,0.8656947101975063
0022000804,2021-04-10,2020-21,POR,DET,1,0.7139186980615612,0.7084356612005159,0.7069757551490778,0.7069570272624276,0.7137322671663805
0022000805,2021-04-11,2020-21,CHA,ATL,0,0.42118696782014015,0.45129598308164953,0.4509656009245944,0.4510676128361861,0.3893930434717305
0022000806,2021-04-11,2020-21,DEN,BOS,0,0.6469123480278589,0.6941522381360461,0.6927378302678185,0.6927808719175281,0.6170294440315548
0022000807,2021-04-11,2020-21,CLE,NOP,0,0.34180834566244317,0.3265776201290459,0.3280660504931572,0.32797194594928225,0.40195938194181335
0022000808,2021-04-11,2020-21,ORL,MIL,0,0.40112865954385646,0.29280247990962294,0.2916953939948199,0.2916415724614469,0.3405077832353586
0022000809,2021-04-11,2020-21,NYK,TOR,1,0.704593567904375,0.7781959969941464,0.7754889609615132,0.7754742815291737,0.7366605661812301
0022000810,2021-04-11,2020-21,DAL,SAS,0,0.7486737843296909,0.7342295882520803,0.7339492089219245,0.7339469794128222,0.7010343359700169
0022000811,2021-04-11,2020-21,MEM,IND,0,0.6457907682365419,0.6447749609627409,0.6446745089864864,0.6446813946394266,0.6397583624573511
0022000812,2021-04-11,2020-21,MIN,CHI,1,0.39220005414225023,0.39408287666018005,0.393174945673324,0.3931458067229892,0.39990506733590053
0022000813,2021-04-11,2020-21,LAC,DET,1,0.8634688152618679,0.8251624002695822,0.8266777246413829,0.826688122144612,0.8657636782102571
0022000814,2021-04-11,2020-21,POR,MIA,0,0.4824973392793991,0.5292012536447601,0.527865023309375,0.5279214256809059,0.48965930050132295
0022000278,2021-04-12,2020-21,MEM,CHI,1,0.6966441690133665,0.690144163444033,0.6942340973253642,0.6942260688690512,0.7070685983010774
0022000815,2021-04-12,2020-21,NYK,LAL,1,0.4614845626398243,0.510786834047792,0.5068398666620353,0.5068084393461565,0.49975647209799284
0022000816,2021-04-12,2020-21,ORL,SAS,0,0.3929253048287027,0.3228674323433995,0.32571400496798575,0.3257219491010812,0.38824882196203164
0022000818,2021-04-12,2020-21,DAL,PHI,0,0.4649260000229227,0.47590183179687745,0.47479995861902724,0.4747824857772704,0.4770125849684412
0022000819,2021-04-12,2020-21,NOP,SAC,1,0.593057032502478,0.6104362376635878,0.6255611251609242,0.6256156775805141,0.5547748529405124
0022000820,2021-04-12,2020-21,UTA,WAS,0,0.8714783225747439,0.864043862899552,0.8640897003386488,0.8640696755783234,0.863934795149796
0022000821,2021-04-12,2020-21,GSW,DEN,1,0.4612587233660544,0.4790852388248867,0.4785394530342924,0.4784000244018511,0.4421435496868894
0022000822,2021-04-12,2020-21,PHX,HOU,1,0.8597769979407712,0.868786175244415,0.868756331454136,0.8687929324530782,0.8414463729329237
0022000817,2021-04-13,2020-21,MIN,BKN,0,0.3008368255534691,0.41155769487270494,0.40755511051858284,0.4075540661291464,0.3454846031978399
0022000823,2021-04-13,2020-21,IND,LAC,0,0.3554220054530085,0.36073303117686784,0.35975439501516393,0.35974873235562854,0.3647061962562396
0022000824,2021-04-13,2020-21,TOR,ATL,0,0.3752332588001429,0.35775704732530533,0.3612041112847596,0.3611962998847243,0.39874511909968985
0022000825,2021-04-13,2020-21,CHA,LAL,0,0.5582176749237919,0.4760094798532336,0.478123067297483,0.4780481163211899,0.5282992066736457
0022000826,2021-04-13,2020-21,UTA,OKC,1,0.9139761318175158,0.8939065228167264,0.894131817841041,0.8941059252971645,0.9003172891990988
0022000827,2021-04-13,2020-21,PHX,MIA,1,0.6416897082050846,0.6765068825859746,0.6757412885172251,0.6757546375465586,0.6839388814977696
0022000828,2021-04-13,2020-21,POR,BOS,0,0.4884928760742213,0.48285946624735365,0.4826547409661223,0.4826529516783864,0.48507621226300685
0022000461,2021-04-14,2020-21,HOU,IND,0,0.47001853749891365,0.4109778605443023,0.42959271659519016,0.4295523295490831,0.447568893749794
0022000829,2021-04-14,2020-21,CHA,CLE,0,0.5593002231847423,0.5551437064493163,0.5568337965551299,0.5568890208378613,0.4735919081324308
0022000830,2021-04-14,2020-21,PHI,BKN,1,0.7413545713796744,0.8313858478433251,0.8280805353566434,0.8280675208153595,0.7946605355216219
0022000831,2021-04-14,2020-21,TOR,SAS,1,0.5222949392172147,0.49242149811898683,0.49439338459740667,0.4943584035684086,0.43966716323311056
0022000832,2021-04-14,2020-21,DET,LAC,0,0.31233978630256326,0.39303642327862426,0.3904537686825542,0.39045027945993444,0.37711384651688407
0022000833,2021-04-14,2020-21,CHI,ORL,0,0.7343407204902104,0.7694815734392584,0.7683723942915187,0.7683765915252821,0.7196573881589
0022000834,2021-04-14,2020-21,MIN,MIL,0,0.19249130395343222,0.18063970627203502,0.18058172048155308,0.18057787183240484,0.22049298264642817
0022000835,2021-04-14,2020-21,NOP,NYK,0,0.503548172280224,0.48716618034277953,0.4873265276600704,0.4873110881389742,0.5289762187473958
0022000836,2021-04-14,2020-21,OKC,GSW,0,0.22639980722571504,0.1760569531906064,0.17859173543123663,0.17862607573260136,0.17506673375499618
0022000837,2021-04-14,2020-21,MEM,DAL,0,0.5353953636866432,0.5067596195830254,0.5075928842894137,0.5076157278240274,0.4626492237210789
0022000838,2021-04-14,2020-21,DEN,MIA,1,0.7473170900005374,0.6975113151057445,0.6989309550677604,0.698919078150447,0.7246416638354911
0022000839,2021-04-14,2020-21,SAC,WAS,0,0.5516579406362996,0.497629858400961,0.4996907547034236,0.49966396726425544,0.5074608539903578
0022000840,2021-04-15,2020-21,ATL,MIL,0,0.6381724455134797,0.59971434077663,0.5991121309050255,0.5990906237774529,0.5707297121152304
0022000841,2021-04-15,2020-21,CLE,GSW,0,0.4740136407007671,0.4279878366998,0.42881066074021845,0.4288398067093023,0.41674426017740834
0022000842,2021-04-15,2020-21,LAL,BOS,0,0.4874948943869948,0.4812427888667982,0.4839323110412672,0.48396373778478213,0.509342596379726
0022000843,2021-04-15,2020-21,PHX,SAC,1,0.8785871647642642,0.8748640399864012,0.874943807326357,0.8749467011255329,0.8797928197614889
0022000844,2021-04-16,2020-21,UTA,IND,1,0.743331970184864,0.69851841106873,0.7001328251772648,0.7001529937835997,0.7445315709185111
0022000845,2021-04-16,2020-21,DET,OKC,1,0.7510101708441705,0.6157735111786539,0.6212178431401018,0.6211060211074785,0.6720941991168824
0022000846,2021-04-16,2020-21,PHI,LAC,1,0.6264392135701532,0.6149100533870814,0.611465748911185,0.6113953073276615,0.4949594323454218
0022000847,2021-04-16,2020-21,WAS,NOP,1,0.5075360804672117,0.5247783726352422,0.5232233716635963,0.5231906235656756,0.5066184845397983
0022000848,2021-04-16,2020-21,BKN,CHA,1,0.7069524670456604,0.7558974959071514,0.7540743162823296,0.7541017172620417,0.7201624863497113
0022000849,2021-04-16,2020-21,TOR,ORL,1,0.7080000978291642,0.5940459187021314,0.5990748858515476,0.5990619507598051,0.6494244916430553
0022000850,2021-04-16,2020-21,CHI,MEM,0,0.39440865610082365,0.3884663848325678,0.38922436735699784,0.3891606069355096,0.390532938907686
0022000851,2021-04-16,2020-21,HOU,DEN,0,0.253397904556298,0.25908634529328234,0.25771155209335583,0.257675097082566,0.27918296671806697
0022000852,2021-04-16,2020-21,MIN,MIA,1,0.32357192733328927,0.32845527126999674,0.32824518685574305,0.3282324659514457,0.3092763039135585
0022000853,2021-04-16,2020-21,SAS,POR,0,0.4654519362421622,0.4874587424823167,0.4873731125274855,0.4873831874875968,0.49690194720160846
0022000854,2021-04-16,2020-21,DAL,NYK,0,0.6378229420969441,0.6733565073645376,0.6705955380010654,0.670599897158706,0.6564871034862302
0022000855,2021-04-17,2020-21,LAL,UTA,1,0.45286825641221706,0.44732960363373075,0.4476724713764217,0.44775597878332735,0.38460974096203815
0022000856,2021-04-17,2020-21,WAS,DET,1,0.6656814058872469,0.7368763724246655,0.7323350669003997,0.7323287321335321,0.637972872505039
0022000857,2021-04-17,2020-21,CHI,CLE,1,0.5146033996754222,0.5190579364605125,0.5200414687946115,0.5200742088455705,0.49081761890145154
0022000858,2021-04-17,2020-21,BOS,GSW,1,0.6007488768130298,0.604176511280873,0.6056128649600989,0.6056300789351836,0.5109731001919895
0022000859,2021-04-17,2020-21,MIL,MEM,0,0.7085580886325736,0.6971179852350499,0.6970229107820052,0.6970075921560606,0.6631287381807176
0022000860,2021-04-17,2020-21,PHX,SAS,0,0.8350809043797913,0.8888060382138883,0.8871997500894341,0.8872501074806044,0.8658780217397626
0022000362,2021-04-18,2020-21,CHA,POR,1,0.403695451095073,0.40509846424737833,0.4066282374389998,0.4066622731675634,0.4129998562107986
0022000861,2021-04-18,2020-21,ATL,IND,1,0.6180839612527109,0.6108503204910688,0.6103620212008729,0.6103733097876493,0.5713611706383529
0022000862,2021-04-18,2020-21,NYK,NOP,1,0.6532694762039847,0.6573302925439268,0.656582605128717,0.656578638472954,0.6420542817759938
0022000863,2021-04-18,2020-21,MIA,BKN,1,0.4552044919019371,0.3838099314246962,0.38572387635487326,0.38567350811200235,0.4180315589661627
0022000864,2021-04-18,2020-21,ORL,HOU,0,0.5593048360271395,0.5581823890184471,0.558249249411921,0.5582814604342682,0.4793446336110654
0022000865,2021-04-18,2020-21,TOR,OKC,1,0.7919506413327697,0.7629070154216221,0.7647354956491409,0.764718413428262,0.7473631010272119
0022000866,2021-04-18,2020-21,DAL,SAC,0,0.7655369971971425,0.7741378933434194,0.7733521222675448,0.7733451981515149,0.7732482525652532
0022000867,2021-04-18,2020-21,LAC,MIN,1,0.8709363682827314,0.8865551316489263,0.8863707507677815,0.8863495924022674,0.8910754270897597
0022000473,2021-04-19,2020-21,IND,SAS,0,0.523348961745014,0.49521515009155964,0.494577473112268,0.494536804526467,0.5074774019515554
0022000868,2021-04-19,2020-21,DET,CLE,1,0.5331382730908473,0.39859888461277754,0.4047881023392369,0.40475693194658224,0.4222969807349922
0022000869,2021-04-19,2020-21,BOS,CHI,0,0.7269225234374235,0.6871543169302639,0.68774335710916,0.6877107712962894,0.6476158318839896
0022000870,2021-04-19,2020-21,PHI,GSW,0,0.653840050157988,0.7010684453531831,0.7012665292754199,0.7013266699086317,0.6708381525573439
0022000871,2021-04-19,2020-21,MIA,HOU,1,0.7269769041568517,0.671393403260979,0.6753159258745878,0.6752707766302717,0.686991025591109
0022000872,2021-04-19,2020-21,WAS,OKC,1,0.8441128189734582,0.891360927095975,0.8900270701795876,0.8899943810923955,0.8938065888002239
0022000873,2021-04-19,2020-21,MIL,PHX,0,0.4915607058276448,0.5204736938069024,0.5199984499354485,0.5199976483555528,0.5297418852843458
0022000874,2021-04-19,2020-21,DEN,MEM,1,0.5911775417571726,0.6563886645785607,0.6748158148918122,0.674838890211082,0.6383699373620693
0022000875,2021-04-19,2020-21,LAL,UTA,0,0.4070754080976855,0.4134940926890385,0.41363240082894037,0.41367267983757755,0.3545182423832849
0022000876,2021-04-20,2020-21,ATL,ORL,1,0.8238128159377934,0.8341979105765966,0.8333760221788207,0.8333707705550963,0.8130420255508247
0022000877,2021-04-20,2020-21,NYK,CHA,1,0.6751948505164937,0.6988176620409898,0.6975706728685473,0.6975571311224604,0.7415821535684302
0022000878,2021-04-20,2020-21,NOP,BKN,0,0.43472239157335774,0.464748708240584,0.46308650340407553,0.46308782170563006,0.40285912565275545
0022000879,2021-04-20,2020-21,POR,LAC,0,0.3156469463614739,0.3269600785575105,0.3265075116341193,0.32653044833415074,0.330109440597649
0022000880,2021-04-20,2020-21,SAC,MIN,0,0.6744071491497551,0.6811104602269166,0.6804753738849899,0.680465827649966,0.678083841126364
0022000442,2021-04-21,2020-21,DAL,DET,1,0.7840115598775803,0.8183390259334477,0.8155239703953097,0.8155129415761914,0.771505608603885
0022000881,2021-04-21,2020-21,CLE,CHI,1,0.4644849191979681,0.47412928492738815,0.47217901433650145,0.4721968707903034,0.45923737369035333
0022000882,2021-04-21,2020-21,IND,OKC,1,0.8310744182428934,0.8313667540186511,0.8307057396778661,0.830665213371857,0.8522986620299491
0022000883,2021-04-21,2020-21,PHI,PHX,0,0.5563284867257461,0.527370043883148,0.5278271880060353,0.5277878145966813,0.5317275775570712
0022000884,2021-04-21,2020-21,TOR,BKN,1,0.4333419756153634,0.3823680576032615,0.38682350395173715,0.38680390727393815,0.490832607414393
0022000885,2021-04-21,2020-21,WAS,GSW,1,0.4138008116308689,0.4188417387505658,0.41972116889412064,0.41978702908718185,0.34792729109918863
0022000886,2021-04-21,2020-21,NYK,ATL,1,0.6008272567536074,0.5984561064395417,0.5978673523565821,0.5978518412254408,0.5812406942600835
0022000887,2021-04-21,2020-21,HOU,UTA,0,0.15793124677098633,0.1435837245860106,0.1435990366472216,0.1435594850861235,0.1868765371952329
0022000888,2021-04-21,2020-21,SAS,MIA,0,0.5689725163164026,0.6106575082459278,0.608707698590199,0.6087336816507619,0.5631306697948
0022000889,2021-04-21,2020-21,LAC,MEM,1,0.6314187427923637,0.5165032205447544,0.5198520655670757,0.5197559644160245,0.5655088498561898
0022000890,2021-04-21,2020-21,POR,DEN,0,0.34832463640445416,0.3675290985099524,0.3664847671271979,0.36648039227297863,0.4072816346874447
0022000891,2021-04-21,2020-21,SAC,MIN,1,0.6390115382740682,0.6388785351394316,0.6389632510762888,0.6389541975166703,0.636306850847126
0022000892,2021-04-22,2020-21,BOS,PHX,1,0.47196485343496997,0.49387645354444615,0.4955963878280382,0.4955900081604629,0.5569590597282974
0022000893,2021-04-22,2020-21,ORL,NOP,0,0.3472399683336281,0.32807035405749047,0.3285486504707332,0.32854089540083836,0.3280863087426234
0022000894,2021-04-22,2020-21,MIL,PHI,1,0.6292940923213677,0.6138619406733428,0.6139308458811797,0.6139363775940815,0.6282506159702809
0022000895,2021-04-22,2020-21,SAS,DET,1,0.6869900759738441,0.8321091837631972,0.8279508574622368,0.8280016503429599,0.7208660726853156
0022000896,2021-04-22,2020-21,CHI,CHA,1,0.5156063415055722,0.5614197521721354,0.5586697403332587,0.5586262426281299,0.5200458390756688
0022000897,2021-04-22,2020-21,DAL,LAL,1,0.5426273218656832,0.4672202476741812,0.4668822435607357,0.46682705859503093,0.505658788447453
0022000225,2021-04-23,2020-21,POR,MEM,0,0.532367557643313,0.5327197064412293,0.5305969702696521,0.5305425913109638,0.5813582624030179
0022000898,2021-04-23,2020-21,ATL,MIA,1,0.5970237840204132,0.5721779902158585,0.5726251467962162,0.5725750306136249,0.5199207624775364
0022000899,2021-04-23,2020-21,BKN,BOS,1,0.5817525053922165,0.6374272975209823,0.6366953467974484,0.6367295817286003,0.6352116919879078
0022000900,2021-04-23,2020-21,CHA,CLE,1,0.5086457836691354,0.5241665111835443,0.5239833159674658,0.5240683159720947,0.45858939538168403
0022000901,2021-04-23,2020-21,HOU,LAC,0,0.19671750889589923,0.21644997841836233,0.21392150592573442,0.21387221365837372,0.16428410073898986
0022000902,2021-04-23,2020-21,OKC,WAS,0,0.2379160868485873,0.24164047937671515,0.24292421230703193,0.24299936966637492,0.24160211982894012
0022000903,2021-04-23,2020-21,GSW,DEN,1,0.484774206377522,0.47640570926613474,0.4741577108836755,0.47405774521658606,0.5012185692479804
0022000264,2021-04-24,2020-21,NOP,SAS,0,0.547688271382144,0.5713088891521256,0.5696662327918007,0.5696965791109764,0.5517935461311928
0022000904,2021-04-24,2020-21,NYK,TOR,1,0.6441377289072469,0.6869861226745557,0.6845665041909847,0.684588020207909,0.6838882490755305
0022000905,2021-04-24,2020-21,MIL,PHI,1,0.5682829903843709,0.5712527565023615,0.5703884347158663,0.5704012038934738,0.5761267178522713
0022000906,2021-04-24,2020-21,IND,DET,1,0.6926337054354212,0.6798537930540881,0.6784233113022632,0.6784258383349543,0.6721139373839992
0022000907,2021-04-24,2020-21,MIA,CHI,1,0.6013205349492869,0.5413363209664609,0.5416601057653416,0.5416002502469076,0.5795864593079344
0022000908,2021-04-24,2020-21,DAL,LAL,1,0.5500696998730581,0.5667765669094579,0.5652933797656267,0.5652537153848148,0.6339866712506409
0022000909,2021-04-24,2020-21,UTA,MIN,0,0.8663794614495508,0.8764556800720719,0.8794132071855101,0.8794185026396338,0.879181550853945
0022000910,2021-04-24,2020-21,DEN,HOU,1,0.8471036214003842,0.8610339459264746,0.8608314066780633,0.860868250174834,0.817972613383376
0022000197,2021-04-25,2020-21,WAS,CLE,1,0.6230560056240838,0.6392383205341132,0.6380293458959316,0.6380882384813165,0.6595276232579518
0022000240,2021-04-25,2020-21,POR,MEM,0,0.5201338355148231,0.5340557596588351,0.5313294453508864,0.531312461914267,0.47820869998502313
0022000911,2021-04-25,2020-21,CHA,BOS,1,0.39782229802320224,0.4040165633851985,0.40322000387837353,0.4032217180904989,0.34660681925663617
0022000912,2021-04-25,2020-21,BKN,PHX,1,0.4693632666008629,0.5095926176820038,0.5087648154376845,0.5088004452983893,0.4903769845121483
0022000913,2021-04-25,2020-21,ATL,MIL,1,0.5586099426107398,0.5455683089493417,0.5453477634682805,0.5453575819033573,0.5516645866959068
0022000914,2021-04-25,2020-21,ORL,IND,0,0.35928720727538294,0.3719029679893239,0.37231093816345895,0.37232888830055116,0.357580514918994
0022000915,2021-04-25,2020-21,GSW,SAC,1,0.7128061157624124,0.7526142003383248,0.7510619490091442,0.7510750322736373,0.7726488428309543
0022000916,2021-04-26,2020-21,DET,ATL,1,0.3326718947630147,0.34731961016280877,0.3491716400068484,0.349157946282179,0.36937790588465585
0022000917,2021-04-26,2020-21,ORL,LAL,0,0.1940027721671433,0.20530424809016007,0.20388237822739372,0.20389341460307045,0.17335196990552684
0022000918,2021-04-26,2020-21,PHI,OKC,1,0.8731825537195197,0.9180232991785466,0.9171548028504454,0.9171431907950456,0.915245163472521
0022000919,2021-04-26,2020-21,WAS,SAS,0,0.5204117245568901,0.5404532889629943,0.5375831967918678,0.5375269706420345,0.5146781038756411
0022000920,2021-04-26,2020-21,NYK,PHX,0,0.6194093171873833,0.6137922491333849,0.6131831400091249,0.6131664293151579,0.6230356323481542
0022000921,2021-04-26,2020-21,TOR,CLE,1,0.7221917324467485,0.7629728706001991,0.7629661666972921,0.7630102311492171,0.7187766967814719
0022000922,2021-04-26,2020-21,MIA,CHI,0,0.6294454237954851,0.5563584761552629,0.5581925261732366,0.5581767888927717,0.6295476870800127
0022000923,2021-04-26,2020-21,MIN,UTA,1,0.20667208558036868,0.21533434348502423,0.21472162343856901,0.21469990041083178,0.21647183873541434
0022000924,2021-04-26,2020-21,NOP,LAC,1,0.3239453567335383,0.31923719738007195,0.3192639081805217,0.3192672196161161,0.2887165856013678
0022000925,2021-04-26,2020-21,DEN,MEM,1,0.6084665238096818,0.5937087571143653,0.5958576679331493,0.5958570928615751,0.610203613807507
0022000926,2021-04-26,2020-21,SAC,DAL,1,0.28902204808202253,0.35566271563634033,0.353206467880781,0.3532206405571346,0.32896526442671586
0022000927,2021-04-27,2020-21,BOS,OKC,0,0.9162759833108405,0.8536316161455215,0.855844327446265,0.8557983101868861,0.8647268749752653
0022000928,2021-04-27,2020-21,CHA,MIL,0,0.3041320523196975,0.3026420143715435,0.30362341310032076,0.303648651792317,0.2887039295054464
0022000929,2021-04-27,2020-21,IND,POR,0,0.5134919583865567,0.494211997829451,0.49496386437052275,0.4949964367311502,0.5004839699773111
0022000930,2021-04-27,2020-21,TOR,BKN,0,0.3719513567198646,0.3978062667846287,0.39745247736868666,0.39749633854953476,0.346956239827758
0022000931,2021-04-27,2020-21,HOU,MIN,0,0.5229173330487221,0.5050183577408941,0.5055957432570849,0.5055992767057944,0.5290788808289734
0022000932,2021-04-27,2020-21,GSW,DAL,0,0.6600789958298764,0.6587997006858235,0.6570956592926382,0.6570493803291702,0.6533722925533509
0022000933,2021-04-28,2020-21,CLE,ORL,0,0.7127958014566843,0.7120821703705503,0.7111560001398152,0.7111219422230781,0.7079239540634309
0022000934,2021-04-28,2020-21,PHI,ATL,1,0.5761606286516264,0.675891380506801,0.6725411960480968,0.6726012378989841,0.6114492793275579
0022000935,2021-04-28,2020-21,WAS,LAL,1,0.48336778638879113,0.5095140771984361,0.5066269160922648,0.5065915507653691,0.49365111239132725
0022000936,2021-04-28,2020-21,BOS,CHA,1,0.5892462770067635,0.5696041843701211,0.5719909631108054,0.5720207195497179,0.6311485086608561
0022000937,2021-04-28,2020-21,NYK,CHI,1,0.6932791200553554,0.6891931266284717,0.688635016929247,0.6886484140474193,0.6712207046149773
0022000938,2021-04-28,2020-21,MIA,SAS,1,0.5426363494508875,0.5649227950749934,0.5640560676722561,0.5640812064238487,0.6039539866750744
0022000939,2021-04-28,2020-21,MEM,POR,0,0.6604868843708648,0.6402507361086526,0.6415184946645364,0.6415450632926687,0.6280933391929905
0022000940,2021-04-28,2020-21,DEN,NOP,1,0.681674106202125,0.6925302032361353,0.6854534016402984,0.6854529804499777,0.6759029573190538
0022000941,2021-04-28,2020-21,PHX,LAC,1,0.554505075188156,0.5462604000595991,0.5452164225742546,0.5452051857647617,0.577007193533231
0022000942,2021-04-28,2020-21,SAC,UTA,0,0.2741978960643611,0.25406612153795827,0.25394348792055954,0.2539187667945188,0.2763413613898606
0022000943,2021-04-29,2020-21,DET,DAL,0,0.36061517715540986,0.31556172840747326,0.31681380561637684,0.31677769415213125,0.27588734970239254
0022000944,2021-04-29,2020-21,IND,BKN,0,0.3348881386219557,0.39422504140663206,0.39280149986747537,0.39284438204315547,0.37511289520690577
0022000945,2021-04-29,2020-21,HOU,MIL,1,0.1618991873034049,0.11965623851743092,0.12092945817867802,0.12091088587515338,0.1410734000955619
0022000946,2021-04-29,2020-21,MIN,GSW,1,0.39343783848463443,0.3993908314549338,0.3985912567729539,0.39864971497165963,0.3084913602632338
0022000947,2021-04-29,2020-21,OKC,NOP,0,0.29941840111174295,0.3381171661397257,0.3373807426274711,0.33739732223800806,0.3174075995402382
0022000948,2021-04-29,2020-21,DEN,TOR,1,0.6352724739363897,0.7121459052040643,0.7094391439889461,0.7094749783777099,0.6634359615652055
0022000949,2021-04-30,2020-21,PHI,ATL,1,0.698272476039595,0.7463680095879545,0.7443429929580857,0.7443319338129141,0.7109365855766668
0022000950,2021-04-30,2020-21,BOS,SAS,1,0.564068106481445,0.5627189755090759,0.5637501844124442,0.5637787144674922,0.5661405999198968
0022000951,2021-04-30,2020-21,CLE,WAS,0,0.38044975531516506,0.33467517506399824,0.33635826516702044,0.3363842954168338,0.3240312989213117
0022000952,2021-04-30,2020-21,BKN,POR,0,0.5531365748785877,0.5106896687134937,0.5125555425427332,0.5125622936330256,0.5757940048572405
0022000953,2021-04-30,2020-21,MEM,ORL,1,0.8251510627562647,0.855306191768511,0.8551886878336662,0.855150051316574,0.8533147650986983
0022000954,2021-04-30,2020-21,CHI,MIL,0,0.40990588910472914,0.5367470576336519,0.5150027361227502,0.5149771505755179,0.5131209323906583
0022000955,2021-04-30,2020-21,PHX,UTA,1,0.48391507975357284,0.4976339014373404,0.49608963625616853,0.49611275625021084,0.4714875896789545
0022000956,2021-04-30,2020-21,LAL,SAC,0,0.7315642688907031,0.763259147715661,0.7626769165417523,0.7626710284303325,0.7868703365726413
0022000957,2021-05-01,2020-21,CHA,DET,1,0.6624266653856621,0.7084219103168989,0.7052495093713814,0.7052743106596276,0.7081386643571955
0022000958,2021-05-01,2020-21,HOU,GSW,0,0.2826679091418105,0.2742982050896678,0.2754313923213821,0.27545504539346993,0.28500726634682005
0022000959,2021-05-01,2020-21,ATL,CHI,1,0.5975191209330062,0.6494955900338245,0.6487952039174243,0.6488189528344642,0.678526479509554
0022000960,2021-05-01,2020-21,CLE,MIA,0,0.22131113383056256,0.18890615613055212,0.19135377536873804,0.19135054069282711,0.2223604857891294
0022000961,2021-05-01,2020-21,ORL,MEM,1,0.22067018931745613,0.17210026477518806,0.17365432090177632,0.17365384600098213,0.20428560912806976
0022000962,2021-05-01,2020-21,MIN,NOP,0,0.447215600069572,0.46664124771761295,0.46431402252516163,0.46427140939801526,0.48319901807147675
0022000963,2021-05-01,2020-21,OKC,IND,0,0.3034354789614935,0.251152930085037,0.25242870330177175,0.2524124963115048,0.30411332787015594
0022000964,2021-05-01,2020-21,DAL,WAS,1,0.7066061242297876,0.6109071542936398,0.6159194774108107,0.6158907740690422,0.6822485597360392
0022000965,2021-05-01,2020-21,UTA,TOR,1,0.7396390182293388,0.7755224669208189,0.7731816911130436,0.7732074728102529,0.6936564121489003
0022000966,2021-05-01,2020-21,LAC,DEN,0,0.5833044918164172,0.6414518720909222,0.6395682619310014,0.6395269201984115,0.6564569014620943
0022000967,2021-05-02,2020-21,MIL,BKN,1,0.5572289383049108,0.5848468103804252,0.5851194215891792,0.5851238915317226,0.6365973461435029
0022000968,2021-05-02,2020-21,BOS,POR,0,0.49754517866899167,0.4753078435786209,0.4768913288847667,0.47690097914850443,0.4429105594139691
0022000969,2021-05-02,2020-21,CHA,MIA,0,0.5023640881111765,0.4856878290362248,0.48661381617872757,0.4866518220949762,0.4380521937658044
0022000970,2021-05-02,2020-21,DAL,SAC,0,0.7202028803116514,0.720925069698182,0.7201616823861295,0.7201567370098266,0.7217654068909195
0022000971,2021-05-02,2020-21,HOU,NYK,0,0.16580162444377383,0.13777959956279834,0.13904097244926716,0.1390345047482316,0.17193806945802234
0022000972,2021-05-02,2020-21,OKC,PHX,0,0.07564990615645893,0.07570685497737774,0.0757613639956529,0.07577637772170107,0.08156643374800472
0022000973,2021-05-02,2020-21,SAS,PHI,0,0.3801890692214833,0.20700079603979432,0.21188029505447797,0.2118245802648365,0.2332138722294459
0022000974,2021-05-02,2020-21,LAL,TOR,0,0.6840116112327824,0.6809425894844634,0.6811006860899493,0.6810925593553135,0.7769811595185957
0022000975,2021-05-03,2020-21,DET,ORL,0,0.6409932104548878,0.6461224450785658,0.6476713969110389,0.6476835942426877,0.6243232121885921
0022000976,2021-05-03,2020-21,WAS,IND,1,0.604844931063127,0.6155420312026031,0.6134963446811122,0.6134742397020817,0.6355475479077705
0022000977,2021-05-03,2020-21,NOP,GSW,0,0.5134761893890109,0.5155284969624765,0.5167018699733877,0.5167710985449674,0.45001601194866386
0022000978,2021-05-03,2020-21,ATL,POR,1,0.5648091333549383,0.5637379361292908,0.5639037141043943,0.5639050150926931,0.6030515151763525
0022000979,2021-05-03,2020-21,CHI,PHI,0,0.35058056423551576,0.3261456725771983,0.33288326280793484,0.3328857484944643,0.35956945078936153
0022000980,2021-05-03,2020-21,MEM,NYK,0,0.559618972041242,0.5347482082375856,0.5631042598230053,0.5631393939941822,0.531186343510896
0022000981,2021-05-03,2020-21,UTA,SAS,1,0.8306345658571372,0.8267398919866605,0.8265532110408269,0.8265424619836016,0.7933875064415782
0022000982,2021-05-03,2020-21,LAL,DEN,1,0.38608600403745313,0.3336160175822989,0.33474566854597915,0.3347098940385576,0.356555162909933
0022000983,2021-05-04,2020-21,CLE,PHX,0,0.1598427520179708,0.15618452417131332,0.1566551076650353,0.15666320461830116,0.14563042810001198
0022000984,2021-05-04,2020-21,DET,CHA,0,0.3594012689238631,0.5746112623425208,0.5695944329063651,0.569648953182381,0.41130050382557454
0022000985,2021-05-04,2020-21,MIL,BKN,1,0.6267484402032444,0.6041227678355662,0.6042322716118311,0.6042113340717408,0.6503023602631416
0022000986,2021-05-04,2020-21,MIA,DAL,0,0.5020298794511582,0.5374591500233392,0.5364806870952651,0.5364666097375278,0.48590649497525157
0022000987,2021-05-04,2020-21,NOP,GSW,1,0.4805444749484668,0.4890052747653012,0.49087915924858305,0.4909195875666755,0.43421033111643453
0022000988,2021-05-04,2020-21,OKC,SAC,0,0.27193434951565987,0.289918039355647,0.2900979247607743,0.29014361115344656,0.2380777118835014
0022000989,2021-05-04,2020-21,LAC,TOR,1,0.7777257078799902,0.8054733359068633,0.8026868661650051,0.8026742647323717,0.7610543233095519
0022000183,2021-05-05,2020-21,MIN,MEM,0,0.4205034867265817,0.4413339010067485,0.4383445478669704,0.438355632671565,0.4181346425076917
0022000235,2021-05-05,2020-21,MIL,WAS,1,0.6444309934703829,0.645048016767164,0.6453132730889726,0.6453307551348624,0.643944851785753
0022000990,2021-05-05,2020-21,ORL,BOS,0,0.2514701386325942,0.24628735975786212,0.24563309785538137,0.24571735351957266,0.19602610261349182
0022000991,2021-05-05,2020-21,CLE,POR,0,0.18137406584930235,0.1957545728246944,0.19594673527770382,0.19597634711150216,0.19336926159937837
0022000992,2021-05-05,2020-21,ATL,PHX,1,0.5108541414879455,0.5046185627093199,0.5039403766383166,0.5038989933097014,0.4745252832580324
0022000993,2021-05-05,2020-21,IND,SAC,0,0.641931245096477,0.6443879740757446,0.6462602807449552,0.6462626328445991,0.6055040440993796
0022000994,2021-05-05,2020-21,HOU,PHI,0,0.14497682926795014,0.13843866972769467,0.13919110454169484,0.13915611880035436,0.19956388457873836
0022000995,2021-05-05,2020-21,DEN,NYK,1,0.5469171971321563,0.4919275315438846,0.4905350060186975,0.4905278379019568,0.5082907585593718
0022000996,2021-05-05,2020-21,UTA,SAS,1,0.7586729353771847,0.7585571411760139,0.7586722379627946,0.7586756169120367,0.7530378492818186
0022000434,2021-05-06,2020-21,CHA,CHI,0,0.5234301286447214,0.5216268801579323,0.5233586899470224,0.5233952178222081,0.5622849611921307
0022000997,2021-05-06,2020-21,TOR,WAS,0,0.6099657066113566,0.5171883286238089,0.5211796693565085,0.521191492246853,0.5242051251484741
0022000998,2021-05-06,2020-21,DAL,BKN,1,0.5233143388580898,0.5321797032387408,0.5321021795950325,0.5321084200789995,0.5212688691084207
0022000999,2021-05-06,2020-21,DET,MEM,1,0.38190872304603296,0.3769066177579152,0.3789991236416829,0.3789875651760241,0.42701019570065524
0022001000,2021-05-06,2020-21,IND,ATL,1,0.4576293232685619,0.410570011354344,0.41269231089360375,0.41267034221494764,0.3782067307825994
0022001001,2021-05-06,2020-21,GSW,OKC,1,0.873463547378522,0.8983202703247807,0.8970294365588514,0.8970167362125908,0.8743434041942146
0022001002,2021-05-06,2020-21,LAC,LAL,1,0.7128836060921412,0.7362657195307462,0.7343344857113201,0.7343353857620897,0.7107783893830566
0022000160,2021-05-07,2020-21,CHI,BOS,1,0.342252096959463,0.4009547322227212,0.3992033318162355,0.39922093912889794,0.38877854744961754
0022001003,2021-05-07,2020-21,PHI,NOP,1,0.7068023494298368,0.8342211397457019,0.8307847178319532,0.8308218127239722,0.8074901308542817
0022001004,2021-05-07,2020-21,CHA,ORL,1,0.7171844964532084,0.7443489408306605,0.7432892751895539,0.7432706044287766,0.7391180909290019
0022001005,2021-05-07,2020-21,MIA,MIN,1,0.636364232059646,0.6805331068603018,0.6801599715266778,0.6802266460982691,0.7352025467328052
0022001006,2021-05-07,2020-21,MIL,HOU,1,0.877875195491833,0.9214951477771931,0.9204639045519406,0.9204885299591364,0.8273710772798929
0022001007,2021-05-07,2020-21,DAL,CLE,1,0.8066221844083428,0.839144568502475,0.837938153372198,0.8379423773926586,0.8277441147917087
0022001008,2021-05-07,2020-21,UTA,DEN,1,0.6374390771033235,0.6616843236197885,0.6605560830130441,0.6605298125068484,0.6679114856083032
0022001009,2021-05-07,2020-21,PHX,NYK,1,0.5877473451876721,0.5840734988280973,0.5836437558923887,0.5836663101439941,0.5757041965693571
0022001010,2021-05-07,2020-21,POR,LAL,1,0.716399406834779,0.728847779748927,0.727647380198464,0.7276301461887084,0.7713715928010345
0022001011,2021-05-07,2020-21,SAC,SAS,0,0.5540534848185669,0.5357743341779947,0.5345880841306149,0.5345648551200991,0.5337755056123548
0022001012,2021-05-08,2020-21,IND,WAS,0,0.4694280141180332,0.46047174467493035,0.4617141502619181,0.46174373675456976,0.4092023669529277
0022001013,2021-05-08,2020-21,PHI,DET,1,0.7910796610855116,0.7974121607657063,0.7959890190786344,0.7959744143406234,0.7420706143254076
0022001014,2021-05-08,2020-21,TOR,MEM,0,0.5127696155841286,0.4353206467385691,0.438578073057589,0.4385487075835458,0.4457286905586766
0022001015,2021-05-08,2020-21,DEN,BKN,0,0.5532942142352354,0.5659107023841,0.5654843757392752,0.5654985190603689,0.5000347764886521
0022001016,2021-05-08,2020-21,UTA,HOU,1,0.8973586698153041,0.9168577443389192,0.9170394234281525,0.9170487540004268,0.9306923866451022
0022001017,2021-05-08,2020-21,GSW,OKC,1,0.8675124251632305,0.9021161060793816,0.9008131637020471,0.9008127066309413,0.88893971215928
0022001018,2021-05-08,2020-21,POR,SAS,1,0.7068682343367345,0.704550862129065,0.7042436778371776,0.7041957262740937,0.7311266913343591
0022000145,2021-05-09,2020-21,BOS,MIA,0,0.5079896476219448,0.5426914312527098,0.5431361874087943,0.543158178701363,0.5137115952351013
0022001019,2021-05-09,2020-21,LAC,NYK,0,0.6471028802488411,0.6676079668490441,0.6667937151415326,0.6667941421216,0.6905421366461819
0022001020,2021-05-09,2020-21,CHA,NOP,0,0.46710785235598956,0.47720841335451586,0.47679515559509844,0.4767811326382572,0.5164172816380473
0022001021,2021-05-09,2020-21,CLE,DAL,0,0.19877393295847434,0.1820471000559811,0.1829291331199863,0.18291889852159168,0.21854436383481668
0022001022,2021-05-09,2020-21,ORL,MIN,0,0.3501818080509454,0.35258872834641175,0.3531541496630017,0.35321256260701794,0.3436493374846797
0022001023,2021-05-09,2020-21,DET,CHI,0,0.39022840967997235,0.27082006978760426,0.27416356425802235,0.274112541171797,0.3067164537434867
0022001024,2021-05-09,2020-21,LAL,PHX,1,0.3681634214508755,0.3174899093334713,0.3210283671220575,0.32099836184065755,0.34863352385994384
0022001025,2021-05-09,2020-21,SAC,OKC,1,0.8633468621731184,0.9034902692295781,0.9024600787099354,0.9024479239030601,0.9009150496757853
0022001026,2021-05-10,2020-21,ATL,WAS,1,0.6169546540431636,0.6450694786832253,0.6432476444536523,0.6432976478267953,0.588259315013932
0022001027,2021-05-10,2020-21,CLE,IND,0,0.2737976694456267,0.21075675480736006,0.2120877369497141,0.21208713845090177,0.22787304537113354
0022001028,2021-05-10,2020-21,MEM,NOP,1,0.681542079441203,0.676532995652514,0.6759011106530688,0.6758720419115821,0.6971312618467134
0022001029,2021-05-10,2020-21,SAS,MIL,1,0.32719150899152205,0.35065298773236214,0.3512383476566055,0.3512225851238173,0.338441365417319
0022001030,2021-05-10,2020-21,GSW,UTA,1,0.3738571939561202,0.3982915819544562,0.39627662761720944,0.39623650247003006,0.43382217609224727
0022001031,2021-05-10,2020-21,POR,HOU,1,0.8717473702640317,0.8680924101653685,0.8676539585489612,0.8676511803663816,0.8413483444400789
0022000448,2021-05-11,2020-21,CHA,DEN,0,0.34713351654727,0.3361191848354064,0.3353860504736337,0.3353825881057141,0.2902923141246375
0022001032,2021-05-11,2020-21,BOS,MIA,0,0.5096612871415358,0.4635557879013213,0.4658792796801308,0.465872626012842,0.4785300433890582
0022001033,2021-05-11,2020-21,DET,MIN,0,0.4591391335448144,0.40475014274618915,0.4080158856742339,0.4080577968417312,0.3726998296027798
0022001034,2021-05-11,2020-21,TOR,LAC,0,0.2666209849778396,0.1832147136475365,0.1870826726307614,0.18708922395878774,0.23539146436486885
0022001035,2021-05-11,2020-21,IND,PHI,1,0.2821056551649692,0.31943631638498965,0.3189031895738814,0.318900036174132,0.262378522260004
0022001036,2021-05-11,2020-21,CHI,BKN,0,0.4371564434891448,0.428352397039193,0.42880519243160004,0.42879730628137147,0.45796007678361494
0022001037,2021-05-11,2020-21,MEM,DAL,1,0.43067767741788754,0.3857499507641294,0.3871538338240559,0.387081022952322,0.4142720452452048
0022001038,2021-05-11,2020-21,MIL,ORL,1,0.8816648518418001,0.8931701496713438,0.8950778589859769,0.895085892786046,0.8756847276836597
0022001039,2021-05-11,2020-21,GSW,PHX,1,0.42093091336424965,0.45537486371375724,0.4532205164460656,0.45319029556208495,0.4548166115178488
0022001040,2021-05-11,2020-21,SAC,OKC,1,0.8650287448748034,0.8501670025434328,0.8491795385125834,0.8491764268522711,0.8607332759673106
0022001041,2021-05-11,2020-21,LAL,NYK,1,0.4727593852660541,0.44762120449712633,0.4492728367958726,0.44928364417789135,0.39067965993762327
0022000154,2021-05-12,2020-21,DAL,NOP,1,0.6069971664720231,0.6848347148321975,0.6807096672120854,0.6807284951631862,0.6504699750346019
0022001042,2021-05-12,2020-21,ATL,WAS,1,0.600363424796749,0.5972795254978236,0.5980142635440162,0.5979809699013662,0.6302565221361653
0022001043,2021-05-12,2020-21,BKN,SAS,1,0.6031652245693394,0.5319898551079394,0.5346289577180401,0.5345568289196821,0.6129025081456713
0022001044,2021-05-12,2020-21,CLE,BOS,1,0.27246292594678573,0.3715219353707712,0.3696878074367308,0.36978749511190434,0.35073721263316837
0022001045,2021-05-12,2020-21,UTA,POR,0,0.646865286978631,0.6322026590485154,0.6332518645564891,0.6332919864622575,0.5782414237050407
0022001046,2021-05-12,2020-21,LAL,HOU,1,0.7449016517100683,0.6887324125161095,0.6917632141796193,0.6917788973020753,0.6300680340373201
0022000255,2021-05-13,2020-21,MEM,SAC,1,0.6746487760805175,0.6829225319948884,0.6833838675151857,0.6833982893151489,0.6354074840690637
0022000458,2021-05-13,2020-21,NYK,SAS,1,0.7527907271445419,0.7182379029455176,0.7185513301210024,0.7185456927497662,0.7121382177415637
0022001047,2021-05-13,2020-21,CHA,LAC,0,0.2504456679107604,0.22289224997678223,0.22426300544705408,0.22428279605695042,0.22320151046524778
0022001048,2021-05-13,2020-21,IND,MIL,0,0.3857271790350271,0.36198631355860617,0.3633114167604887,0.36329843199323014,0.34248575464592707
0022001049,2021-05-13,2020-21,ATL,ORL,1,0.8461955711061554,0.8142503595182861,0.8149330079088444,0.8148853263193118,0.8076494737948101
0022001050,2021-05-13,2020-21,MIA,PHI,1,0.4784008284431145,0.4521110640694853,0.451667356536344,0.4516420473297021,0.40650322327143873
0022001051,2021-05-13,2020-21,CHI,TOR,1,0.660661879677558,0.6641104533258847,0.6617177235763131,0.6616620684022494,0.6941174602685056
0022001052,2021-05-13,2020-21,MIN,DEN,0,0.3229579959956426,0.41756557247747506,0.41275321464149,0.4127887267890448,0.37095993413971384
0022001053,2021-05-13,2020-21,PHX,POR,1,0.6230246353062717,0.5808012136576616,0.5832477690588511,0.5832145429546602,0.6068974369167075
0022000204,2021-05-14,2020-21,WAS,CLE,1,0.8082709250640939,0.8509506220921379,0.8490291727480427,0.8490122935858347,0.8215628382574682
0022000263,2021-05-14,2020-21,MEM,SAC,1,0.6925873157499443,0.47357096554578587,0.48330902877966564,0.4831769864637034,0.6031152111620086
0022001054,2021-05-14,2020-21,DET,DEN,0,0.2542028904958813,0.274846371635979,0.2752735421037223,0.27532106870951367,0.2310106376738245
0022001055,2021-05-14,2020-21,PHI,ORL,1,0.9075189483951356,0.9208970662683469,0.9205666878623009,0.9205546375998653,0.9069798453186063
0022001056,2021-05-14,2020-21,OKC,UTA,0,0.0830748192382232,0.09064570676446614,0.090149132316176,0.09014959240845898,0.07815309576384512
0022001057,2021-05-14,2020-21,DAL,TOR,1,0.8091851193564267,0.8138516409400056,0.8074371460568385,0.8074042032745263,0.8382308533562102
0022001058,2021-05-14,2020-21,HOU,LAC,1,0.22405893312816486,0.39502916652322984,0.3854905742720275,0.3855805804753638,0.3034951290456145
0022001059,2021-05-14,2020-21,GSW,NOP,1,0.7255237133086351,0.4608158787495475,0.4649951892924011,0.4649049774522607,0.5039510164014255
0022001060,2021-05-15,2020-21,BKN,CHI,1,0.6734113052300695,0.7010674501908949,0.6999584519999428,0.699968159046465,0.6973102772875531
0022001061,2021-05-15,2020-21,IND,LAL,0,0.5255995068935087,0.4460760125677898,0.44719538784964175,0.44719079494762276,0.37054756673709044
0022001062,2021-05-15,2020-21,MIL,MIA,1,0.6469728174122824,0.6627361088171276,0.6614712598080714,0.6615000392161424,0.6916672366532729
0022001063,2021-05-15,2020-21,MIN,BOS,0,0.5213749110136581,0.5590582405621705,0.5560955552309473,0.5560953107906484,0.5349108484971171
0022001064,2021-05-15,2020-21,NYK,CHA,1,0.7781486117549068,0.7892278752829862,0.7877448670965824,0.7877224279165412,0.7850608294893113
0022001065,2021-05-15,2020-21,SAS,PHX,0,0.37758996780706655,0.27687936195863133,0.22146709585386895,0.22138901158850685,0.28148782642928905
0022001066,2021-05-16,2020-21,ATL,HOU,1,0.7712019117427905,0.7363861170787349,0.7388170183307022,0.7388242959692388,0.6257636287095844
0022001067,2021-05-16,2020-21,BKN,CLE,1,0.8576687402024799,0.9070940475774274,0.9052327361850011,0.9052307217555251,0.8855185761859262
0022001068,2021-05-16,2020-21,CHI,MIL,1,0.37980920424742703,0.3627466162825342,0.36318404961825773,0.36318087699861273,0.580920104793916
0022001069,2021-05-16,2020-21,DET,MIA,0,0.34987044168455006,0.3572187096560721,0.35867492607103585,0.35867859549115577,0.5530415634935696
0022001070,2021-05-16,2020-21,GSW,MEM,1,0.4618658837699041,0.4699623229115534,0.46994646548026353,0.46997245515202835,0.6343398576913202
0022001071,2021-05-16,2020-21,MIN,DAL,1,0.2940563290609856,0.32550968484669157,0.32420939373946017,0.3241876372509771,0.3447692543633444
0022001072,2021-05-16,2020-21,NOP,LAL,0,0.4611541462945556,0.4663384108805741,0.4343468891244823,0.43439104840494813,0.39237332374724543
0022001074,2021-05-16,2020-21,OKC,LAC,1,0.11458715765494744,0.12524034931100375,0.1307911457707384,0.1307857775137633,0.12179384228456455
0022001075,2021-05-16,2020-21,PHI,ORL,1,0.9008140870661813,0.7851265831199576,0.7913623990098795,0.7912893791435429,0.7984119770538067
0022001076,2021-05-16,2020-21,POR,DEN,1,0.600755155454071,0.6259309027023526,0.62223272856521,0.6221894452549421,0.5975823729198428
0022001077,2021-05-16,2020-21,SAC,UTA,0,0.30074242077250973,0.2960549031588913,0.2951759496160964,0.2951248620058311,0.312020893690745
0022001079,2021-05-16,2020-21,TOR,IND,0,0.5528394210314507,0.5312224962778802,0.5341025551615344,0.5341323036746434,0.4614700736840559
0022001080,2021-05-16,2020-21,WAS,CHA,1,0.7380700136665242,0.7480691863359314,0.7476849551117287,0.74764986283635,0.769604704794176
0022100001,2021-10-19,2021-22,MIL,BKN,1,0.44790381147987807,0.47208902219537824,0.47511108619582,0.47519269785466006,0.6094166581537896
0022100002,2021-10-19,2021-22,LAL,GSW,0,0.5157292412483669,0.46626085230627395,0.47515083078794296,0.47513309096236495,0.568803202104183
0022100003,2021-10-20,2021-22,CHA,IND,1,0.4520950801496307,0.4939234071456852,0.46666388530348096,0.4667024002097951,0.5246476307451486
0022100004,2021-10-20,2021-22,DET,CHI,0,0.3782661414434433,0.43833446790342184,0.4392481751877846,0.439322398184909,0.4328206676628812
0022100005,2021-10-20,2021-22,NYK,BOS,1,0.6773823499342015,0.6401547637356018,0.6405844335352465,0.6404840088093432,0.5017656585841701
0022100006,2021-10-20,2021-22,TOR,WAS,0,0.3892648305665878,0.4183371810629042,0.4210400660490195,0.4211357003563454,0.46358483965774544
0022100007,2021-10-20,2021-22,MEM,CLE,1,0.8176070252712999,0.8373340053249588,0.835949952079369,0.8358844499938477,0.7652504473928001
0022100008,2021-10-20,2021-22,MIN,HOU,1,0.67254423151646,0.6726368136532643,0.6698594345808289,0.6698263519662191,0.6206406496365214
0022100009,2021-10-20,2021-22,NOP,PHI,0,0.462519917083153,0.48876859896367675,0.49079547184138533,0.49080756746748466,0.36462044130777943
0022100010,2021-10-20,2021-22,SAS,ORL,1,0.7801757945319214,0.8078572675927764,0.8074672404893332,0.8074023721499525,0.7512457371773984
0022100011,2021-10-20,2021-22,UTA,OKC,1,0.9045842614685186,0.905754188770763,0.9051821416476531,0.9051301808768885,0.8130672856708661
0022100012,2021-10-20,2021-22,PHX,DEN,0,0.5810953652437553,0.5406462808681006,0.5432540343878367,0.543210919242203,0.5740702791114106
0022100013,2021-10-20,2021-22,POR,SAC,0,0.7363579491763025,0.7597778767746839,0.7586905523079359,0.7586402005000368,0.7949924780164116
0022100014,2021-10-21,2021-22,ATL,DAL,1,0.4963817034876039,0.4509300958326222,0.45478438556437534,0.45478686148504466,0.5168058196357248
0022100015,2021-10-21,2021-22,MIA,MIL,1,0.36894357566748637,0.4372933678267544,0.43560254609579563,0.4357648809595814,0.34382964725070864
0022100016,2021-10-21,2021-22,GSW,LAC,1,0.6327718450485246,0.696365390184445,0.6944902354118362,0.6944101752209272,0.5101411397619702
0022100017,2021-10-22,2021-22,CLE,CHA,0,0.3738121791057697,0.35130427577395,0.35778541671889746,0.3578155616675784,0.3641909454001668
0022100018,2021-10-22,2021-22,ORL,NYK,0,0.257917376187074,0.2544160770154524,0.25487556843486514,0.254905194265174,0.268015473324625
0022100019,2021-10-22,2021-22,WAS,IND,1,0.6059019212841714,0.5795827140929288,0.5528347022570792,0.5527837671300655,0.5772189598980096
0022100020,2021-10-22,2021-22,BOS,TOR,0,0.6660441066195357,0.6934788583719491,0.6911358921825346,0.6910936501164583,0.734182421572298
0022100021,2021-10-22,2021-22,PHI,BKN,0,0.6334888390125979,0.6353701427865713,0.6356828384612457,0.6356389687220358,0.6301311351553212
0022100022,2021-10-22,2021-22,CHI,NOP,1,0.6376928075424674,0.6810863693858561,0.6793787729636581,0.6793667539413533,0.6396364251338051
0022100023,2021-10-22,2021-22,HOU,OKC,1,0.5393256589615482,0.535778534662984,0.536326554398309,0.536359429780218,0.5221883868601748
0022100024,2021-10-22,2021-22,DEN,SAS,1,0.6884780476811343,0.683798966832431,0.683709364413134,0.6836969874241823,0.6850955280921941
0022100025,2021-10-22,2021-22,LAL,PHX,0,0.5299458890779881,0.5318279786705935,0.5272235597580428,0.5272166447413211,0.5317382199324261
0022100026,2021-10-22,2021-22,SAC,UTA,0,0.36347257689100415,0.3336007753215891,0.3352967718806409,0.3353124525221966,0.31523193903726987
0022100027,2021-10-23,2021-22,CLE,ATL,1,0.24416154648160265,0.23066922603223852,0.23496852156690312,0.23499565821734458,0.21486873964301728
0022100028,2021-10-23,2021-22,IND,MIA,1,0.4736534783000852,0.4659682080402374,0.48437053314747147,0.48435608588546275,0.4232907558561853
0022100029,2021-10-23,2021-22,TOR,DAL,0,0.45122099423995754,0.4570876519224552,0.45742667464439096,0.4574459980353048,0.4304335583014515
0022100030,2021-10-23,2021-22,CHI,DET,1,0.637095088267939,0.6539130786026949,0.6535700194829251,0.6535521812604503,0.6655315777278712
0022100031,2021-10-23,2021-22,MIN,NOP,1,0.6664360532460093,0.6671693626690471,0.6675599702766124,0.6675395885103297,0.7006437041812662
0022100032,2021-10-23,2021-22,SAS,MIL,0,0.47773856150507454,0.49980375888650813,0.49823867332849914,0.4982284733791128,0.4155676191112802
0022100033,2021-10-23,2021-22,POR,PHX,1,0.6218137448203412,0.6470002654329164,0.6462888346577158,0.6462969689585377,0.5901689338132234
0022100034,2021-10-23,2021-22,LAC,MEM,0,0.6557922213578007,0.6711961698436266,0.6700792542438145,0.6700350094647196,0.6903127608833387
0022100035,2021-10-24,2021-22,BKN,CHA,0,0.6446105834183126,0.6269529025739995,0.6423698291762457,0.6423888301516054,0.5809091449540861
0022100036,2021-10-24,2021-22,NYK,ORL,0,0.831870855863417,0.8445406630394986,0.8500991889753637,0.8500746771312669,0.8693867375358282
0022100037,2021-10-24,2021-22,HOU,BOS,0,0.3898277691464852,0.3951890200888411,0.3962893497349087,0.39640570639778533,0.3496229201084279
0022100038,2021-10-24,2021-22,OKC,PHI,0,0.20908046048022005,0.19577685188812816,0.1961616407136502,0.1962328341519024,0.18874090562072804
0022100039,2021-10-24,2021-22,SAC,GSW,0,0.3295319798761308,0.33849571703411435,0.34120646767033813,0.3412952125740021,0.2899092104949753
0022100040,2021-10-24,2021-22,LAL,MEM,1,0.6324875155061506,0.639477832818643,0.6384203348050768,0.6383822077441592,0.6501894351990215
0022100041,2021-10-25,2021-22,CHA,BOS,0,0.577077924382742,0.5493824730679966,0.5803105227888051,0.5803103018037665,0.5929193051949015
0022100042,2021-10-25,2021-22,IND,MIL,0,0.500410932127664,0.5723572074824035,0.560426387687938,0.5604593183897392,0.5380598771274133
0022100043,2021-10-25,2021-22,ATL,DET,1,0.7516701305128693,0.7859235921535431,0.7845449454219602,0.7845199734963813,0.7740115818906369
0022100044,2021-10-25,2021-22,BKN,WAS,1,0.4600320531672485,0.4129744087181927,0.4148526850539787,0.4148564355721157,0.46430832150457385
0022100045,2021-10-25,2021-22,MIA,ORL,1,0.8533399878320689,0.8315873469569416,0.8320830280457167,0.832067610708816,0.8189241830752759
0022100046,2021-10-25,2021-22,TOR,CHI,0,0.510571849353408,0.5382849220171639,0.5371937848426522,0.5371891900321334,0.5137235547294466
0022100047,2021-10-25,2021-22,MIN,NOP,0,0.6286332452011834,0.6424988815681915,0.6477480207412232,0.6477177336254591,0.6456715439751176
0022100048,2021-10-25,2021-22,DEN,CLE,0,0.8160584323865794,0.8240009417545118,0.8225316135574249,0.8225067896285403,0.8081710832146066
0022100049,2021-10-25,2021-22,LAC,POR,1,0.5783006157654509,0.5722683188399634,0.5709141638054743,0.5708993599355693,0.5034379487453821
0022100050,2021-10-26,2021-22,NYK,PHI,1,0.45763925572301156,0.4840039669761134,0.4839669424620836,0.48401636815117854,0.4501449750133763
0022100051,2021-10-26,2021-22,OKC,GSW,0,0.22008001652714582,0.17742622703553582,0.18343312255592956,0.18345906467147788,0.16062233982707724
0022100052,2021-10-26,2021-22,DAL,HOU,1,0.741765395028927,0.7561805550699743,0.7541355839510213,0.7541138491397154,0.7306250886832943
0022100053,2021-10-26,2021-22,SAS,LAL,0,0.4612240005993793,0.5511532824392218,0.5497230090704586,0.5497636710659325,0.49431561458581164
0022100054,2021-10-26,2021-22,UTA,DEN,1,0.6769305938732978,0.6502776408147904,0.6433423340034491,0.6433583229033836,0.6263320309139697
0022100055,2021-10-27,2021-22,ORL,CHA,0,0.30691346592043306,0.2814694045548079,0.2829149522379224,0.2829686196269979,0.25535491990753817
0022100056,2021-10-27,2021-22,BOS,WAS,0,0.533085393557781,0.5783384544778531,0.5761538567185177,0.5761710333217734,0.5797929153291266
0022100057,2021-10-27,2021-22,BKN,MIA,0,0.5580112083659795,0.5462581046649186,0.5454972847789755,0.5454512480641305,0.6397539231861997
0022100058,2021-10-27,2021-22,TOR,IND,1,0.5316439460836805,0.535354304057022,0.5352457265236337,0.5352414504027232,0.46578185358156404
0022100059,2021-10-27,2021-22,NOP,ATL,0,0.35544625384395334,0.35451306424833495,0.35544326904154755,0.355510795121973,0.30235018229467026
0022100060,2021-10-27,2021-22,MIL,MIN,0,0.6980925728597988,0.7055097731147331,0.7044385425587814,0.70441145163154,0.7532613067267425
0022100061,2021-10-27,2021-22,OKC,LAL,1,0.28726110376431185,0.27987736780159567,0.2638279924018149,0.2638270282794348,0.27514566394916645
0022100062,2021-10-27,2021-22,PHX,SAC,0,0.6961982942667285,0.7279394505543403,0.7258581974064892,0.7258218779263127,0.7407490103042677
0022100063,2021-10-27,2021-22,POR,MEM,1,0.5466875202730351,0.5584381961144097,0.5587958137826862,0.5587952699326958,0.6084232060698285
0022100064,2021-10-27,2021-22,LAC,CLE,0,0.7740694520282994,0.8087794684566172,0.8074405217517661,0.8074467559219928,0.7926169701041808
0022100065,2021-10-28,2021-22,PHI,DET,1,0.7886040667073995,0.7893591883697444,0.7977089795776793,0.7976765142918086,0.8243366216982586
0022100066,2021-10-28,2021-22,WAS,ATL,1,0.551592881421033,0.5562856335627777,0.4980983633727363,0.498022430666868,0.5619297245978228
0022100067,2021-10-28,2021-22,CHI,NYK,0,0.5170995635250816,0.5105350491703632,0.51631919406132,0.5163044964177815,0.48171986713361153
0022100068,2021-10-28,2021-22,HOU,UTA,0,0.25676105518414505,0.25094508625879974,0.2520085067421721,0.2520279141023442,0.23055064932308816
0022100069,2021-10-28,2021-22,DAL,SAS,1,0.587474761017245,0.5865849239808093,0.5867680944126675,0.586746620329701,0.7024433257786715
0022100070,2021-10-28,2021-22,GSW,MEM,0,0.7155991320195582,0.7108506021451833,0.7095522062860222,0.7095179293759227,0.7334756342109547
0022100071,2021-10-29,2021-22,TOR,ORL,1,0.7645768258626111,0.7813533292688096,0.7806974285679493,0.7806695949198643,0.7715748671870281
0022100072,2021-10-29,2021-22,BKN,IND,1,0.6148348931359676,0.6577533104065387,0.655267208012443,0.6553014917924612,0.6574342304807249
0022100073,2021-10-29,2021-22,MIA,CHA,1,0.5877464103482668,0.5966928041656004,0.5983365034540513,0.5983448673397469,0.5673109995251411
0022100074,2021-10-29,2021-22,NOP,SAC,0,0.5010979956728955,0.46146644800171355,0.46655827884137036,0.4665614547075149,0.4631933290821006
0022100075,2021-10-29,2021-22,DEN,DAL,1,0.650435913535842,0.620251428324486,0.6394161188801584,0.6394155556914238,0.6808589356279771
0022100076,2021-10-29,2021-22,POR,LAC,1,0.546852370935063,0.5551427637939242,0.5521922340097779,0.5521991855650225,0.5738506989401422
0022100077,2021-10-29,2021-22,LAL,CLE,1,0.6273654786866029,0.6480412393068672,0.6475368532638136,0.6475295388750817,0.6583731986914627
0022100078,2021-10-30,2021-22,WAS,BOS,1,0.5958802801807227,0.6545778309654849,0.6768863312550484,0.6769565482575268,0.6151515872677392
0022100079,2021-10-30,2021-22,DET,ORL,1,0.6792977277345849,0.65999939403966,0.660922514644061,0.660920399076097,0.6537726987674708
0022100080,2021-10-30,2021-22,NOP,NYK,0,0.2860587351938449,0.24859578044786088,0.2509408919363589,0.2509441990530778,0.25087117934452424
0022100081,2021-10-30,2021-22,IND,TOR,0,0.5482682926251906,0.5557171397149397,0.555289479933698,0.5552730585792588,0.5806268900815049
0022100082,2021-10-30,2021-22,PHI,ATL,1,0.5925806095247856,0.5976541161483098,0.5969306095238056,0.5969201327329281,0.5881744050979318
0022100083,2021-10-30,2021-22,CHI,UTA,1,0.41736415050615144,0.3992730192013305,0.39998469223126665,0.3999937634416912,0.38070592085316624
0022100084,2021-10-30,2021-22,MEM,MIA,0,0.5750692044540634,0.548880519677947,0.5856769485100174,0.5857040763487777,0.6006194968794625
0022100085,2021-10-30,2021-22,MIL,SAS,0,0.6585243461660086,0.6836225879843254,0.68237104313042,0.6823263951084189,0.640483720861812
0022100086,2021-10-30,2021-22,GSW,OKC,1,0.828190501315364,0.8461753363234438,0.8454156122026507,0.8453671490191934,0.842108271171766
0022100087,2021-10-30,2021-22,MIN,DEN,0,0.44837954518167733,0.40217214519651534,0.40436336851889015,0.40440514843616865,0.3928022562436842
0022100088,2021-10-30,2021-22,PHX,CLE,1,0.749094274154239,0.7400984978959594,0.7402546925119747,0.7402513970496832,0.7758396883823054
0022100089,2021-10-31,2021-22,DAL,SAC,1,0.6081789123455119,0.6176494969801563,0.6167159795286828,0.6167021066314214,0.6389248202068291
0022100090,2021-10-31,2021-22,CHA,POR,1,0.4327818400629452,0.4203548883199626,0.4198480049223607,0.41985078443510143,0.44944346651374634
0022100091,2021-10-31,2021-22,MIL,UTA,0,0.46734539300192907,0.41374029371252957,0.4162909365830644,0.4162297910693639,0.4048391976602588
0022100092,2021-10-31,2021-22,BKN,DET,1,0.8132632188163811,0.8159184483469296,0.8152641338778124,0.8152378726459449,0.8031094655585834
0022100093,2021-10-31,2021-22,LAL,HOU,1,0.7778181638408297,0.7576733182966816,0.7570971602065995,0.7570426585393331,0.8126796509487365
0022100094,2021-11-01,2021-22,CHA,CLE,0,0.6346392976812999,0.6990337301468408,0.6958162022739672,0.6958136933124504,0.679082573564297
0022100095,2021-11-01,2021-22,IND,SAS,1,0.5283947691367669,0.4968375759020417,0.5036393063216865,0.503615181483978,0.5203602725767134
0022100096,2021-11-01,2021-22,PHI,POR,1,0.6504264675108801,0.593427147232691,0.5579521837794991,0.5578786764127833,0.5709590748932819
0022100097,2021-11-01,2021-22,ATL,WAS,1,0.5004473701847997,0.5064848541681175,0.5072607642313666,0.5072823408798709,0.46258680251620476
0022100098,2021-11-01,2021-22,BOS,CHI,0,0.5144663028974045,0.5277969471875759,0.5258375351385238,0.5258083058557456,0.5186917973235529
0022100099,2021-11-01,2021-22,NYK,TOR,0,0.6529821514208207,0.7018681097509435,0.6994420087405255,0.6994725622011765,0.6596692058675936
0022100100,2021-11-01,2021-22,MEM,DEN,1,0.4341445714703556,0.41272302022942287,0.4303670933997676,0.4303799491839289,0.4173280231746468
0022100101,2021-11-01,2021-22,MIN,ORL,0,0.7058315280092534,0.7293385229033402,0.7089965740509018,0.7089998650665569,0.7143646999109249
0022100102,2021-11-01,2021-22,LAC,OKC,1,0.7997161001485499,0.8757701302515761,0.8739757929831484,0.8739826710891759,0.8215301260997002
0022100103,2021-11-02,2021-22,DET,MIL,0,0.3852784553052965,0.37587215792502576,0.37544530376746277,0.37544561068332555,0.38108733439625814
0022100104,2021-11-02,2021-22,DAL,MIA,0,0.4358174282847308,0.3969562625803225,0.3975283561164792,0.39753197178568267,0.3908934178117231
0022100105,2021-11-02,2021-22,UTA,SAC,1,0.758031595727207,0.7660980747788201,0.7649226987404035,0.7649071910765602,0.7726741091827047
0022100106,2021-11-02,2021-22,PHX,NOP,1,0.7407944622724226,0.7310803982163493,0.729915798465962,0.729835765162518,0.792554820864842
0022100107,2021-11-02,2021-22,LAL,HOU,1,0.783278085870342,0.8097484245487955,0.8075050529138518,0.8074842733374155,0.8499020591469356
0022100108,2021-11-03,2021-22,CLE,POR,1,0.3590153064404571,0.31988523837297583,0.3215715157336428,0.3215595717285909,0.32497245102595657
0022100109,2021-11-03,2021-22,IND,NYK,1,0.4629762209932828,0.4884841673500551,0.4746020817932256,0.4745874629899724,0.45665822376296045
0022100110,2021-11-03,2021-22,ORL,BOS,0,0.3525323139341217,0.3431814094309442,0.3379677497752803,0.3380224837440741,0.3064807282035855
0022100111,2021-11-03,2021-22,PHI,CHI,1,0.582849313224958,0.5309373082441073,0.5334925322092289,0.5334905757299406,0.5832423682148877
0022100112,2021-11-03,2021-22,WAS,TOR,0,0.605611909862847,0.6030712843370338,0.6017301888415238,0.6016818744028849,0.6364393268557207
0022100113,2021-11-03,2021-22,BKN,ATL,1,0.5748935343149658,0.5994638845060548,0.597943113494625,0.5979555267836095,0.6042951280969352
0022100114,2021-11-03,2021-22,MEM,DEN,1,0.4759878370020325,0.47630777248351236,0.4764975126556701,0.47650498967366917,0.46180451017504554
0022100115,2021-11-03,2021-22,MIN,LAC,0,0.3574227788701763,0.3172330846064881,0.33170585575252226,0.3317039314866903,0.3169378413183175
0022100116,2021-11-03,2021-22,SAS,DAL,0,0.6248194611352028,0.5848100693130902,0.5867428643211987,0.5866778888427077,0.570756974564291
0022100117,2021-11-03,2021-22,GSW,CHA,1,0.6540734801287773,0.6861537918901408,0.6840811284015776,0.6840613190621745,0.6651641265395568
0022100118,2021-11-03,2021-22,SAC,NOP,1,0.6327253016082404,0.664323452329192,0.6627102915665328,0.6627192274882964,0.6115120366364648
0022100119,2021-11-04,2021-22,DET,PHI,0,0.2967999080852518,0.2995114301687977,0.2813768130826746,0.2814202729426727,0.241822941261068
0022100120,2021-11-04,2021-22,ATL,UTA,0,0.3586109916341295,0.3813159959212316,0.3806500854004533,0.3806515526148595,0.3869110245808954
0022100121,2021-11-04,2021-22,MIA,BOS,0,0.747842194272585,0.7466654653137418,0.7478393934235622,0.7478623126159739,0.7321753034812882
0022100122,2021-11-04,2021-22,PHX,HOU,1,0.8240064051401368,0.8301384930547769,0.8293708612280808,0.8293371899513704,0.8402582842934018
0022100123,2021-11-04,2021-22,LAL,OKC,0,0.791484604485873,0.719024826797373,0.7208750801466104,0.7208523470359177,0.7482136418005559
0022100124,2021-11-05,2021-22,DET,BKN,0,0.21019721735456512,0.21054284200977458,0.21069120875916325,0.21069339906227647,0.21657100411626243
0022100125,2021-11-05,2021-22,ORL,SAS,0,0.3762857588755177,0.37702378198780234,0.37740853944036323,0.37743002476420906,0.35848143928790216
0022100126,2021-11-05,2021-22,WAS,MEM,1,0.5619979258281405,0.5736439882609337,0.5723584955277067,0.5723438213787969,0.6076816346434868
0022100127,2021-11-05,2021-22,TOR,CLE,0,0.658207902405083,0.6609923172158174,0.660907581286859,0.6609028491647106,0.6470952372965798
0022100128,2021-11-05,2021-22,MIL,NYK,0,0.5267739994151102,0.5652644090230635,0.5644729303037151,0.564463588794335,0.5762403784451616
0022100129,2021-11-05,2021-22,MIN,LAC,0,0.33739842084558,0.33534641847209695,0.3364898092467945,0.3365200852211382,0.31013890465139854
0022100130,2021-11-05,2021-22,GSW,NOP,1,0.7870747139164166,0.8132646270835697,0.8111963730264101,0.8111551963042282,0.8216174396936261
0022100131,2021-11-05,2021-22,POR,IND,1,0.6269599065045691,0.6537246303590508,0.6794846201825133,0.6795129833676159,0.6405744408219601
0022100132,2021-11-05,2021-22,SAC,CHA,1,0.49709866514139783,0.5371836558258387,0.5368491059109594,0.5369052553396317,0.4585648974175928
0022100133,2021-11-06,2021-22,DEN,HOU,1,0.8197596386856588,0.8257679584340039,0.8241903970423962,0.824169901963084,0.831426363324543
0022100134,2021-11-06,2021-22,MIA,UTA,1,0.4812163789237272,0.4722947053077606,0.4727481419765728,0.4727545714746015,0.46313402704558865
0022100135,2021-11-06,2021-22,CHI,PHI,0,0.49545252454463495,0.5325342288728607,0.5391040381445992,0.5391151487788829,0.5049970301508965
0022100136,2021-11-06,2021-22,DAL,BOS,1,0.5239196132750011,0.5430412792182945,0.5418380073100988,0.5419175491263133,0.4784561201245225
0022100137,2021-11-06,2021-22,PHX,ATL,1,0.6279305715326736,0.6376759074061177,0.6325726514758491,0.6325106678731376,0.6858976031603645
0022100138,2021-11-06,2021-22,POR,LAL,1,0.5876209119368,0.6444487025383075,0.6419943904340288,0.6419811711863438,0.5869026357364678
0022100139,2021-11-07,2021-22,TOR,BKN,0,0.476748312219041,0.4652342585792283,0.46712963677370845,0.46710799848577794,0.4847874553559564
0022100140,2021-11-07,2021-22,NYK,CLE,0,0.6764715844586586,0.6332925122709909,0.634677887400477,0.6346666787131204,0.6317606522816049
0022100141,2021-11-07,2021-22,ORL,UTA,1,0.24376443295746628,0.24168216648408,0.24299679212551398,0.24303866864872506,0.20934585539468253
0022100142,2021-11-07,2021-22,WAS,MIL,1,0.6070620406450166,0.6039240247021489,0.602483723439318,0.6024883451138056,0.6187655606698577
0022100143,2021-11-07,2021-22,SAC,IND,0,0.4933203575992705,0.48007479619507176,0.49017460594567747,0.49021706035633456,0.5127170108100607
0022100144,2021-11-07,2021-22,OKC,SAS,1,0.40225166659496264,0.3880432626496554,0.3867878643314671,0.3867793412020568,0.4184493469882052
0022100145,2021-11-07,2021-22,GSW,HOU,1,0.8811375069838527,0.9068149071033208,0.9056079368615737,0.9055814863757192,0.8991697432190023
0022100146,2021-11-07,2021-22,LAC,CHA,1,0.7052859198078754,0.7267341089977486,0.7260762925308858,0.7260784569618226,0.701096854315506
0022100147,2021-11-08,2021-22,PHI,NYK,0,0.75739354897185,0.7242332425027845,0.7220490387357436,0.7220403596718488,0.6685113501345973
0022100148,2021-11-08,2021-22,CHI,BKN,1,0.5744560762680548,0.5576882788439573,0.5596392972294514,0.5596422070519675,0.5162813585291519
0022100149,2021-11-08,2021-22,MEM,MIN,1,0.6877879131676692,0.7178780143788822,0.7165065116451302,0.7164583331365557,0.7235579437250286
0022100150,2021-11-08,2021-22,DAL,NOP,1,0.7216140781690945,0.7250731168224658,0.7242341462401505,0.7242017872969079,0.7283039326904122
0022100151,2021-11-08,2021-22,DEN,MIA,1,0.5140994526381303,0.49501106753261404,0.4910762328286703,0.491027145079537,0.5329870501306885
0022100152,2021-11-08,2021-22,GSW,ATL,1,0.6387953032679153,0.665779287620652,0.6640115868202114,0.6639613364464579,0.6618304145206726
0022100153,2021-11-08,2021-22,SAC,PHX,0,0.3419404297497258,0.33611868500226266,0.3200087273616027,0.3200103564656518,0.27860596171522317
0022100154,2021-11-08,2021-22,LAL,CHA,1,0.6814273735690174,0.6301487329727017,0.6324441985195745,0.6324291273147314,0.6833553603211816
0022100155,2021-11-09,2021-22,PHI,MIL,0,0.5960011041947235,0.5306863089451017,0.5329901879161546,0.5329806760143858,0.5397950311117975
0022100156,2021-11-09,2021-22,UTA,ATL,1,0.7551953067283607,0.7643715471384273,0.7899222906809314,0.7899743902515706,0.7269508251894773
0022100157,2021-11-09,2021-22,LAC,POR,1,0.574141160132802,0.5505433686404101,0.5511046097621997,0.5511018666109095,0.5474260522260673
0022100158,2021-11-10,2021-22,CLE,WAS,0,0.437215180912315,0.42449943803214896,0.426391791789954,0.42634105254553545,0.4288665081303272
0022100159,2021-11-10,2021-22,ORL,BKN,0,0.2844018737681697,0.2766264792637699,0.2775979833398614,0.27762917640440476,0.25271129284626
0022100160,2021-11-10,2021-22,BOS,TOR,1,0.5761790351036388,0.5916580140525416,0.5896692121506565,0.5896385625977935,0.6222956548537304
0022100161,2021-11-10,2021-22,NYK,MIL,0,0.6859768388618211,0.620726930709292,0.6224767894281786,0.6224290750280526,0.6308707199489626
0022100162,2021-11-10,2021-22,HOU,DET,0,0.5126786937123131,0.5037807229810298,0.5070137948962843,0.5069781636787922,0.5605149422064949
0022100163,2021-11-10,2021-22,CHI,DAL,1,0.629542650181884,0.632621461090156,0.6326373241517896,0.6326231800023241,0.6352499458410261
0022100164,2021-11-10,2021-22,MEM,CHA,0,0.6639014016596788,0.6678274723452858,0.6637992845916697,0.6637840635201152,0.6934797275071581
0022100165,2021-11-10,2021-22,NOP,OKC,0,0.5094760243963949,0.48445203680353116,0.46960852991914037,0.46965979569248856,0.46395422385787466
0022100166,2021-11-10,2021-22,SAS,SAC,1,0.5706588942817449,0.5979508737910113,0.5966325943025054,0.5965919423257383,0.6048753711768141
0022100167,2021-11-10,2021-22,DEN,IND,1,0.6465084040386372,0.632497856006226,0.6297770280200548,0.6297802967622418,0.6210173503326424
0022100168,2021-11-10,2021-22,PHX,POR,1,0.6512553695040584,0.6282437249671736,0.6288123556176549,0.6287687810028068,0.6611809878055757
0022100169,2021-11-10,2021-22,GSW,MIN,1,0.7980105436808191,0.8158254934571797,0.8146821808591577,0.8146279156145625,0.8404867543383384
0022100170,2021-11-10,2021-22,LAL,MIA,1,0.45165782389318593,0.4637136364518533,0.44630776724618154,0.4463435517609221,0.4553874603419471
0022100171,2021-11-11,2021-22,PHI,TOR,0,0.6858136625507754,0.7365111356200867,0.7465887333534286,0.7466245880422306,0.7047920213002715
0022100172,2021-11-11,2021-22,UTA,IND,0,0.7626793269410065,0.7561031100582176,0.7562366780312655,0.7562359579112933,0.7536967791535679
0022100173,2021-11-11,2021-22,LAC,MIA,1,0.669585671157943,0.7551734133835468,0.7524190830911345,0.7524149471172664,0.7452602275709175
0022100174,2021-11-12,2021-22,CHA,NYK,1,0.4516125107977941,0.45499215073180016,0.46104578824579007,0.46103917680660644,0.4590582582606736
0022100175,2021-11-12,2021-22,BOS,MIL,1,0.5396009150502834,0.6355554907195244,0.6315927118332514,0.631584890482212,0.6345386122622912
0022100176,2021-11-12,2021-22,CLE,DET,1,0.7202198007506828,0.7659582544262229,0.7635015141021761,0.7634871598772589,0.7459249100908208
0022100177,2021-11-12,2021-22,HOU,POR,0,0.24692454247277995,0.24529944948931912,0.23868620791456804,0.2387135769882079,0.2311261318476382
0022100178,2021-11-12,2021-22,MEM,PHX,0,0.4189026440386984,0.35483653380590063,0.3766619499866812,0.3766352182660683,0.3693517837139342
0022100179,2021-11-12,2021-22,NOP,BKN,0,0.26069298035262745,0.24094820388734217,0.2425494527558173,0.2425919530348669,0.21349298441908895
0022100180,2021-11-12,2021-22,OKC,SAC,1,0.5065078338190919,0.5131231615332261,0.5105961394883785,0.510536669609231,0.5403500100058004
0022100181,2021-11-12,2021-22,SAS,DAL,0,0.5516690756806676,0.5512649917681092,0.5511956368366343,0.551180799264461,0.5114887760836798
0022100182,2021-11-12,2021-22,DEN,ATL,1,0.636704463710927,0.6408212690429849,0.6422865844779899,0.6422934654499026,0.6946770344932962
0022100183,2021-11-12,2021-22,GSW,CHI,1,0.6378816836103914,0.679640899654146,0.6770370440951077,0.6770384183941622,0.6928434356577955
0022100184,2021-11-12,2021-22,LAL,MIN,0,0.6901143455679,0.6921011937106218,0.690775481424391,0.690768038814357,0.6917094600994644
0022100185,2021-11-13,2021-22,UTA,MIA,0,0.6471196090435315,0.6762368287857613,0.6735246126040905,0.6735110240816885,0.6919809825496246
0022100186,2021-11-13,2021-22,IND,PHI,1,0.5011854315015635,0.5219353575477358,0.5195447775847737,0.5194989607983778,0.5427522689643092
0022100187,2021-11-13,2021-22,ORL,WAS,0,0.24528452865633166,0.29312037935591045,0.2930456406859125,0.29310685132190883,0.23250733913324698
0022100188,2021-11-13,2021-22,NOP,MEM,1,0.4122939452116526,0.40645607481803525,0.41341372520886516,0.4134324666113688,0.36376070839062397
0022100189,2021-11-13,2021-22,TOR,DET,0,0.8222631775572238,0.7357595199556815,0.7383204910019823,0.7382454609029607,0.8205124808939153
0022100190,2021-11-13,2021-22,CLE,BOS,1,0.46817350320761764,0.49246385654728025,0.49327730179548945,0.49330755331284953,0.4863770654873584
0022100191,2021-11-13,2021-22,LAC,MIN,1,0.8223476617616687,0.8144294644432186,0.8140952694564045,0.8140705090587056,0.8051519513995635
0022100192,2021-11-14,2021-22,LAL,SAS,1,0.5512041689590185,0.542414413321634,0.5427380621390444,0.5427034363877454,0.5684040491168859
0022100193,2021-11-14,2021-22,ATL,MIL,1,0.5022625723815072,0.43155377874915973,0.493890524046135,0.4938856613908202,0.5212812711906014
0022100194,2021-11-14,2021-22,CHA,GSW,1,0.30880661162144046,0.30958782872953045,0.3189135838842313,0.31892880014730524,0.30373523842292116
0022100195,2021-11-14,2021-22,HOU,PHX,0,0.21166605177678294,0.1970490540193515,0.19778553857695233,0.19780957929889326,0.1530935399919529
0022100196,2021-11-14,2021-22,OKC,BKN,0,0.3169232123000462,0.30854026955940317,0.30832647777098854,0.30831076419001996,0.32199186384770706
0022100197,2021-11-14,2021-22,DEN,POR,1,0.5784661670639457,0.6425978621365904,0.6398744630618025,0.639915513774367,0.6161569264781992
0022100198,2021-11-14,2021-22,LAC,CHI,0,0.5816597129559327,0.6022489748359149,0.600785472040687,0.6007801574536149,0.6147705840434797
0022100199,2021-11-15,2021-22,CLE,BOS,0,0.49612779196994156,0.4422662836296275,0.4446586192995411,0.44464181206759545,0.43030613678216467
0022100200,2021-11-15,2021-22,DET,SAC,0,0.41057869180422213,0.41081436346034944,0.41172917519558583,0.411736379601386,0.45312246466870904
0022100201,2021-11-15,2021-22,WAS,NOP,1,0.7600996956589419,0.7678098191077867,0.7669433951705755,0.7669289845696186,0.7733253541889139
0022100202,2021-11-15,2021-22,ATL,ORL,1,0.7360103904434964,0.7917257491383706,0.7889213500450344,0.7889176216080093,0.7621311192067166
0022100203,2021-11-15,2021-22,NYK,IND,1,0.5216326703892996,0.5457908388206342,0.5450604334883925,0.5451245659510339,0.4887711242255765
0022100204,2021-11-15,2021-22,DAL,DEN,1,0.5259690754262839,0.5124005969824171,0.5098515019949319,0.5098453826269089,0.5012218455451896
0022100205,2021-11-15,2021-22,MEM,HOU,1,0.7993553991855649,0.8127240479944884,0.8290592240558174,0.8290502481702765,0.7987575139088334
0022100206,2021-11-15,2021-22,MIN,PHX,0,0.34327367181292306,0.34503491936527386,0.34242123773941,0.342416063991808,0.3400554127872314
0022100207,2021-11-15,2021-22,OKC,MIA,0,0.27920991272845197,0.2710349466074933,0.2894664526242383,0.2894641040130513,0.2927637801527638
0022100208,2021-11-15,2021-22,POR,TOR,1,0.5538417112439639,0.5880888960848747,0.5817496836625512,0.5817660210976482,0.6145457199717557
0022100209,2021-11-15,2021-22,LAL,CHI,0,0.4522279949427875,0.4598216266154885,0.45976689610145116,0.45977241103665284,0.47779352405599534
0022100210,2021-11-16,2021-22,BKN,GSW,0,0.48319140272250577,0.44325279885103314,0.4451891773392353,0.4451652603320271,0.4581219436573751
0022100211,2021-11-16,2021-22,UTA,PHI,1,0.6113551296827187,0.6709443191527134,0.6682524822247121,0.6682538947894414,0.661014640232999
0022100212,2021-11-16,2021-22,LAC,SAS,1,0.7193525731970645,0.721221857664672,0.7207620183770052,0.7207118535454728,0.7113102204629719
0022100213,2021-11-17,2021-22,CHA,WAS,1,0.4581687664972113,0.46689281504133234,0.4659004925627016,0.4658909375155702,0.4325229904134142
0022100214,2021-11-17,2021-22,DET,IND,1,0.28776679169229286,0.26517652772356987,0.26123352606666445,0.26126107976498353,0.2592601733181823
0022100215,2021-11-17,2021-22,ATL,BOS,1,0.5025584971399263,0.541231833801204,0.5406201809708012,0.5406753907898918,0.5372220348887993
0022100216,2021-11-17,2021-22,BKN,CLE,1,0.5880776923280887,0.6893418985259869,0.6866541234511573,0.6866810534545841,0.6583838560805955
0022100217,2021-11-17,2021-22,MIA,NOP,1,0.7546328667391209,0.7732768748745711,0.773874255402499,0.7738181809124975,0.7950281956742409
0022100218,2021-11-17,2021-22,NYK,ORL,0,0.7917262513376339,0.7960291341275876,0.7952536255484116,0.7952451308227376,0.8080349198290891
0022100219,2021-11-17,2021-22,MIL,LAL,1,0.6147475755053149,0.6558307190401002,0.6546582125761258,0.6546399711792764,0.673730843507992
0022100220,2021-11-17,2021-22,MIN,SAC,1,0.5298348800184319,0.5220092868000694,0.5068772228567548,0.50684662484315,0.4988418070977884
0022100221,2021-11-17,2021-22,OKC,HOU,1,0.6172071203576718,0.6548880739403607,0.6642998381419075,0.6643156515533466,0.6643598265737354
0022100222,2021-11-17,2021-22,PHX,DAL,1,0.6481129509474516,0.6952568378083581,0.6935529839872278,0.6935538337851193,0.688252305633864
0022100223,2021-11-17,2021-22,POR,CHI,1,0.5360344728381682,0.508520581484999,0.5459050378882236,0.5459028066003371,0.531023913371934
0022100224,2021-11-18,2021-22,CLE,GSW,0,0.2513063484727432,0.2640716403613847,0.26396139443338873,0.26398974741078657,0.2927632514654324
0022100225,2021-11-18,2021-22,MIA,WAS,1,0.627553454807236,0.5924748963628098,0.5935667272438927,0.5935781422129772,0.5790639131216295
0022100226,2021-11-18,2021-22,MEM,LAC,1,0.39007807613942086,0.4269681960214737,0.4331226601851882,0.43316427472205965,0.39118846408648456
0022100227,2021-11-18,2021-22,MIN,SAS,1,0.44614293794502446,0.44715929565977836,0.4426969514404536,0.44270958395105336,0.44115018252466137
0022100228,2021-11-18,2021-22,DEN,PHI,0,0.6891956105790993,0.7039414095591982,0.7009035144116028,0.7008622098937158,0.7019777751417375
0022100229,2021-11-18,2021-22,UTA,TOR,1,0.7075960566796887,0.7726029819484389,0.7708427575746437,0.7708638969518236,0.7454136016291972
0022100230,2021-11-19,2021-22,CHA,IND,1,0.5175033352453844,0.5279079454775584,0.5301481156221661,0.5301546075632261,0.5252016930313473
0022100231,2021-11-19,2021-22,DET,GSW,0,0.2728623848787241,0.48034383789936924,0.4754252399267143,0.47545153047764244,0.41613717205560685
0022100232,2021-11-19,2021-22,BOS,LAL,1,0.6450185130584999,0.650038350744128,0.6494417024658545,0.6493865521815531,0.6454755729895079
0022100233,2021-11-19,2021-22,BKN,ORL,1,0.8215310259861909,0.7915690393566571,0.79186860593026,0.7918300719642789,0.8149150696763231
0022100234,2021-11-19,2021-22,MIL,OKC,1,0.7370998383855276,0.7823176550789525,0.7809062598002869,0.7809193332927541,0.7715067465496149
0022100235,2021-11-19,2021-22,NOP,LAC,1,0.3631942198215327,0.34581867005246736,0.3432376941593551,0.3431945557583744,0.3838446442696159
0022100236,2021-11-19,2021-22,DEN,CHI,0,0.4856670157166338,0.5112032511909493,0.4716459807167201,0.4716313370837731,0.4712452954271809
0022100237,2021-11-19,2021-22,PHX,DAL,1,0.6850662793970479,0.6953517979866907,0.6941009975101659,0.694084440781403,0.6571438615952556
0022100238,2021-11-19,2021-22,SAC,TOR,0,0.6106614751287391,0.5996676643250355,0.5991845751366333,0.59918956216266,0.5865358319322379
0022100239,2021-11-20,2021-22,NYK,HOU,1,0.7852287007829662,0.7803881832158841,0.7750458066063052,0.7750283643647781,0.7928130691528518
0022100240,2021-11-20,2021-22,IND,NOP,1,0.7014801545876939,0.7072734476075258,0.7143701333195644,0.7143471129115725,0.7096582706513409
0022100241,2021-11-20,2021-22,WAS,MIA,1,0.48287589928297386,0.4907617391637522,0.4898675992552118,0.48985767406305103,0.4739297204803412
0022100242,2021-11-20,2021-22,ATL,CHA,1,0.6899614994505006,0.6756509551060065,0.6758314129042098,0.6758169144651057,0.674062903310512
0022100243,2021-11-20,2021-22,BOS,OKC,1,0.8015994991018004,0.821308287010605,0.8199376507432016,0.8199228761948877,0.7656329231386337
0022100244,2021-11-20,2021-22,MIL,ORL,1,0.8043494457599414,0.7959623823789747,0.7747276444114102,0.7747454824076322,0.7569077867183472
0022100245,2021-11-20,2021-22,MIN,MEM,1,0.4878210614222867,0.5569982007816233,0.5477529052935545,0.5478375052954991,0.485309712281333
0022100246,2021-11-20,2021-22,POR,PHI,1,0.6081221528795975,0.6005520134811935,0.5985094880749674,0.5984718674790231,0.6179085294775153
0022100247,2021-11-20,2021-22,SAC,UTA,0,0.24003331770593683,0.24615262953189238,0.24648452932084627,0.24650393611076563,0.233377605035621
0022100248,2021-11-21,2021-22,LAC,DAL,1,0.6184008899358566,0.6142562640006217,0.6141953204034815,0.6141886290730926,0.6430904027450715
0022100249,2021-11-21,2021-22,DET,LAL,0,0.41182934915483477,0.4443090453734093,0.41615141690308516,0.4161204538696808,0.3588193542431685
0022100250,2021-11-21,2021-22,CHI,NYK,1,0.7191280083817092,0.710421998637687,0.7087741221277635,0.7087855865489683,0.6923389869366886
0022100251,2021-11-21,2021-22,PHX,DEN,1,0.6055057692068261,0.6116014146081455,0.6258428457660863,0.6258349054160557,0.6355066900150801
0022100252,2021-11-21,2021-22,GSW,TOR,1,0.6379894525799286,0.6121757985299462,0.6145118758268052,0.6145361138005881,0.7710264736101545
0022100253,2021-11-22,2021-22,CLE,BKN,0,0.42671854922239955,0.4471953427444073,0.4456179870448304,0.44563959296737055,0.40642507641868936
0022100254,2021-11-22,2021-22,WAS,CHA,0,0.6234832516041282,0.625064264139896,0.6246155684862852,0.6246189061828106,0.6314473732722373
0022100255,2021-11-22,2021-22,ATL,OKC,1,0.7618443100558696,0.8071286572702417,0.805286830246488,0.8053084888693254,0.7876935288602384
0022100256,2021-11-22,2021-22,BOS,HOU,1,0.8172910293836866,0.8054193437098323,0.8050555289473446,0.8050204368676366,0.8433750898263062
0022100257,2021-11-22,2021-22,CHI,IND,0,0.5873804150721815,0.5184116293341179,0.5200050338182687,0.519997002249374,0.5421345597412881
0022100258,2021-11-22,2021-22,MIL,ORL,1,0.7486532137514651,0.7720869704121924,0.7707994425768948,0.7708262644766336,0.7424542395562225
0022100259,2021-11-22,2021-22,NOP,MIN,0,0.45765280128046815,0.45832477302555236,0.4696418992115014,0.46961739770179534,0.4760422789637007
0022100260,2021-11-22,2021-22,SAS,PHX,0,0.4017821925213066,0.3533065882106658,0.35504366292095546,0.3550014927885411,0.32673672495098494
0022100261,2021-11-22,2021-22,UTA,MEM,0,0.7795923799858113,0.7740750150423461,0.7737986115648801,0.7738019745207964,0.7913264351780814
0022100262,2021-11-22,2021-22,SAC,PHI,0,0.3863948504320552,0.43326033291780686,0.5167794002075672,0.516848601248761,0.5004148644694979
0022100263,2021-11-23,2021-22,DET,MIA,0,0.24475878688326416,0.24897786704630667,0.22606456485033882,0.2260494114021261,0.22900099098873603
0022100264,2021-11-23,2021-22,NYK,LAL,1,0.6086602549825746,0.6950272841664472,0.6934140467994392,0.6934154067335857,0.6417815915554939
0022100265,2021-11-23,2021-22,POR,DEN,1,0.6246336761062786,0.6184003295388559,0.6163416115650686,0.6163438777962442,0.5974434324997168
0022100266,2021-11-23,2021-22,LAC,DAL,0,0.6438227042948883,0.6649751412616883,0.6635049776925362,0.6635197096779594,0.6340874115322434
0022100267,2021-11-24,2021-22,CLE,PHX,0,0.31608611016178584,0.2784544430589082,0.29348202141044644,0.2934911171967379,0.27556896807686715
0022100268,2021-11-24,2021-22,IND,LAL,0,0.7494235009178535,0.7385425606072779,0.7663303830247581,0.7663508510954334,0.7309295871661804
0022100269,2021-11-24,2021-22,ORL,CHA,0,0.33431066974876766,0.3409084163818539,0.2984028875696603,0.2983832813433699,0.3013299708419815
0022100270,2021-11-24,2021-22,BOS,BKN,0,0.5187759071757364,0.48841588863994323,0.48935433766864017,0.4892885098029657,0.5339874706394105
0022100271,2021-11-24,2021-22,HOU,CHI,1,0.27580565631866766,0.24278145204862767,0.24318612536476653,0.24320035750371635,0.1826923087740971
0022100272,2021-11-24,2021-22,MEM,TOR,0,0.5264512037132558,0.5539407178271216,0.5769275781503692,0.576932738470093,0.5816669001382112
0022100273,2021-11-24,2021-22,MIL,DET,1,0.8194427598500559,0.8282753784901811,0.8277778415420313,0.8277672898004815,0.807934065953691
0022100274,2021-11-24,2021-22,MIN,MIA,1,0.4922158703256534,0.4799708914724108,0.48144490703750187,0.4814432091996473,0.47132993355274766
0022100275,2021-11-24,2021-22,NOP,WAS,1,0.3570011073419458,0.35295602055931213,0.34683611626082844,0.3468464562261415,0.3239065079851685
0022100276,2021-11-24,2021-22,OKC,UTA,0,0.201816955578831,0.21140813320847657,0.21136829972806037,0.2113641569115441,0.2067011897277124
0022100277,2021-11-24,2021-22,SAS,ATL,0,0.3913605334577507,0.39350114899122424,0.3942816301299854,0.3943006850258991,0.34954035814821327
0022100278,2021-11-24,2021-22,GSW,PHI,1,0.7306755682914172,0.7143723506250224,0.7121696526513508,0.7121471346148294,0.7148063768981778
0022100279,2021-11-24,2021-22,SAC,POR,1,0.4501966288163388,0.41174315067513584,0.4258037200837168,0.42582204730691425,0.3666799042981923
0022100280,2021-11-26,2021-22,LAC,DET,1,0.8090081440340706,0.8236250845695668,0.8222760513871002,0.8222606726539388,0.8433532639869837
0022100281,2021-11-26,2021-22,CHA,MIN,1,0.5635872070417864,0.6332356373685863,0.608238410871564,0.6081915247929524,0.6388238287710514
0022100282,2021-11-26,2021-22,NYK,PHX,0,0.39145088569464703,0.39126164745242153,0.37230467701110265,0.37231504978624597,0.3503400585082512
0022100283,2021-11-26,2021-22,ORL,CHI,0,0.27367670386619275,0.259456444880606,0.2874024218178686,0.28740505398844757,0.29659826126612043
0022100284,2021-11-26,2021-22,IND,TOR,1,0.6030106675224114,0.6051900081116712,0.6280350160076033,0.628053762626708,0.6200388197812773
0022100285,2021-11-26,2021-22,MEM,ATL,0,0.4050623333092943,0.4315267139987567,0.41159024965658336,0.4115952758831314,0.3773101489839145
0022100286,2021-11-26,2021-22,OKC,WAS,0,0.343402660243793,0.3668899909602659,0.3668126617864224,0.3667986483101829,0.3766303205875128
0022100287,2021-11-26,2021-22,SAS,BOS,1,0.4089909731577748,0.4084105372297816,0.4096745997878706,0.40963863512318477,0.40775687965047525
0022100288,2021-11-26,2021-22,DEN,MIL,0,0.5141614906792755,0.47572204138133517,0.44445557769666894,0.4444643203019043,0.4508328258559929
0022100289,2021-11-26,2021-22,UTA,NOP,0,0.7978189754577839,0.7752954183175089,0.7895905140600407,0.7895916670264671,0.8045190399177868
0022100290,2021-11-26,2021-22,GSW,POR,1,0.6849944327752625,0.6966749862128142,0.6961020509207253,0.6960666853438414,0.6841175004625801
0022100291,2021-11-26,2021-22,LAL,SAC,0,0.6209614227456556,0.6406715335375405,0.6381232332975596,0.638133229880703,0.7079188673078347
0022100292,2021-11-27,2021-22,PHI,MIN,0,0.7206806614000796,0.7555250862912584,0.7266464480221052,0.7265751741846678,0.778158052465589
0022100293,2021-11-27,2021-22,ATL,NYK,0,0.7048609053821789,0.7749337621111886,0.7720168409659828,0.7719950190337153,0.7852401039912845
0022100294,2021-11-27,2021-22,BKN,PHX,0,0.561653050937689,0.5424017181175741,0.5432397191510285,0.5432373445355776,0.5132208752071407
0022100295,2021-11-27,2021-22,CLE,ORL,1,0.7774212466786645,0.7847002828434322,0.7910661525793709,0.791076477644496,0.7705431599334115
0022100296,2021-11-27,2021-22,CHI,MIA,0,0.4580700590605042,0.5179518093994929,0.5163058875340472,0.5162936501655232,0.5390753727171
0022100297,2021-11-27,2021-22,HOU,CHA,1,0.35739411083680933,0.31688085754400147,0.3195508029731227,0.31951571902517184,0.331794300180932
0022100298,2021-11-27,2021-22,DAL,WAS,0,0.6688370548718741,0.6916107952061357,0.6910338321127341,0.6910045408234529,0.7276062817077934
0022100299,2021-11-27,2021-22,UTA,NOP,1,0.7959172354405246,0.7518188993513831,0.7532833534042186,0.7532579655193687,0.7754035959962328
0022100300,2021-11-28,2021-22,LAC,GSW,0,0.4071302115685663,0.4157684666788261,0.41554917993814594,0.4155403147298127,0.40371909291143016
0022100301,2021-11-28,2021-22,IND,MIL,0,0.5403547709109077,0.5315304096190595,0.5318853329329718,0.5318897951514613,0.5312542270355062
0022100302,2021-11-28,2021-22,TOR,BOS,0,0.49618517468136775,0.5305609937034915,0.525350212845589,0.5253533193348653,0.4573043322384714
0022100303,2021-11-28,2021-22,MEM,SAC,1,0.5665834216521997,0.5768920804382122,0.595972703118444,0.5959100447497379,0.6137197973549704
0022100304,2021-11-28,2021-22,LAL,DET,1,0.7235146845483894,0.7182218014268761,0.7170933382622354,0.7170595489865762,0.7449693932972958
0022100305,2021-11-29,2021-22,PHI,ORL,1,0.8137008157589034,0.8250354785672079,0.8246967630026867,0.8246971932634345,0.8509035319202928
0022100306,2021-11-29,2021-22,MIA,DEN,0,0.6646278178034101,0.5503745650921946,0.5532040309735472,0.5532196132657312,0.5335877184760159
0022100307,2021-11-29,2021-22,CHI,CHA,1,0.6395215207985785,0.6648990967899072,0.6631787831326752,0.6631693067930078,0.6498496306679998
0022100308,2021-11-29,2021-22,HOU,OKC,1,0.4692893882197481,0.47718672149329994,0.47793803679328534,0.4779984470715777,0.4933477369464628
0022100309,2021-11-29,2021-22,MIN,IND,1,0.577045563701908,0.5374711686698282,0.5648742599069864,0.564888826272974,0.554888732685363
0022100310,2021-11-29,2021-22,DAL,CLE,0,0.653368283231534,0.6165743393956755,0.6159786041007361,0.6160149262229877,0.5653651694912336
0022100311,2021-11-29,2021-22,SAS,WAS,1,0.44997945968305647,0.4568356027835821,0.45660011098107217,0.4565958716005046,0.44584442793340145
0022100312,2021-11-29,2021-22,UTA,POR,1,0.6037447483846616,0.628392549712903,0.6287239726440899,0.6287821194810677,0.631129312186451
0022100313,2021-11-29,2021-22,LAC,NOP,0,0.685844515553057,0.6488950638786455,0.6490922100270049,0.649057769479766,0.6834981436752557
0022100314,2021-11-30,2021-22,BKN,NYK,1,0.6795639930779759,0.6612424121501157,0.660482328349414,0.6604768059292169,0.6739599262528264
0022100315,2021-11-30,2021-22,TOR,MEM,0,0.5672694058377307,0.5456336356801164,0.5471352811493685,0.5471702274665636,0.5024528104435322
0022100316,2021-11-30,2021-22,PHX,GSW,1,0.510354365784822,0.5042133127352274,0.4979466552350386,0.4979740401202703,0.47042421461904615
0022100317,2021-11-30,2021-22,POR,DET,1,0.737106208256591,0.7227751487328761,0.7144186676951586,0.7143392276741981,0.742477167261928
0022100318,2021-11-30,2021-22,SAC,LAL,0,0.42677627509360794,0.5596406587265724,0.5157244878420136,0.5157950251684393,0.4534943532001029
0022100319,2021-12-01,2021-22,IND,ATL,0,0.455851653947756,0.5185794308824246,0.5291002570124695,0.5291124255988322,0.5009576978565872
0022100320,2021-12-01,2021-22,ORL,DEN,1,0.27348357573206467,0.27980651470443063,0.28250964716908944,0.28251975753694253,0.23283253849751895
0022100321,2021-12-01,2021-22,WAS,MIN,1,0.5697242952444896,0.5837894079341209,0.5770213627015652,0.5769628935098696,0.6056173887205927
0022100322,2021-12-01,2021-22,BOS,PHI,1,0.5152723967817383,0.5188180000683981,0.5184557273459063,0.5184490564205114,0.5372911841817384
0022100323,2021-12-01,2021-22,MIA,CLE,0,0.5351202734629207,0.496257416997796,0.5012663147811377,0.5012959673447261,0.4856437197215321
0022100324,2021-12-01,2021-22,MIL,CHA,1,0.6609183432886254,0.678084477743971,0.6790673446574625,0.6790570953490342,0.7037490511312486
0022100325,2021-12-01,2021-22,NOP,DAL,0,0.4638850123164684,0.4560508122558126,0.4338529450761868,0.4338240282246548,0.4301641275054011
0022100326,2021-12-01,2021-22,OKC,HOU,0,0.5497561702886986,0.5435735096246983,0.5501476922606082,0.5500906478387053,0.5335484928778936
0022100327,2021-12-01,2021-22,LAC,SAC,0,0.8034879156238928,0.727465437366418,0.7295694472630653,0.729518424740298,0.798329046658306
0022100328,2021-12-02,2021-22,NYK,CHI,0,0.4267196561009817,0.32574522253233207,0.3303269979739581,0.33034651637374646,0.3629032572860295
0022100329,2021-12-02,2021-22,TOR,MIL,1,0.43816228692393294,0.41582665882673914,0.41867219380062215,0.41870690678163675,0.4629910969010564
0022100330,2021-12-02,2021-22,MEM,OKC,1,0.7954685669387851,0.8181905925483824,0.8166470837176633,0.8166537035428149,0.7880933856772392
0022100331,2021-12-02,2021-22,PHX,DET,1,0.8851939716977265,0.877970814394488,0.8775809134950064,0.8775563271374403,0.8945511084954932
0022100332,2021-12-02,2021-22,POR,SAS,0,0.6355205261037593,0.6738557772322624,0.6745259880736806,0.6745126672414592,0.6637733757647801
0022100333,2021-12-03,2021-22,IND,MIA,0,0.6039098971864088,0.6058468501435246,0.6042194729134919,0.6041410840584707,0.6434089991058646
0022100334,2021-12-03,2021-22,WAS,CLE,0,0.48781784709303155,0.47643562889883145,0.47695224900471633,0.4769785160757146,0.45746740982642103
0022100335,2021-12-03,2021-22,ATL,PHI,0,0.5628513122521036,0.5955884941006389,0.593623969973728,0.5936699825412627,0.5496882054731432
0022100336,2021-12-03,2021-22,BKN,MIN,1,0.6789784420858349,0.7131632526768836,0.7108011243665002,0.7108042254583643,0.7001665925508335
0022100337,2021-12-03,2021-22,HOU,ORL,1,0.5872228093008177,0.5817937664971342,0.5923085357354149,0.592299281997576,0.5947863692160487
0022100338,2021-12-03,2021-22,DAL,NOP,0,0.7033964271747118,0.6639315527227806,0.6642367928247569,0.6641920613778254,0.7056746678681727
0022100339,2021-12-03,2021-22,UTA,BOS,1,0.6519621512104137,0.6640202954945861,0.6638752246223785,0.6639553493035018,0.6378482089107671
0022100340,2021-12-03,2021-22,GSW,PHX,1,0.6672856583475911,0.6618206020545193,0.6618382346496052,0.6618122942960428,0.6690184497839022
0022100341,2021-12-03,2021-22,LAL,LAC,0,0.5295621711523284,0.5603984161265956,0.5586494541742715,0.5586400035536684,0.5196103176174399
0022100342,2021-12-04,2021-22,NYK,DEN,0,0.491065560207636,0.5094844762803955,0.5164625238297789,0.5164632052309578,0.49149768822052564
0022100343,2021-12-04,2021-22,BKN,CHI,0,0.47157281781722576,0.5140425411531017,0.5040736032699306,0.5041398196781777,0.5149291446742428
0022100344,2021-12-04,2021-22,MIL,MIA,1,0.6676699514984068,0.6602934576943688,0.6120691487824981,0.6119804530716575,0.6687765085576569
0022100345,2021-12-04,2021-22,DAL,MEM,0,0.4847099714806655,0.43056573265728515,0.4315546033308883,0.43155439458816025,0.4418438175577892
0022100346,2021-12-04,2021-22,GSW,SAS,0,0.7636056899336741,0.7385076356489427,0.737293169258899,0.7373055245835687,0.7170036582726426
0022100347,2021-12-04,2021-22,POR,BOS,0,0.5444365533265563,0.5448949352924389,0.5558846699212553,0.5559385280513987,0.5185318781785857
0022100348,2021-12-04,2021-22,SAC,LAC,1,0.43752505138649295,0.42312432624399837,0.41340709003941817,0.4134513661327383,0.391733492248565
0022100349,2021-12-05,2021-22,CLE,UTA,0,0.4406267895605763,0.4431539744109235,0.4420128568846319,0.44199793721199077,0.40907445317442376
0022100350,2021-12-05,2021-22,ATL,CHA,0,0.6437806092494622,0.6513753860069201,0.6775197610252381,0.6776246916469789,0.5942415396347026
0022100351,2021-12-05,2021-22,TOR,WAS,1,0.5111773925779826,0.5005774470064461,0.5013636488325303,0.5013893304681164,0.47410641429041084
0022100352,2021-12-05,2021-22,HOU,NOP,1,0.42467503509809423,0.3878073619781008,0.3899638078504345,0.38992537140161954,0.4298810634735056
0022100353,2021-12-06,2021-22,CHA,PHI,0,0.42650657219080135,0.4292241305193736,0.4337093408194103,0.43374801833453513,0.4011327816969805
0022100354,2021-12-06,2021-22,DET,OKC,0,0.676054874927533,0.5662802554142055,0.5697889834789615,0.5697461218217126,0.4244312389373106
0022100355,2021-12-06,2021-22,IND,WAS,1,0.6808439699241944,0.6766426588494984,0.6766651175872358,0.6766968636823439,0.6410994456571396
0022100356,2021-12-06,2021-22,MIA,MEM,0,0.49768900784962816,0.5736842945892308,0.5735065848895321,0.5735190513243352,0.6017367186536977
0022100357,2021-12-06,2021-22,CHI,DEN,1,0.6037298042632439,0.5122264737498264,0.515229814142994,0.5151452061967833,0.560817678388475
0022100358,2021-12-06,2021-22,MIL,CLE,1,0.642701551367162,0.6355525994034372,0.6335273599191799,0.6335440936904968,0.6313011266672274
0022100359,2021-12-06,2021-22,MIN,ATL,0,0.49934514002000696,0.4999851152975429,0.43475380215075343,0.4347603065342869,0.41016917052567115
0022100360,2021-12-06,2021-22,PHX,SAS,1,0.6808252580193241,0.6959452263640303,0.6955448014045787,0.6955654212397162,0.7007236152707306
0022100361,2021-12-06,2021-22,GSW,ORL,1,0.8974032767893545,0.9009537738066411,0.9007732879646678,0.9007679648278338,0.9050916069677581
0022100362,2021-12-06,2021-22,POR,LAC,0,0.46535199822339085,0.45321409115560374,0.40198529353644147,0.4019743420015202,0.4184756806476187
0022100363,2021-12-07,2021-22,DAL,BKN,0,0.4192563375194195,0.46207591719620467,0.4620123927974503,0.4619599478621905,0.5317328671388921
0022100364,2021-12-07,2021-22,SAS,NYK,0,0.5501610842242326,0.5805304936803688,0.5787700582643318,0.5787308214923853,0.5551913408886864
0022100365,2021-12-07,2021-22,LAL,BOS,1,0.4542520370268909,0.4528294071965198,0.4525487119155462,0.45257462385477076,0.40320235990800546
0022100366,2021-12-08,2021-22,CHA,PHI,0,0.4486271634274082,0.49596590625960346,0.4956359557562684,0.4956194673517486,0.4694904983933457
0022100367,2021-12-08,2021-22,CLE,CHI,1,0.526783078430886,0.5147698512523167,0.5013797456393386,0.5013945147168797,0.4832556049555264
0022100368,2021-12-08,2021-22,DET,WAS,0,0.292521749436665,0.29378358895723217,0.29810429528100446,0.2981061321768506,0.2864820486589483
0022100369,2021-12-08,2021-22,IND,NYK,1,0.6718870563820487,0.6648420021420057,0.6651695486849877,0.6651353195171881,0.6815412676169846
0022100370,2021-12-08,2021-22,MIA,MIL,1,0.43703765547474954,0.3379847367350908,0.3416534837108326,0.34163005464724705,0.3331353150143131
0022100371,2021-12-08,2021-22,TOR,OKC,0,0.7125758748375571,0.6636741693666612,0.6662362767342371,0.6662489412068597,0.6811415283076809
0022100372,2021-12-08,2021-22,HOU,BKN,1,0.3846094875710288,0.5001630187219817,0.495738418829842,0.49573148877047807,0.42639182732158654
0022100373,2021-12-08,2021-22,MEM,DAL,0,0.6374738134346112,0.6709773028289254,0.6716325050884608,0.6716078717834341,0.6603775635755894
0022100374,2021-12-08,2021-22,MIN,UTA,0,0.263409565015772,0.2949159970894122,0.2809804097039593,0.28099456587471183,0.2988894175974776
0022100375,2021-12-08,2021-22,NOP,DEN,0,0.4450151183737638,0.4680809057260225,0.46577081274738835,0.4657502544401445,0.47471322454829085
0022100376,2021-12-08,2021-22,GSW,POR,1,0.8277991508269252,0.8450626598180471,0.8563252033834017,0.8563115360459003,0.8645207700251614
0022100377,2021-12-08,2021-22,SAC,ORL,1,0.6887140911103615,0.7038134748783403,0.7029895690815307,0.7029926062522612,0.7012511397332634
0022100378,2021-12-08,2021-22,LAC,BOS,1,0.5962078564869226,0.5414646465322368,0.5440848921901836,0.5440780087770778,0.4936879338843524
0022100379,2021-12-09,2021-22,PHI,UTA,0,0.4758103118292549,0.48523996787074003,0.4838488554292044,0.4838167287087642,0.48006899965877564
0022100380,2021-12-09,2021-22,MEM,LAL,1,0.5483127174670688,0.5660757083395531,0.5071794111275815,0.5071392093842242,0.4995344783928081
0022100381,2021-12-09,2021-22,SAS,DEN,1,0.5940303888113669,0.5195823738472584,0.5221413105506275,0.5220937060443958,0.5614885218394976
0022100382,2021-12-10,2021-22,CHA,SAC,1,0.655250690018561,0.6711499943138935,0.6694471042648761,0.6694152124965993,0.6349704637609918
0022100383,2021-12-10,2021-22,IND,DAL,1,0.5543423349724755,0.5637662737816317,0.5593184098055799,0.5593377458875238,0.5602428144322105
0022100384,2021-12-10,2021-22,ATL,BKN,0,0.6427900274459819,0.6582279157363852,0.6549457376686403,0.6548955788343109,0.5928166298747948
0022100385,2021-12-10,2021-22,TOR,NYK,1,0.5484788251142401,0.5336318525171909,0.533602415346884,0.5336012966759065,0.5243681408550309
0022100386,2021-12-10,2021-22,HOU,MIL,0,0.29922104614748013,0.29847352333815635,0.2983039365136785,0.29829341836594014,0.2948297244791317
0022100387,2021-12-10,2021-22,MIN,CLE,0,0.42692252446020273,0.4491830867166589,0.42913669855805203,0.4291647489631189,0.40644601043893247
0022100388,2021-12-10,2021-22,NOP,DET,1,0.7038284777739374,0.7009982699397188,0.7000594692370675,0.7000311297356419,0.6886671451529838
0022100389,2021-12-10,2021-22,OKC,LAL,0,0.4395934605603948,0.47369425041531965,0.5184756213497073,0.5184682249521249,0.4373760134944532
0022100390,2021-12-10,2021-22,PHX,BOS,1,0.670107360078429,0.7057773993336904,0.7044940354058138,0.7045127397340469,0.6731019844125343
0022100391,2021-12-11,2021-22,LAC,ORL,1,0.786565073606208,0.7661387871321302,0.767538849305084,0.7675132708631693,0.7982705126702425
0022100392,2021-12-11,2021-22,WAS,UTA,0,0.3083778157350594,0.29639896143618616,0.29666687029896954,0.29660895854987657,0.3125132185345288
0022100393,2021-12-11,2021-22,CLE,SAC,1,0.7103729237252057,0.7160467927400647,0.7158375678036939,0.7158422623091953,0.7552048186470516
0022100394,2021-12-11,2021-22,MIA,CHI,1,0.49186648568991637,0.4795808285159623,0.48101443522853266,0.48106422495366513,0.4659390867734584
0022100395,2021-12-11,2021-22,MEM,HOU,1,0.7908642029848584,0.8428421442938134,0.8422097510257763,0.8421799339169251,0.8382396815059868
0022100396,2021-12-11,2021-22,PHI,GSW,1,0.35704624911756616,0.38061725548365793,0.38051121260784565,0.38049991132330396,0.4016029497307586
0022100397,2021-12-11,2021-22,SAS,DEN,0,0.5271831444922034,0.5557570943950162,0.5538282418973832,0.5538777232184307,0.519196310537504
0022100398,2021-12-12,2021-22,NYK,MIL,0,0.40191637976510697,0.32409692155579367,0.3274884119288711,0.3274372852755058,0.36745007672114244
0022100399,2021-12-12,2021-22,DET,BKN,0,0.23188539800789157,0.2964570085257509,0.2908326797241248,0.2908193766271711,0.24714704964853035
0022100400,2021-12-12,2021-22,OKC,DAL,0,0.302575963057491,0.3924049047682167,0.38535403052430667,0.38537825225616873,0.3572569352438737
0022100401,2021-12-12,2021-22,SAS,NOP,1,0.5557975511306046,0.5510492076800759,0.5509298766039701,0.5509477725581005,0.5242167199435165
0022100402,2021-12-12,2021-22,POR,MIN,0,0.5468933813350026,0.5724447445482231,0.5789033864051069,0.5788939918722367,0.5800244190644849
0022100403,2021-12-12,2021-22,LAL,ORL,1,0.832535463913365,0.8320603011207494,0.8320163934125407,0.832000717166712,0.8255932227593598
0022100404,2021-12-13,2021-22,CLE,MIA,1,0.6013342829825438,0.6178740976914415,0.6158447832998073,0.6158345132843658,0.6635076218351863
0022100405,2021-12-13,2021-22,IND,GSW,0,0.3934987732817759,0.37288485411724487,0.39798869180114843,0.3980105104424258,0.3823236666074704
0022100406,2021-12-13,2021-22,TOR,SAC,1,0.631805860244156,0.6453472916189786,0.644460911974076,0.644451951950766,0.6421938728426673
0022100407,2021-12-13,2021-22,ATL,HOU,0,0.7679475705652818,0.775872693728479,0.7750762640714235,0.7750832177329026,0.7507581971669436
0022100408,2021-12-13,2021-22,BOS,MIL,1,0.5506832683978894,0.5639513290008025,0.5635945726561519,0.5635937084555618,0.5195024288651031
0022100409,2021-12-13,2021-22,MEM,PHI,1,0.5230909130065255,0.49064358364475197,0.5655148255518376,0.5655411492824702,0.5965471973649875
0022100410,2021-12-13,2021-22,DAL,CHA,1,0.4814723291445006,0.4867790480700783,0.48692676225309,0.4869435282888673,0.4995747400557726
0022100411,2021-12-13,2021-22,DEN,WAS,1,0.6198966866607122,0.5821890620603338,0.6078357367449382,0.6078309616193037,0.5955245326137768
0022100412,2021-12-13,2021-22,LAC,PHX,1,0.33808565731358814,0.3265224302837864,0.3280739073776504,0.3281018161190947,0.29494718798261144
0022100413,2021-12-14,2021-22,BKN,TOR,1,0.6808574744797333,0.5048185058018151,0.5123407253887521,0.5122783686665163,0.6022888790200082
0022100414,2021-12-14,2021-22,NYK,GSW,0,0.31974199422170085,0.3173968825690723,0.3192649388570394,0.31929704488365085,0.27581601208466355
0022100416,2021-12-14,2021-22,POR,PHX,0,0.3960547772744578,0.3955856769695077,0.40465692625268135,0.404651935571817,0.4012386416689464
0022100417,2021-12-15,2021-22,CLE,HOU,1,0.7828063808855443,0.8195236217816815,0.7922695410344865,0.7923033891783635,0.7064062498241395
0022100418,2021-12-15,2021-22,ORL,ATL,0,0.26886725226987507,0.2677740606815061,0.2678163289298129,0.2677786329943567,0.24868075516474464
0022100419,2021-12-15,2021-22,PHI,MIA,0,0.5048076825779292,0.5814490154035536,0.6053595779140103,0.6053105687935209,0.6536617794796669
0022100420,2021-12-15,2021-22,DAL,LAL,0,0.5624391302750096,0.6196712070265347,0.6177943570972936,0.6178919477785156,0.5009292629580336
0022100421,2021-12-15,2021-22,MIL,IND,1,0.5739457091960151,0.4865782632514849,0.5007653361746965,0.5007199796378661,0.5325533125007876
0022100422,2021-12-15,2021-22,OKC,NOP,0,0.4033818819387951,0.36403486238615373,0.3460096927459453,0.3459585295916932,0.419565598418555
0022100423,2021-12-15,2021-22,SAS,CHA,0,0.5718539632757244,0.5292444877266613,0.530357991606414,0.5303581341787399,0.5288766622819703
0022100424,2021-12-15,2021-22,DEN,MIN,0,0.6366294301589029,0.646505188884929,0.6224595877986612,0.6224611239868388,0.62351657729698
0022100425,2021-12-15,2021-22,UTA,LAC,1,0.7481169166220641,0.7694451372587744,0.7675480191546756,0.7675456575014511,0.790492225432313
0022100426,2021-12-15,2021-22,POR,MEM,0,0.37226593322289336,0.3556609743535414,0.35578892993553435,0.3557792972340133,0.34017816617563795
0022100427,2021-12-15,2021-22,SAC,WAS,1,0.4323808795709245,0.35941118071463346,0.36477916772005703,0.3647697711530413,0.3825450641373155
0022100428,2021-12-16,2021-22,IND,DET,1,0.775244882281744,0.7728335463858867,0.7314310946458166,0.7313956202180966,0.7706794611858674
0022100429,2021-12-16,2021-22,BKN,PHI,1,0.5981607725012096,0.5609876801353078,0.5655904043889632,0.5656612977483944,0.39774257847204825
0022100431,2021-12-16,2021-22,HOU,NYK,0,0.375774299907576,0.39467809840444756,0.3879764214087056,0.38797433734067827,0.40708145845226096
0022100432,2021-12-16,2021-22,PHX,WAS,1,0.8159697990991495,0.8156831652785296,0.8154564496129244,0.8154932378497468,0.7930046346273774
0022100433,2021-12-17,2021-22,ORL,MIA,0,0.2543707239696592,0.2286731751441479,0.2420887297837497,0.24194889277092124,0.3905893999562747
0022100434,2021-12-17,2021-22,ATL,DEN,0,0.5803144221466062,0.5764210021142545,0.576102054583229,0.5761231158945638,0.5663450972802798
0022100435,2021-12-17,2021-22,BOS,GSW,0,0.35111281334725364,0.26915852464163886,0.2725071476169601,0.27245148356089,0.31320054288259996
0022100436,2021-12-17,2021-22,MIN,LAL,1,0.47604201970572885,0.5070968449101388,0.512239545717943,0.5122868929702953,0.4706051066478067
0022100437,2021-12-17,2021-22,UTA,SAS,0,0.8181510658567734,0.8240582883377425,0.8231072182422244,0.8230999918252249,0.8239105811808562
0022100438,2021-12-17,2021-22,NOP,MIL,1,0.3900497572552521,0.4086071401972868,0.43556243417788687,0.43558164934486465,0.40816927763234984
0022100439,2021-12-17,2021-22,POR,CHA,1,0.5068041554155435,0.49824759936575785,0.5012517414075894,0.5012259621889895,0.4832233069607761
0022100440,2021-12-17,2021-22,SAC,MEM,0,0.3023917987426311,0.21382541731934945,0.2260177695603088,0.22597479132426215,0.27536462507348486
0022100441,2021-12-18,2021-22,DET,HOU,0,0.44971479382661816,0.47092428668037223,0.4851178806149463,0.48515149991984285,0.3802670977203547
0022100442,2021-12-18,2021-22,BKN,ORL,0,0.8209943698859419,0.7024845641890687,0.7099370078358799,0.7100162126114655,0.6143815551118281
0022100443,2021-12-18,2021-22,TOR,GSW,1,0.36375997694267576,0.6394121046107776,0.6322912907488157,0.6323439073213191,0.5874977345663259
0022100444,2021-12-18,2021-22,OKC,LAC,1,0.31202054585645445,0.3933386283612585,0.3895676780167723,0.38950716826103615,0.39699701139078725
0022100445,2021-12-18,2021-22,BOS,NYK,1,0.5741286385738743,0.6454891619567682,0.6434823527324491,0.643464949112063,0.6075526101780369
0022100446,2021-12-18,2021-22,MIL,CLE,0,0.477659925434173,0.4885218682009729,0.48951468361149275,0.4895420351048141,0.4632907579413139
0022100447,2021-12-18,2021-22,UTA,WAS,0,0.7825884839927728,0.7687758083000371,0.7688588764558432,0.7688478401352741,0.7855048505814372
0022100448,2021-12-19,2021-22,CHI,LAL,1,0.5586179023249986,0.6171905927667121,0.6169269688238267,0.6169226423618211,0.6085813525742986
0022100449,2021-12-19,2021-22,DET,MIA,1,0.1833265777760391,0.20482035517402167,0.20438222945040582,0.2043845163627609,0.21750205726510177
0022100450,2021-12-19,2021-22,MEM,POR,0,0.6976488866054877,0.7341436334974909,0.7329212963330345,0.7329049087323495,0.7219273565307184
0022100451,2021-12-19,2021-22,SAC,SAS,1,0.4037878152052374,0.4387746458206468,0.4380881846631997,0.43812945988440255,0.41121107821570607
0022100455,2021-12-19,2021-22,MIN,DAL,1,0.5404998568593092,0.6078903958318866,0.6065179805192606,0.6065248709912735,0.6140155487973495
0022100456,2021-12-19,2021-22,PHX,CHA,1,0.7334687392662799,0.7719730103061133,0.7703025185332111,0.7703403376425703,0.7436338044327048
0022100457,2021-12-20,2021-22,BOS,PHI,0,0.5267717607619825,0.5124501815451296,0.5148873227850106,0.5149717644383746,0.44712096578147587
0022100459,2021-12-20,2021-22,CHI,HOU,1,0.7138512765374547,0.7237553950437702,0.7239441823450974,0.7239173471988827,0.7249405374249238
0022100460,2021-12-20,2021-22,MEM,OKC,0,0.7885140755225251,0.769102279016461,0.7505420069565225,0.7505393240360877,0.7414041972347604
0022100461,2021-12-20,2021-22,UTA,CHA,1,0.8403061626830902,0.8780152311887777,0.877298789288295,0.8773037498607991,0.8744085792727624
0022100462,2021-12-20,2021-22,GSW,SAC,1,0.7877856073505607,0.7553328993277981,0.7587018505550261,0.7587499116748976,0.9057337120946624
0022100463,2021-12-20,2021-22,LAC,SAS,0,0.6662174690020274,0.6652323513423838,0.666632249337915,0.6666011223285632,0.7070701054639069
0022100465,2021-12-21,2021-22,MIA,IND,1,0.5286173480685104,0.4842817551867007,0.48780198663086716,0.487765327218537,0.4987450779988414
0022100466,2021-12-21,2021-22,NYK,DET,1,0.743569017670612,0.7639484510692984,0.7614997187550564,0.7615385975361988,0.6896573259994525
0022100467,2021-12-21,2021-22,NOP,POR,1,0.49255351836709305,0.5627964021066295,0.5592103096739344,0.5592817442520333,0.47127124838824064
0022100468,2021-12-21,2021-22,DAL,MIN,1,0.4910473573775381,0.4652215049389629,0.4670180032379836,0.46703680800247943,0.3959045409081477
0022100469,2021-12-21,2021-22,LAL,PHX,0,0.35406344769573345,0.3540327202513708,0.35387979846011636,0.35385461335221197,0.3335800572111031
0022100470,2021-12-22,2021-22,ATL,ORL,0,0.7233725686581103,0.5800542650874485,0.5890387698393439,0.588903104211528,0.6652080985071571
0022100471,2021-12-22,2021-22,BOS,CLE,1,0.44883005469732823,0.5417092052525891,0.539367646308163,0.5394201031368044,0.5363953356145251
0022100473,2021-12-22,2021-22,MIL,HOU,1,0.7228488049065599,0.7291472284372936,0.7309544484012395,0.7309725719691811,0.7899894167937773
0022100474,2021-12-22,2021-22,OKC,DEN,1,0.30397022693594233,0.3262152041176725,0.3165948049665214,0.3165341025401795,0.30241939825075936
0022100475,2021-12-22,2021-22,SAC,LAC,0,0.40668437084666215,0.4619771467096446,0.4638921169768374,0.4639841771501234,0.4384589903281867
0022100476,2021-12-23,2021-22,IND,HOU,1,0.7753533400218079,0.661711444041773,0.6670222033021445,0.6669710771686231,0.7350820888826824
0022100477,2021-12-23,2021-22,ORL,NOP,0,0.3961513144043553,0.41724086364858515,0.4136462288319034,0.41371437945411654,0.37400054113858205
0022100478,2021-12-23,2021-22,PHI,ATL,0,0.7294619454359698,0.7128485563174767,0.7110421137860315,0.7109615811971621,0.7103080825321302
0022100479,2021-12-23,2021-22,MIA,DET,1,0.7892880239286281,0.8363129716112379,0.8345488078938151,0.8346398717997524,0.7657926761678476
0022100480,2021-12-23,2021-22,NYK,WAS,0,0.5174125991435096,0.5562521933116696,0.5572642850590482,0.5573494702178795,0.5381686989452739
0022100481,2021-12-23,2021-22,DAL,MIL,0,0.45361417416422817,0.4151621859074217,0.41920514505536777,0.4192272474369517,0.3746034270799024
0022100482,2021-12-23,2021-22,DEN,CHA,0,0.5874085200909884,0.6023352739005344,0.5754417809658412,0.5753779375893143,0.5355906232612138
0022100483,2021-12-23,2021-22,PHX,OKC,1,0.9050587595218523,0.9116816791885731,0.9114638186154629,0.91147030067789,0.9031747245185998
0022100484,2021-12-23,2021-22,UTA,MIN,1,0.7953844959628488,0.8493527316474936,0.8468680544594145,0.8468752020328568,0.8405958052210782
0022100485,2021-12-23,2021-22,GSW,MEM,1,0.7188497760541072,0.7608572819773467,0.7479670530161646,0.7478753660165576,0.7689837804928548
0022100487,2021-12-23,2021-22,LAL,SAS,0,0.529438120604497,0.4996361555091641,0.5004122026104882,0.5003548989583041,0.5592349012404649
0022100488,2021-12-25,2021-22,NYK,ATL,1,0.4738628695199762,0.4691380969132237,0.447170095796288,0.44722565495301103,0.49839403406273547
0022100489,2021-12-25,2021-22,MIL,BOS,1,0.5862127280292762,0.690725929007062,0.6877869488040664,0.68783928953419,0.6577117553539539
0022100490,2021-12-25,2021-22,PHX,GSW,0,0.4977434413629182,0.47997327013276,0.4806792096778388,0.4807443895252897,0.4909044879104932
0022100491,2021-12-25,2021-22,LAL,BKN,0,0.5799873924109826,0.6674079385455501,0.6636515713743306,0.6636103203730322,0.4703373995978532
0022100492,2021-12-25,2021-22,UTA,DAL,1,0.824036269702606,0.8584411894889126,0.8558694467507801,0.8558705085042898,0.8578292340202447
0022100493,2021-12-26,2021-22,MIA,ORL,1,0.7506790026987142,0.7677426446264748,0.768757207809067,0.7687818187122819,0.7118960249545871
0022100494,2021-12-26,2021-22,CLE,TOR,1,0.5817233358010256,0.8100963825653331,0.8215708700579429,0.8216715500184075,0.7191823213904299
0022100495,2021-12-26,2021-22,WAS,PHI,0,0.44740756540437027,0.4495000241990541,0.4178396845641493,0.41783274995188896,0.4048609746864802
0022100496,2021-12-26,2021-22,SAC,MEM,0,0.3348506248371137,0.43613647042533094,0.4326395014076552,0.4326993534827769,0.40352497928337394
0022100497,2021-12-26,2021-22,OKC,NOP,1,0.3986069728397957,0.39162396075850164,0.3923098578778135,0.39226341413910815,0.45258780810403315
0022100498,2021-12-26,2021-22,SAS,DET,1,0.7786854823676964,0.7961311649946088,0.7948830888107149,0.7949145286758729,0.722492949153102
0022100499,2021-12-26,2021-22,CHI,IND,1,0.6482591877988393,0.5668525409836254,0.5825926508709681,0.5824767263062416,0.6103561620292962
0022100500,2021-12-26,2021-22,LAC,DEN,0,0.5775852556805929,0.4870554899996706,0.49508963269379863,0.49503857229422454,0.4979851474999129
0022100501,2021-12-27,2021-22,CHA,HOU,1,0.719922979321828,0.7584222683934461,0.75577039024656,0.7557568035500354,0.6818823575585276
0022100502,2021-12-27,2021-22,ATL,CHI,0,0.5832395637438617,0.5087736232942252,0.5123263612310694,0.5122196787660132,0.5660636397357599
0022100503,2021-12-27,2021-22,MIN,BOS,1,0.4322272325167572,0.4515097853784701,0.41840130753656013,0.41847565461400565,0.3718632039272858
0022100504,2021-12-27,2021-22,SAS,UTA,0,0.27717968995916564,0.32127406453861457,0.3201389977439231,0.3201881235514394,0.27315311093654443
0022100505,2021-12-27,2021-22,PHX,MEM,0,0.7693926220186305,0.7187060575139672,0.7202795045353986,0.7201923783801985,0.7767973414105335
0022100506,2021-12-27,2021-22,POR,DAL,0,0.6090013990491876,0.5353234106162229,0.56568420959635,0.5655121557901561,0.6109108993307591
0022100507,2021-12-27,2021-22,LAC,BKN,0,0.38753590867947557,0.39249328688856394,0.3934513483004052,0.39342011545637273,0.4697111374239759
0022100508,2021-12-28,2021-22,ORL,MIL,0,0.24073753714198393,0.2408989859218869,0.24156615400961906,0.24155250998372432,0.22439076033322333
0022100509,2021-12-28,2021-22,MIA,WAS,1,0.7016403340432829,0.7558923447164675,0.7537055105351647,0.7537294382453811,0.7204326407731226
0022100510,2021-12-28,2021-22,TOR,PHI,0,0.35483365984963,0.3631231317303962,0.36599261297608054,0.3660400137238073,0.29571330097751714
0022100511,2021-12-28,2021-22,HOU,LAL,0,0.3478513902292068,0.3771006091101851,0.3762308347466479,0.37625408160071,0.32113238840180225
0022100512,2021-12-28,2021-22,MIN,NYK,0,0.4089141539735443,0.4191483858462031,0.46452709129925435,0.46454459984030827,0.4562247472831076
0022100513,2021-12-28,2021-22,NOP,CLE,1,0.3354423390699067,0.30444769107059483,0.30499076027871985,0.3049377803493027,0.3254771068970501
0022100514,2021-12-28,2021-22,GSW,DEN,0,0.8031740198917617,0.7750903884377817,0.7919211765389599,0.7919116218566602,0.7865543889031852
0022100515,2021-12-28,2021-22,SAC,OKC,1,0.5469185158909027,0.6139563677759033,0.6117813366790495,0.6119511819698794,0.5776170082549981
0022100516,2021-12-29,2021-22,DET,NYK,0,0.3683341970964773,0.34336851284139375,0.3444299279879221,0.34441500498306205,0.32983999097160627
0022100517,2021-12-29,2021-22,IND,CHA,0,0.5465110599715782,0.5519175350964837,0.5389819522622484,0.53900128070561,0.4733173186852309
0022100518,2021-12-29,2021-22,BOS,LAC,0,0.5916144115916546,0.5937640323981387,0.5934382967268023,0.593477826192578,0.5604416168904095
0022100519,2021-12-29,2021-22,CHI,ATL,1,0.6566261152456367,0.7453256405342341,0.7419889451658681,0.7420064818618726,0.7041638596469338
0022100520,2021-12-29,2021-22,MEM,LAL,1,0.7599382999023875,0.7188301619712358,0.7205560346182915,0.7205338373120622,0.7141406888181772
0022100522,2021-12-29,2021-22,PHX,OKC,1,0.9076708383486515,0.898213754437656,0.9333740960140472,0.9333732569414916,0.8973024353001344
0022100523,2021-12-29,2021-22,POR,UTA,0,0.24760325880276407,0.24628790426592598,0.2466055099839583,0.2465961838255189,0.23645936793342884
0022100524,2021-12-29,2021-22,SAC,DAL,1,0.3647857436633053,0.40701373997885965,0.40366156953008997,0.40368130387200385,0.36732121852104566
0022100525,2021-12-30,2021-22,BKN,PHI,0,0.49432814376448403,0.4964073056268381,0.5055249138580302,0.5056260944297006,0.5735054859526177
0022100526,2021-12-30,2021-22,ORL,MIL,0,0.21847741897490552,0.1689791315521619,0.17079482164508517,0.17076894049727812,0.1770795611876987
0022100527,2021-12-30,2021-22,WAS,CLE,1,0.29057979103508175,0.37263828424114726,0.37141301114531766,0.37133923705337896,0.43260813415565536
0022100529,2021-12-31,2021-22,BOS,PHX,1,0.31687314549424545,0.33590297901750715,0.33648873908644417,0.3365366294640631,0.3493035525165548
0022100530,2021-12-31,2021-22,IND,CHI,0,0.4489811720778281,0.39164746340240536,0.39369623298299716,0.39365152416604776,0.41710350372858085
0022100531,2021-12-31,2021-22,SAC,DAL,0,0.41133033602734437,0.4270933777402845,0.4319320081109535,0.4319947111593253,0.3997113509539858
0022100532,2021-12-31,2021-22,HOU,MIA,0,0.26227551708747066,0.34895209221499957,0.3079153259465871,0.30803455360586574,0.2257059451897425
0022100533,2021-12-31,2021-22,CLE,ATL,0,0.6592438027177309,0.7213047936465394,0.7190969099492617,0.7190875362034185,0.6776772890700022
0022100534,2021-12-31,2021-22,TOR,LAC,1,0.4837357598148863,0.5249096654611836,0.5240589337623989,0.5240887157759747,0.607659266906927
0022100535,2021-12-31,2021-22,MEM,SAS,1,0.5907136872846075,0.5509254673218151,0.5495791157176831,0.5495595790732541,0.579531092434995
0022100536,2021-12-31,2021-22,OKC,NYK,1,0.3139310666896775,0.4004878206071511,0.4789609008768281,0.4789798889371281,0.4709189481919137
0022100537,2021-12-31,2021-22,UTA,MIN,1,0.8123214175052814,0.795563642784893,0.7965073078927752,0.7964361319525433,0.8325122782777059
0022100538,2021-12-31,2021-22,LAL,POR,1,0.5801227229338127,0.6552234725534807,0.6521839419743298,0.652189244447501,0.6192661966481252
0022100539,2022-01-01,2021-22,MIL,NOP,1,0.7368086474854968,0.7402669145596007,0.7395979725903034,0.7395823307087835,0.7194687669643982
0022100540,2022-01-01,2021-22,DET,SAS,1,0.35231173339288935,0.4080785251797328,0.41570370182090627,0.41569847318552194,0.402655065019428
0022100541,2022-01-01,2021-22,WAS,CHI,0,0.515401209469978,0.5333757652973161,0.5335102965157972,0.5334860894325245,0.5134938991018341
0022100542,2022-01-01,2021-22,BKN,LAC,0,0.7455226806102773,0.7530166090520284,0.751786427797904,0.7518115924614658,0.8205112854917173
0022100543,2022-01-01,2021-22,HOU,DEN,0,0.2046765306055087,0.1794421306037507,0.17627679072856417,0.17632514705197888,0.16884611873909047
0022100544,2022-01-01,2021-22,UTA,GSW,0,0.49643569090849166,0.49719676509703187,0.4989080479166215,0.4988994259894027,0.5519773866641909
0022100545,2022-01-02,2021-22,TOR,NYK,1,0.6556609108079411,0.6961695023954781,0.6928553686518866,0.6928476140867369,0.6666195112717734
0022100546,2022-01-02,2021-22,BOS,ORL,1,0.7960648807705097,0.7772666691114595,0.7411235046313205,0.7410926862488149,0.7596462925098212
0022100547,2022-01-02,2021-22,CLE,IND,1,0.6389591851080181,0.6878664517752873,0.6860223053659513,0.6860855059717001,0.6259232465095554
0022100548,2022-01-02,2021-22,SAC,MIA,1,0.32696723867520566,0.3065618524314114,0.30576143257276334,0.30573585917240714,0.3321211517759995
0022100549,2022-01-02,2021-22,CHA,PHX,0,0.410633288948544,0.4145487166822872,0.4167711157751537,0.41676028043393065,0.423909060723167
0022100550,2022-01-02,2021-22,OKC,DAL,0,0.3677491493493757,0.2701028475383276,0.27573302659068794,0.2756967057588525,0.3029754931459641
0022100551,2022-01-02,2021-22,LAL,MIN,1,0.5879616604180891,0.6057414168805344,0.6041685594669348,0.604136952283584,0.6307997961901245
0022100552,2022-01-03,2021-22,PHI,HOU,1,0.8660671022246008,0.8672049425579355,0.8593267729432176,0.8592758357178717,0.8259875681313456
0022100553,2022-01-03,2021-22,WAS,CHA,1,0.6056518418832157,0.5710685202196645,0.5733979638073698,0.5733629155317509,0.5661890275162332
0022100554,2022-01-03,2021-22,BKN,MEM,0,0.5702308644531023,0.577657689514964,0.5766401327867091,0.5766158748773501,0.6170004669266079
0022100555,2022-01-03,2021-22,CHI,ORL,1,0.8528791827157858,0.8418033612328747,0.8426840604812893,0.8427015818886807,0.828214827173028
0022100556,2022-01-03,2021-22,MIL,DET,0,0.8308805642880914,0.8936451201578343,0.8950407880788281,0.8950489748809358,0.9160173509033139
0022100557,2022-01-03,2021-22,NOP,UTA,0,0.20629642210198687,0.22921358292036514,0.23399617733110578,0.23397294203698876,0.24725494238322002
0022100558,2022-01-03,2021-22,DAL,DEN,1,0.48531903476052396,0.5064510232658218,0.5052902577136493,0.5053137774790395,0.4834288830539685
0022100559,2022-01-03,2021-22,GSW,MIA,1,0.7952644780572414,0.7790978606928869,0.7670036376253622,0.7669642586227472,0.7938854434869147
0022100560,2022-01-03,2021-22,POR,ATL,1,0.4388483122181892,0.3731906692333619,0.3782289685489399,0.37820897625192873,0.32838037728157743
0022100561,2022-01-03,2021-22,LAC,MIN,0,0.6647404654967803,0.6460001675430939,0.6472703997750197,0.6472547612202266,0.6845894265569477
0022100562,2022-01-04,2021-22,CLE,MEM,0,0.6472382179231623,0.6416752125901675,0.6541768734028185,0.6541037957390141,0.7253481833122313
0022100563,2022-01-04,2021-22,TOR,SAS,1,0.5970905848554936,0.6430301842867315,0.6383877962385386,0.6382821952623952,0.6845159345378662
0022100564,2022-01-04,2021-22,NYK,IND,1,0.4942747373162281,0.5248544921009533,0.5238465925846402,0.5238470556439491,0.5408260665615453
0022100565,2022-01-04,2021-22,NOP,PHX,0,0.2578300366667242,0.29169294702078324,0.28930668782277313,0.2893161114188229,0.26883784995871135
0022100566,2022-01-04,2021-22,LAL,SAC,1,0.6732998843245355,0.6793445590693532,0.6778832683632017,0.6779139566753642,0.6677156683353399
0022100567,2022-01-05,2021-22,CHA,DET,1,0.7567234068757458,0.7785236990906291,0.777034273568046,0.7770236287059968,0.7499063304238477
0022100568,2022-01-05,2021-22,ORL,PHI,0,0.2550072355676889,0.23362562396147285,0.2349026534780518,0.23493687513360492,0.1676778551157287
0022100569,2022-01-05,2021-22,WAS,HOU,0,0.7459352905217893,0.7533279216683811,0.7533432558261408,0.7533396883932785,0.7806021296399995
0022100570,2022-01-05,2021-22,BOS,SAS,0,0.7147071444657251,0.7196205430046062,0.7190796843609506,0.7190156688243411,0.7606479491693772
0022100571,2022-01-05,2021-22,IND,BKN,0,0.3965225789436369,0.3632896475065343,0.3645836532673733,0.36457442247117355,0.2920457526481179
0022100572,2022-01-05,2021-22,DAL,GSW,1,0.3506595814790917,0.38391141728290856,0.3836679380621498,0.38371012663420423,0.37997870214026325
0022100573,2022-01-05,2021-22,MIL,TOR,0,0.6834236949600879,0.5132806700945352,0.5198901030751245,0.5197569057228307,0.5417507583881342
0022100574,2022-01-05,2021-22,MIN,OKC,1,0.7067596373059777,0.7809546955580736,0.7795684345827796,0.7795818561103711,0.7542348796029767
0022100575,2022-01-05,2021-22,DEN,UTA,0,0.313768573177981,0.38237968906693864,0.3905234359300942,0.3905661365269298,0.340404588353234
0022100576,2022-01-05,2021-22,POR,MIA,0,0.37394105858685084,0.4779087172837804,0.47149984727097066,0.47149988021192857,0.43070646198177726
0022100577,2022-01-05,2021-22,SAC,ATL,0,0.34867155865232285,0.39159413102807605,0.41516012821294923,0.4152166964987214,0.31718968330082337
0022100578,2022-01-06,2021-22,NYK,BOS,1,0.5024247358371766,0.4766131033750667,0.4790136711492109,0.4790338666629495,0.4456007113536977
0022100579,2022-01-06,2021-22,MEM,DET,1,0.8763817271350139,0.8506212374197679,0.8520047226049369,0.8519895711842488,0.8424885807724456
0022100580,2022-01-06,2021-22,NOP,GSW,1,0.3555744374988228,0.5825406836456873,0.5762524394032393,0.5762646262314194,0.46227860813665267
0022100581,2022-01-06,2021-22,PHX,LAC,1,0.7687489971688284,0.7770026236565868,0.7802865133174794,0.7802954074946082,0.765296857461964
0022100582,2022-01-07,2021-22,PHI,SAS,1,0.6942236735642314,0.7623544594928553,0.7569878161088721,0.7570488743533597,0.6845345337353705
0022100583,2022-01-07,2021-22,BKN,MIL,0,0.5934358348615957,0.5889005091073582,0.5872026776461108,0.5871891877254585,0.5323505268307367
0022100584,2022-01-07,2021-22,TOR,UTA,1,0.41088225898711705,0.6067458043706184,0.5973524284471108,0.5974635421046981,0.6822270990936617
0022100585,2022-01-07,2021-22,CHI,WAS,1,0.6619431584997983,0.6860284620152763,0.6842735439831169,0.6843178862562903,0.6401330620609214
0022100586,2022-01-07,2021-22,HOU,DAL,0,0.24126412258768182,0.27162294742570525,0.2705742165548911,0.2706150871613403,0.2583327738244302
0022100587,2022-01-07,2021-22,OKC,MIN,0,0.33153180310825203,0.3626224820497149,0.40875893258773854,0.4087667889255628,0.3944282570665524
0022100588,2022-01-07,2021-22,DEN,SAC,1,0.6922461462634704,0.6810457495735585,0.6738134807252192,0.6738208398179617,0.6895420897030022
0022100589,2022-01-07,2021-22,LAL,ATL,1,0.5252402176245805,0.5443395311637735,0.5504685640467281,0.550472264747746,0.5450910817919074
0022100590,2022-01-07,2021-22,POR,CLE,0,0.3137859189516145,0.34278871521396787,0.34356386750495604,0.3434908041989711,0.33159636057729963
0022100591,2022-01-08,2021-22,LAC,MEM,0,0.41200301381950843,0.5219961938040089,0.5175661131136147,0.5175975117916906,0.4900086813462102
0022100592,2022-01-08,2021-22,CHA,MIL,1,0.543509144746478,0.5448557151501675,0.5438859410104439,0.5438592463720093,0.5468470598840054
0022100593,2022-01-08,2021-22,DET,ORL,1,0.5120246323169731,0.5366625361235441,0.543499031421,0.5435566411979891,0.5399720082281609
0022100594,2022-01-08,2021-22,IND,UTA,1,0.512470256320261,0.3663461692129732,0.3451983960130712,0.34519926217466834,0.28961160932566216
0022100595,2022-01-08,2021-22,BOS,NYK,1,0.6599167734782799,0.6870516323251665,0.684720262895768,0.6847376423454725,0.6678650273498568
0022100596,2022-01-08,2021-22,PHX,MIA,0,0.706509875132708,0.6937198416574027,0.7197928727059086,0.7197725571383453,0.746416829627128
0022100597,2022-01-09,2021-22,LAC,ATL,1,0.44924214545545244,0.5103384652797105,0.5084917457255129,0.5085418845453713,0.4445371885080988
0022100598,2022-01-09,2021-22,ORL,WAS,0,0.29546692085714826,0.30390952475931005,0.30115623698127886,0.3011583960198897,0.2788280033496684
0022100599,2022-01-09,2021-22,TOR,NOP,1,0.6853749399062611,0.7462487755758672,0.7240514981201004,0.7240463655157799,0.7411553479320417
0022100600,2022-01-09,2021-22,HOU,MIN,0,0.3053545048290551,0.2567314240991903,0.2771279465695507,0.2770953411108201,0.31082712486116404
0022100601,2022-01-09,2021-22,OKC,DEN,0,0.2954886540822171,0.3444951536530105,0.34906536190255566,0.34906101631746694,0.373494039876881
0022100602,2022-01-09,2021-22,BKN,SAS,1,0.5848922361183257,0.5350760685468036,0.5373536549713299,0.53736819812183,0.49431441140561355
0022100603,2022-01-09,2021-22,DAL,CHI,1,0.5623878642637522,0.591568430552054,0.5906123065745797,0.5906082994117636,0.5892422269131674
0022100604,2022-01-09,2021-22,GSW,CLE,1,0.5199648589011611,0.5108658014474242,0.5120137747791523,0.5120755334673431,0.657253697255545
0022100605,2022-01-09,2021-22,POR,SAC,1,0.5673983945657629,0.602669970485106,0.6020260350973179,0.6020182920510888,0.6011462011799301
0022100606,2022-01-09,2021-22,LAL,MEM,0,0.562645087845238,0.6389112946070116,0.6351317474951749,0.6351116507560156,0.5909987888420222
0022100486,2022-01-10,2021-22,POR,BKN,1,0.4455529488517,0.5570231610235145,0.5524925289044763,0.5524631203950621,0.5030236325333868
0022100607,2022-01-10,2021-22,CHA,MIL,1,0.4886778475133983,0.4845385418993963,0.48113636313835195,0.4810838406516371,0.49471205192880424
0022100608,2022-01-10,2021-22,DET,UTA,1,0.1866857966018747,0.21086961751945288,0.20937010912242093,0.20936788366888484,0.1968112635015686
0022100609,2022-01-10,2021-22,BOS,IND,1,0.6783335853969065,0.6660482002952799,0.6641262630851462,0.6641049400397396,0.7367665934568602
0022100610,2022-01-10,2021-22,NYK,SAS,1,0.5524160850111655,0.5312183502399769,0.5326300394798485,0.5326738678016144,0.5448524803075389
0022100611,2022-01-10,2021-22,SAC,CLE,0,0.29519267662171295,0.30196588552119574,0.3018762287542507,0.3018674253730492,0.32058712836926456
0022100711,2022-01-10,2021-22,HOU,PHI,0,0.1385948507667303,0.1309986870376895,0.13226012119391278,0.13229550672276622,0.15657422914679764
0022100415,2022-01-11,2021-22,CHI,DET,1,0.8271343386601729,0.8585628436385332,0.8582295964705131,0.8582419479434311,0.8423875428999014
0022100612,2022-01-11,2021-22,WAS,OKC,1,0.6722091766220402,0.6311076065165753,0.6272062777605419,0.6272564419479806,0.6272985285075462
0022100613,2022-01-11,2021-22,TOR,PHX,0,0.4816570031639182,0.48646490882504934,0.48606898979067814,0.48606283589912685,0.4590014398924903
0022100614,2022-01-11,2021-22,MEM,GSW,1,0.4064630974015165,0.42274811322038197,0.4053880430671848,0.405443564526795,0.40712864195060583
0022100615,2022-01-11,2021-22,NOP,MIN,1,0.4750210355478123,0.44503249941856154,0.4325884642654601,0.432580981516336,0.4285644261698256
0022100616,2022-01-11,2021-22,LAC,DEN,1,0.4759164581026017,0.5021192210988535,0.5017222018861885,0.5017451197966245,0.49972346424186426
0022100618,2022-01-12,2021-22,IND,BOS,0,0.4007677450916947,0.4729748916223366,0.47887731528705285,0.47893639633006513,0.45340651562982215
0022100619,2022-01-12,2021-22,PHI,CHA,0,0.6275200803712986,0.6558973390215393,0.66066522743335,0.6606472994209619,0.591294068398215
0022100620,2022-01-12,2021-22,WAS,ORL,1,0.6942111947927992,0.725852479566443,0.7243864440343835,0.7244184868631419,0.6911202343151874
0022100621,2022-01-12,2021-22,ATL,MIA,0,0.4018781164607469,0.3855747877706108,0.3864227108660564,0.3863638043476956,0.4502953473614531
0022100622,2022-01-12,2021-22,NYK,DAL,1,0.3796882065773461,0.3846685564503108,0.38557426767913905,0.3855771876538067,0.3674230536431498
0022100623,2022-01-12,2021-22,SAS,HOU,0,0.7591123429061075,0.7668569760274373,0.7669228174543242,0.7669072511795011,0.7063883252671949
0022100624,2022-01-12,2021-22,UTA,CLE,0,0.5774541752699616,0.5897045163638172,0.5905609920350864,0.5905367536657244,0.6343351329245789
0022100625,2022-01-12,2021-22,CHI,BKN,0,0.5680101617825899,0.5860319657752154,0.5837064446627693,0.5837437823706573,0.5282349239436042
0022100626,2022-01-12,2021-22,SAC,LAL,1,0.384545896537715,0.4020041640249657,0.4096966454744832,0.4097196646042474,0.3883154292315523
0022100627,2022-01-13,2021-22,MIL,GSW,1,0.4575713237178743,0.44664744212420027,0.4472762841911241,0.4472499788443811,0.4395498785956705
0022100628,2022-01-13,2021-22,MEM,MIN,1,0.6296993569003307,0.6457858252270867,0.630276236864001,0.6303422792917233,0.576705250416876
0022100629,2022-01-13,2021-22,NOP,LAC,1,0.5047960193564496,0.5096298086741512,0.5088863743296606,0.5088806990932586,0.5134143701820296
0022100630,2022-01-13,2021-22,BKN,OKC,0,0.7078849047831777,0.5525982502007487,0.5604419602337523,0.5604027037233369,0.6787449177081518
0022100631,2022-01-13,2021-22,DEN,POR,1,0.6330661190639287,0.6760471338776036,0.6668868671676477,0.6669312302170468,0.6555494246976009
0022100632,2022-01-14,2021-22,CHA,ORL,0,0.8178557885658289,0.8263579369808708,0.8227536050951866,0.8227521577777551,0.8252245074228399
0022100633,2022-01-14,2021-22,DET,TOR,1,0.20696072809893296,0.20801270386126433,0.2061402675207566,0.20615858573760437,0.2521258558676906
0022100634,2022-01-14,2021-22,IND,PHX,0,0.3046137747694182,0.28050820823320144,0.2640896305667696,0.2640697988589096,0.25700436794495485
0022100635,2022-01-14,2021-22,PHI,BOS,1,0.5577999821389709,0.5507740775601588,0.5506156163163832,0.550572454562339,0.5654453668705254
0022100636,2022-01-14,2021-22,MIA,ATL,1,0.7168263408789504,0.7537289890001206,0.7389865253785455,0.7389948381697615,0.7392945732424889
0022100637,2022-01-14,2021-22,CHI,GSW,0,0.517326374001915,0.502509283195419,0.5033736008830253,0.5034394369980213,0.4625860091944201
0022100638,2022-01-14,2021-22,SAS,CLE,0,0.3612299319397017,0.36811073159049323,0.36776396052567445,0.3677505048745069,0.38601916253181007
0022100639,2022-01-14,2021-22,MEM,DAL,0,0.5421145209708232,0.5278017296547974,0.5283228544743793,0.5283684764248419,0.5182257888547527
0022100640,2022-01-14,2021-22,SAC,HOU,1,0.6483937477960936,0.6550047611970721,0.6528242264882248,0.6528183530786431,0.6216465300577838
0022100641,2022-01-15,2021-22,MIL,TOR,0,0.6732975141977904,0.7026142034273426,0.7015021688475975,0.701570143019244,0.6419679414890769
0022100642,2022-01-15,2021-22,WAS,POR,0,0.6446440731882922,0.6571703046795078,0.6556440236191124,0.6556463324879725,0.6065817872130999
0022100643,2022-01-15,2021-22,ATL,NYK,0,0.4352772293429558,0.37774921735297307,0.37938972211759125,0.3793569424650817,0.4170320319881612
0022100644,2022-01-15,2021-22,BKN,NOP,1,0.5792297712062311,0.5359379121462543,0.5390711207086943,0.5390928099665068,0.5835585874183624
0022100645,2022-01-15,2021-22,MIA,PHI,0,0.6103719150009848,0.6959405506655701,0.6662041399236798,0.6662326531776617,0.6668499986267125
0022100646,2022-01-15,2021-22,OKC,CLE,0,0.37083060967224896,0.3384232533348047,0.33860471125593344,0.33856615135154067,0.4341462780442635
0022100647,2022-01-15,2021-22,BOS,CHI,1,0.6506137188532056,0.7572327126654322,0.7536622644958809,0.7536903722943797,0.7391250567989808
0022100648,2022-01-15,2021-22,SAS,LAC,1,0.5055993139794822,0.48298080961972817,0.48343438747040735,0.48339555509909005,0.5103153912259797
0022100649,2022-01-15,2021-22,DEN,LAL,1,0.6053859632379659,0.6181810012774569,0.5782993081747723,0.5782642988202361,0.5798441364309543
0022100650,2022-01-15,2021-22,DAL,ORL,1,0.8380943840559928,0.845903289324254,0.8458363216594172,0.8458434899083282,0.846925403961106
0022100617,2022-01-16,2021-22,DET,PHX,0,0.1876883376467954,0.1834013057067624,0.18369689764643657,0.18370243783094964,0.179185505053889
0022100651,2022-01-16,2021-22,SAC,HOU,0,0.6551013227925193,0.5913393246195002,0.5925691077342954,0.5924911167033701,0.6955089388578123
0022100652,2022-01-16,2021-22,MIN,GSW,1,0.38480799179003006,0.5167829439653053,0.5038202784940305,0.5038203232160137,0.4841409881641964
0022100653,2022-01-16,2021-22,DEN,UTA,0,0.4451200047788524,0.4160097067053898,0.4165402984374498,0.4165381205147413,0.39836763802819036
0022100654,2022-01-17,2021-22,BOS,NOP,1,0.6879170198067324,0.6304186737860082,0.6315157459792928,0.6314875374521302,0.6281484763817978
0022100655,2022-01-17,2021-22,NYK,CHA,0,0.5203773447013839,0.5336205321340964,0.5281597345978973,0.5281968796382452,0.4824681624707248
0022100656,2022-01-17,2021-22,WAS,PHI,1,0.38248034329236036,0.3969438657152903,0.39689080017362005,0.3968812886694136,0.4116911576805879
0022100657,2022-01-17,2021-22,CLE,BKN,1,0.6384753919342167,0.6982567691657939,0.6995092627136393,0.6995296149701924,0.5995815751309831
0022100658,2022-01-17,2021-22,MEM,CHI,1,0.6808852886054076,0.7074962108949214,0.705447184924567,0.7054312781141345,0.6959721655284298
0022100659,2022-01-17,2021-22,LAC,IND,1,0.5664708508211924,0.605924853613614,0.6038507970517312,0.6038614440219026,0.6116648567556249
0022100660,2022-01-17,2021-22,ATL,MIL,1,0.3455916867895991,0.3450006646534351,0.34531408841426203,0.34532330719330906,0.32325486295081124
0022100661,2022-01-17,2021-22,ORL,POR,0,0.39541309691583504,0.4261124603641988,0.41258376475760083,0.41261434939873437,0.34219495004662487
0022100662,2022-01-17,2021-22,MIA,TOR,1,0.5934430942718464,0.529214834693468,0.5317107308698152,0.5317014902097469,0.502763069269206
0022100663,2022-01-17,2021-22,DAL,OKC,1,0.7658774773476467,0.7519314290906836,0.753165149182144,0.7531730073863924,0.7656407716385288
0022100664,2022-01-17,2021-22,SAS,PHX,0,0.3935158245411853,0.3887020936904949,0.3890522596794606,0.3890439750162439,0.40559061726950446
0022100665,2022-01-17,2021-22,LAL,UTA,1,0.39392040153976304,0.371796753498204,0.3731608795499311,0.3731552991751212,0.3737743727722572
0022100666,2022-01-18,2021-22,NYK,MIN,0,0.4331628915963021,0.45162009595780755,0.4507481469851551,0.4507514047688978,0.46683776491776285
0022100667,2022-01-18,2021-22,GSW,DET,1,0.810072150798784,0.791946205301565,0.7801209999370777,0.780160467630246,0.8316390413843225
0022100668,2022-01-19,2021-22,PHI,ORL,1,0.805938385371294,0.8052441247903386,0.8051692628778814,0.8051813337338352,0.8002547768314067
0022100669,2022-01-19,2021-22,WAS,BKN,0,0.477284773081138,0.4846489379060002,0.48388979420529205,0.4838862631430815,0.4887224617034217
0022100670,2022-01-19,2021-22,ATL,MIN,1,0.49736973136056584,0.48345496050207293,0.4848558796565919,0.4848483292908182,0.4662191060250556
0022100671,2022-01-19,2021-22,BOS,CHA,0,0.5630553349696916,0.5658156288825255,0.5669886179185603,0.5669943507958957,0.5699357231407106
0022100672,2022-01-19,2021-22,MIA,POR,1,0.6975396688236185,0.6430325207121248,0.6454933770777114,0.6455120174200194,0.6460420653466703
0022100673,2022-01-19,2021-22,CHI,CLE,1,0.3491680057842496,0.3633961808605738,0.3645472756412474,0.36455788407328477,0.3994540394797802
0022100674,2022-01-19,2021-22,MIL,MEM,1,0.554442241514877,0.6826418164061879,0.6773183797972315,0.6773570459842351,0.6711321260823373
0022100675,2022-01-19,2021-22,DAL,TOR,1,0.5576040098358074,0.5632877077943693,0.5639605262946871,0.5639680074768373,0.5745127858654042
0022100676,2022-01-19,2021-22,SAS,OKC,1,0.66793927710242,0.6715578252496195,0.6712316344784348,0.6712385084940526,0.6581667565387787
0022100677,2022-01-19,2021-22,UTA,HOU,0,0.8734982354047036,0.8499819416540081,0.851040416085804,0.8509906226958324,0.8901188400837389
0022100678,2022-01-19,2021-22,DEN,LAC,1,0.65416069639002,0.7498019847100728,0.7463655698091856,0.7464042177335591,0.7109277688469645
0022100679,2022-01-19,2021-22,SAC,DET,0,0.6888636344992644,0.6755767872437277,0.6754103389152358,0.6754382631860218,0.6260352064206051
0022100680,2022-01-19,2021-22,LAL,IND,0,0.6321553096928731,0.6197774652243939,0.6178261818577636,0.6178008864013738,0.6032319781355461
0022100681,2022-01-20,2021-22,NYK,NOP,0,0.6141729113279962,0.6218260737315485,0.6215063557109428,0.6215171996702271,0.6377709148367675
0022100682,2022-01-20,2021-22,DAL,PHX,0,0.4095045454107796,0.4105969491178511,0.4100692655490858,0.4100675521766006,0.38593478260262476
0022100683,2022-01-20,2021-22,GSW,IND,0,0.7920658787838003,0.8268451919053204,0.8638658371145869,0.863906152158477,0.8411835800704395
0022100684,2022-01-21,2021-22,CHA,OKC,1,0.7495923540042011,0.7318458551035089,0.738274748509812,0.7382952227749142,0.725541354713122
0022100685,2022-01-21,2021-22,ORL,LAL,0,0.34301385239906435,0.35381333449956814,0.35391083605301626,0.35387064002846624,0.331024030135253
0022100686,2022-01-21,2021-22,PHI,LAC,0,0.6890429463479291,0.6601780032141105,0.6530437564720721,0.65303826723957,0.6353542206542223
0022100687,2022-01-21,2021-22,ATL,MIA,1,0.3940767598778993,0.37602053544284403,0.3769158664409803,0.37685480576425984,0.418141684505835
0022100688,2022-01-21,2021-22,BOS,POR,0,0.6649775960071705,0.668577080027422,0.6687270505479564,0.668776926314511,0.6650396831257955
0022100689,2022-01-21,2021-22,WAS,TOR,0,0.4206613900991391,0.3823820702426569,0.3868284474137402,0.386801075347786,0.4365488347198085
0022100690,2022-01-21,2021-22,MIL,CHI,1,0.6923951448689185,0.7112944685805981,0.7086740268063768,0.7086354867171656,0.7175956389356214
0022100691,2022-01-21,2021-22,SAS,BKN,0,0.4909268879856729,0.5207741922602032,0.5195444584931134,0.5195116553321424,0.5361251608279682
0022100692,2022-01-21,2021-22,DEN,MEM,0,0.5503451259637676,0.5652381313690652,0.5566638836220561,0.5566253681103429,0.5515560295404652
0022100693,2022-01-21,2021-22,UTA,DET,1,0.8247247855542206,0.8157706656858289,0.825589312165956,0.8255940759227026,0.820500293679293
0022100694,2022-01-21,2021-22,GSW,HOU,1,0.8065203854034033,0.7930074574841302,0.7938643210311681,0.793832784873763,0.8324631018482995
0022100695,2022-01-22,2021-22,CLE,OKC,1,0.8430806197116013,0.8386566865305745,0.8431533067592886,0.8431736401283514,0.8293495796653434
0022100696,2022-01-22,2021-22,MIL,SAC,1,0.7751201800570681,0.7457274535815861,0.75093657864446,0.7508557329253605,0.7428376779358146
0022100697,2022-01-22,2021-22,PHX,IND,1,0.8232925960896189,0.8299675287209761,0.8357983690951831,0.835778528752276,0.852183360633262
0022100698,2022-01-23,2021-22,NYK,LAC,1,0.598595640954601,0.5440987511136338,0.5445089058920356,0.5444752180601028,0.5758660742468625
0022100699,2022-01-23,2021-22,WAS,BOS,0,0.46364867049023933,0.46324698831961897,0.4629060800697357,0.46290431827810835,0.43565537076265787
0022100700,2022-01-23,2021-22,MIA,LAL,1,0.6723105970405479,0.6366232013749006,0.6535177514438139,0.6535423410440758,0.6729566871071961
0022100701,2022-01-23,2021-22,ORL,CHI,1,0.27914656271764554,0.23917832001151584,0.24036060411047142,0.2403218899005271,0.2779179940208391
0022100702,2022-01-23,2021-22,TOR,POR,0,0.6739696661767818,0.6749105697997781,0.6747839259865029,0.6747995613153456,0.6526181094509004
0022100703,2022-01-23,2021-22,CHA,ATL,0,0.6168336224115465,0.5527015152092652,0.5289633850981438,0.5289373345636459,0.5634147636191909
0022100704,2022-01-23,2021-22,SAS,PHI,0,0.4866754205506364,0.5122805254159142,0.510795237847656,0.5107448332405431,0.5213732962252282
0022100705,2022-01-23,2021-22,DAL,MEM,1,0.62689827270039,0.6981654420016393,0.6939408856758669,0.6939028060345075,0.652910074395851
0022100706,2022-01-23,2021-22,MIN,BKN,1,0.5516399322788417,0.5319482626229746,0.48253646370596465,0.4825484291318758,0.4654398079329826
0022100707,2022-01-23,2021-22,DEN,DET,1,0.7340158882920614,0.7577417425330366,0.7333781745101087,0.7333716921827129,0.7475161760119704
0022100708,2022-01-23,2021-22,GSW,UTA,1,0.5447298752846276,0.5469887615408612,0.5469954294420659,0.5470095574738921,0.5315749401259269
0022100709,2022-01-24,2021-22,CLE,NYK,1,0.7257090320944468,0.6318748120903339,0.5863999638317557,0.5864181199780916,0.5508029803791302
0022100712,2022-01-24,2021-22,NOP,IND,1,0.5820561289351811,0.5336771687816677,0.5397921069939152,0.5397470540997467,0.566976247494124
0022100713,2022-01-24,2021-22,PHX,UTA,1,0.7203371684907804,0.8586516080474843,0.8543581750633713,0.8543959308585071,0.8507277520616608
0022100730,2022-01-24,2021-22,OKC,CHI,0,0.5145828225194549,0.5021522123873077,0.5445269521428144,0.5445317875065041,0.5007771857198439
0022100454,2022-01-25,2021-22,PHI,NOP,1,0.7224966211950925,0.8382742854143774,0.8348814192624426,0.8349363246753605,0.7714877051662286
0022100714,2022-01-25,2021-22,DET,DEN,0,0.320149395953752,0.3269153799750126,0.3501351304611123,0.35016328138086317,0.3066950950822236
0022100715,2022-01-25,2021-22,TOR,CHA,1,0.6443323497858255,0.5282955276600007,0.5477572843955332,0.5476312039643554,0.6017842588213103
0022100716,2022-01-25,2021-22,WAS,LAC,0,0.5474840343360651,0.6062965336483078,0.6034782002674668,0.6035011846974793,0.5729122881307462
0022100717,2022-01-25,2021-22,BOS,SAC,1,0.7686469626921386,0.7709863620768476,0.7703157806683507,0.7703397531199997,0.7439042056603044
0022100718,2022-01-25,2021-22,BKN,LAL,0,0.6346340350165875,0.5293136959532678,0.5328163155618787,0.5328232993241018,0.5148207148196043
0022100719,2022-01-25,2021-22,HOU,SAS,0,0.3682348937720777,0.37648113455322135,0.37524730474146867,0.37530053490326587,0.3311543700885166
0022100720,2022-01-25,2021-22,GSW,DAL,1,0.5705306674455058,0.5468526903008954,0.5474488924061378,0.5474648016858882,0.5264333757876971
0022100721,2022-01-25,2021-22,POR,MIN,0,0.5264585154474966,0.5094642619445802,0.5277262055150029,0.5276660242061413,0.5278674944852231
0022100453,2022-01-26,2021-22,BKN,DEN,0,0.5073737114117796,0.43432678807081176,0.3589526425043774,0.35890203029029666,0.43962772803764527
0022100472,2022-01-26,2021-22,CHI,TOR,1,0.5580037985464906,0.5077147503415477,0.5446697495254206,0.544650936952583,0.5773341599341741
0022100722,2022-01-26,2021-22,CLE,MIL,1,0.4852263671446152,0.4904099985929227,0.49322718426971907,0.4933067622492586,0.4171150598823882
0022100723,2022-01-26,2021-22,IND,CHA,0,0.6038970284478195,0.5862703631640579,0.5873075927229346,0.5872930605524054,0.5829548551206881
0022100724,2022-01-26,2021-22,ORL,LAC,0,0.4554177859953226,0.4345230943163225,0.43536964911334813,0.4353575161523785,0.4791382155052903
0022100725,2022-01-26,2021-22,ATL,SAC,1,0.7713443739419014,0.8004361398666552,0.7999327001925055,0.7999402246127272,0.7628120794671448
0022100727,2022-01-26,2021-22,MIA,NYK,1,0.6321119800671101,0.686765748402147,0.6856759413097456,0.6857256253497023,0.6738201455577322
0022100728,2022-01-26,2021-22,SAS,MEM,0,0.4425284301102081,0.4628752847508269,0.4601114104670378,0.4600501028006406,0.45085866731025026
0022100731,2022-01-26,2021-22,UTA,PHX,0,0.3331869042029772,0.324937912663158,0.32889738716398165,0.3289784082064158,0.36948918440893896
0022100732,2022-01-26,2021-22,POR,DAL,0,0.4446731485894441,0.37887263222416157,0.386389828066154,0.3862862242795103,0.4301248512522486
0022100733,2022-01-27,2021-22,PHI,LAL,1,0.6358662871047149,0.7050817396448519,0.7035216231569899,0.7035504958084507,0.6846247670522979
0022100734,2022-01-27,2021-22,GSW,MIN,1,0.6795074445501756,0.6868111891330992,0.6987053262933428,0.6987001946161803,0.7132124780723883
0022100729,2022-01-28,2021-22,NOP,DEN,0,0.41805460291594343,0.4449325973913909,0.46724522881161396,0.4672923152065592,0.39190976031528674
0022100735,2022-01-28,2021-22,CHA,LAL,1,0.6725946753456907,0.720734714507568,0.719824793222932,0.7198656560109462,0.6812049198329215
0022100736,2022-01-28,2021-22,ORL,DET,1,0.5177140079780128,0.5203690219367544,0.5218415981215652,0.5218366696905948,0.5155970345533689
0022100737,2022-01-28,2021-22,ATL,BOS,1,0.4287270206353103,0.44488721484616184,0.446131683154231,0.4460864646381441,0.4313960701313992
0022100738,2022-01-28,2021-22,MIA,LAC,1,0.7211495372832146,0.7054840219391366,0.7232373420905206,0.7232436942395133,0.7484503796261477
0022100739,2022-01-28,2021-22,HOU,POR,0,0.36086718244121213,0.3117008786831421,0.3292997233092474,0.3293162056895461,0.349172923271636
0022100740,2022-01-28,2021-22,MEM,UTA,1,0.5767882261086391,0.5967615009372553,0.5849414835122783,0.5849303125751182,0.5943458721452964
0022100741,2022-01-28,2021-22,OKC,IND,0,0.4907770454354162,0.485345929940029,0.4768940667276124,0.4768677847282461,0.4621891361720123
0022100742,2022-01-28,2021-22,SAS,CHI,1,0.5400886697993571,0.541069191139378,0.5403654265280765,0.5403432258795684,0.5412842668486156
0022100743,2022-01-28,2021-22,PHX,MIN,1,0.8022195521363511,0.8059884950468351,0.8339563499492281,0.8339603538323168,0.8343213111325094
0022100744,2022-01-28,2021-22,MIL,NYK,1,0.685902896404451,0.66547438723866,0.6589161882250932,0.6588961562731729,0.6284468332241223
0022100745,2022-01-29,2021-22,NOP,BOS,0,0.37442327706460066,0.3478873854983571,0.350163437597349,0.3501938519284879,0.3330504142347303
0022100746,2022-01-29,2021-22,DAL,IND,1,0.8088603503425531,0.8432241533829149,0.8416117302968057,0.8416182490110147,0.8248064162208022
0022100747,2022-01-29,2021-22,PHI,SAC,1,0.8016530596930602,0.8066189728389259,0.8067489286273627,0.8067534615602983,0.8306514376389474
0022100748,2022-01-29,2021-22,MIA,TOR,0,0.602477934327142,0.587363105811908,0.5761323668112234,0.5761554477460157,0.5580392859693376
0022100749,2022-01-29,2021-22,MEM,WAS,1,0.6572740953795569,0.6719381199217691,0.6705125976552755,0.6704842150034265,0.6847979485551309
0022100750,2022-01-29,2021-22,GSW,BKN,1,0.7672552242617889,0.7383929242172295,0.7380948445697461,0.738063280623614,0.7668498917366214
0022100751,2022-01-30,2021-22,ATL,LAL,1,0.6445417905486311,0.6772931564619507,0.6879214028280939,0.6878987495574239,0.6904571904049064
0022100752,2022-01-30,2021-22,CHA,LAC,0,0.6310171055406131,0.6411309907473891,0.6654929661205968,0.6655264726072284,0.5947801529984112
0022100753,2022-01-30,2021-22,CHI,POR,1,0.5637092944965865,0.5580078759206443,0.5592814777500835,0.559315998232354,0.5208174259349021
0022100754,2022-01-30,2021-22,DET,CLE,1,0.23855304967727886,0.2364164417846004,0.23677375296782197,0.23671803005183323,0.26327124390050655
0022100755,2022-01-30,2021-22,ORL,DAL,1,0.28376641097898275,0.2891614438829542,0.2898661674170712,0.2898940378216844,0.24963481858381856
0022100756,2022-01-30,2021-22,MIL,DEN,0,0.596769917733288,0.6182613577623267,0.6146956053949403,0.6146696865124155,0.6155860464368571
0022100757,2022-01-30,2021-22,MIN,UTA,1,0.4685407124074858,0.5306290015738742,0.4787349044921156,0.4787806064553741,0.45420859751515136
0022100758,2022-01-30,2021-22,PHX,SAS,1,0.7682001002835194,0.8700500021806459,0.8672173754086345,0.8672704673569833,0.8298572658328651
0022100759,2022-01-31,2021-22,CLE,NOP,1,0.6895131172069684,0.6637569831379451,0.6592802429149454,0.6592879275168333,0.5951988156436312
0022100760,2022-01-31,2021-22,IND,LAC,1,0.5413601864437616,0.4689222504765431,0.4843563465444458,0.4843068015449671,0.4994879760296866
0022100761,2022-01-31,2021-22,PHI,MEM,1,0.5379043044228394,0.40760599350896004,0.4070205000681299,0.4069787078448212,0.5011902108734625
0022100762,2022-01-31,2021-22,BOS,MIA,1,0.5270122151849909,0.6678532251203608,0.6632138340644776,0.6632359668401367,0.6234118647400765
0022100763,2022-01-31,2021-22,NYK,SAC,1,0.7219621957860473,0.7505917373325611,0.7485589197818692,0.7485837559221934,0.7216795989845172
0022100764,2022-01-31,2021-22,HOU,GSW,0,0.17461116215523795,0.21272122178906794,0.21090166941693078,0.21089640734731813,0.1876121625186187
0022100765,2022-01-31,2021-22,OKC,POR,1,0.48080041566347903,0.3393766150394536,0.3438831647003827,0.3438844141693598,0.4561773660804063
0022100767,2022-01-31,2021-22,ATL,TOR,0,0.4809601194325086,0.48336321132495436,0.4831880476712132,0.4831676337425569,0.5225888299121453
0022100766,2022-02-01,2021-22,DET,NOP,0,0.5341763027068613,0.5613561589903575,0.559525446440983,0.55954585523007,0.5345492278328102
0022100768,2022-02-01,2021-22,MIL,WAS,1,0.6925374853733376,0.763895838980758,0.7617880447987242,0.7617977922869327,0.7242796474909537
0022100769,2022-02-01,2021-22,CHI,ORL,1,0.7218620515940883,0.7151324412665577,0.7154426373687586,0.7154486412065149,0.7257541963204567
0022100770,2022-02-01,2021-22,MIN,DEN,1,0.4584476852332512,0.5013002177812582,0.47266679604836265,0.4726788685798633,0.4821261456514324
0022100771,2022-02-01,2021-22,SAS,GSW,0,0.40369882800871165,0.6356147925175728,0.6293708838094598,0.6293876788069486,0.6346132886390285
0022100772,2022-02-01,2021-22,PHX,BKN,1,0.7763687447414727,0.741706684912512,0.7412914282678317,0.7413050280420125,0.7348834511713164
0022100784,2022-02-01,2021-22,TOR,MIA,1,0.6449445843352337,0.6536476603771068,0.6510213260332072,0.6509606024947222,0.5903470133142257
0022100773,2022-02-02,2021-22,IND,ORL,0,0.7034615980623354,0.6808991200183688,0.6833628854309342,0.6833836272915369,0.6563763786699004
0022100774,2022-02-02,2021-22,PHI,WAS,0,0.7893968785740505,0.7904331348019354,0.7364255779139246,0.7364207988609675,0.8031487062744144
0022100775,2022-02-02,2021-22,BOS,CHA,1,0.7064212819663108,0.7319385108675976,0.7307773611586982,0.7307469292629959,0.7418411162657494
0022100776,2022-02-02,2021-22,NYK,MEM,0,0.41522165194068394,0.46085365324253813,0.45916512124593706,0.4591457520883879,0.4505132891002193
0022100777,2022-02-02,2021-22,HOU,CLE,1,0.2601668161744166,0.27592845743286415,0.2741662038338292,0.27411898523568806,0.3046160522299157
0022100778,2022-02-02,2021-22,DAL,OKC,0,0.8057406877676534,0.8131407249580153,0.8122874880230684,0.8122905093868756,0.8488926624307697
0022100779,2022-02-02,2021-22,UTA,DEN,1,0.5850704289327651,0.492172640276502,0.5760156177532747,0.5759935158953225,0.5717129794521619
0022100780,2022-02-02,2021-22,SAC,BKN,1,0.4117298584835705,0.4264490990137058,0.42638289385619615,0.4263422800183309,0.3912465424477043
0022100781,2022-02-02,2021-22,LAL,POR,1,0.5838326587519497,0.591207591184392,0.5911059673065833,0.5911378690619353,0.55854977269355
0022100430,2022-02-03,2021-22,TOR,CHI,1,0.6475379068893375,0.6617655523075868,0.6598086838546457,0.6597997981523966,0.6647980331004559
0022100521,2022-02-03,2021-22,SAS,MIA,0,0.4209361059877424,0.2761718772826561,0.2811839793995666,0.28110047678209804,0.3579634478004552
0022100782,2022-02-03,2021-22,DET,MIN,0,0.31722902738260467,0.30986870016458007,0.29003962757263424,0.2899762764997288,0.33531745566094023
0022100783,2022-02-03,2021-22,ATL,PHX,1,0.42154940590529993,0.389392638773808,0.3887888010838683,0.38873042380628003,0.386662765154024
0022100785,2022-02-03,2021-22,GSW,SAC,1,0.8329161527337904,0.7938366408964848,0.7975891230989259,0.7976510658316999,0.8686190383114816
0022100786,2022-02-03,2021-22,LAC,LAL,1,0.6483741219548796,0.6408039949337186,0.6414613464419641,0.6414669465417795,0.6079004681032988
0022100787,2022-02-04,2021-22,CHA,CLE,0,0.5252860880706527,0.5843870975697338,0.5810980420988768,0.5810189671675359,0.6424315780724282
0022100788,2022-02-04,2021-22,DET,BOS,0,0.19087313306052636,0.20051589110098944,0.20023530533495854,0.20022967634049513,0.2147686638885452
0022100789,2022-02-04,2021-22,IND,CHI,0,0.5066161448789904,0.5150998427069332,0.5646800465234497,0.5647743511144563,0.49839131442667306
0022100790,2022-02-04,2021-22,TOR,ATL,1,0.6030473941012482,0.6504849285090527,0.648039279750424,0.6480714221061515,0.6196048019844667
0022100791,2022-02-04,2021-22,DAL,PHI,1,0.5518250350560155,0.5365948727482832,0.4849584325730826,0.4849443730255832,0.46764813988674026
0022100792,2022-02-04,2021-22,SAS,HOU,1,0.6359761735524456,0.5853236179543335,0.5872653537907853,0.5872607481227623,0.71596204450946
0022100793,2022-02-04,2021-22,UTA,BKN,1,0.6004364427174558,0.6550020907148242,0.6723704915396979,0.6724169568319095,0.6567905571382965
0022100794,2022-02-04,2021-22,DEN,NOP,0,0.645010560708845,0.6807692703343968,0.6809249750869584,0.6809981212936458,0.6957567146253799
0022100795,2022-02-04,2021-22,POR,OKC,0,0.623766692512752,0.6717477648717558,0.669319802615974,0.6693294078236514,0.6430824059876342
0022100796,2022-02-05,2021-22,ORL,MEM,0,0.2521852484650554,0.2650763809266813,0.2645238397149138,0.2645077474678094,0.26165397438579124
0022100797,2022-02-05,2021-22,CHA,MIA,0,0.40369626045925366,0.48931876022901694,0.4854845021467897,0.48551426320886537,0.4285530026031316
0022100798,2022-02-05,2021-22,WAS,PHX,0,0.2748363203439747,0.27876184338864207,0.27837148179698834,0.27835651699933633,0.2911517131459099
0022100799,2022-02-05,2021-22,LAL,NYK,1,0.5044540196761397,0.5181724004700027,0.5195399661304348,0.5194893195241258,0.5731003226555453
0022100800,2022-02-05,2021-22,POR,MIL,0,0.28479315717392495,0.30561821522189053,0.30378085975243657,0.3037710644175744,0.33718607083968855
0022100801,2022-02-05,2021-22,SAC,OKC,1,0.6015507719017041,0.6896110181855472,0.6874578752460385,0.687458854802629,0.6401849732151697
0022100802,2022-02-06,2021-22,CHI,PHI,0,0.4318825096923497,0.44944744364790906,0.4502872756768062,0.45030867805783087,0.4153543365815243
0022100803,2022-02-06,2021-22,MIN,DET,1,0.7831045807125158,0.788696653670668,0.7886999538401938,0.7887220925778735,0.7822817606119159
0022100804,2022-02-06,2021-22,DEN,BKN,1,0.6942953916671404,0.7226673151508848,0.7203023249839553,0.7203005219592292,0.7091163451614371
0022100805,2022-02-06,2021-22,CLE,IND,1,0.6947384624704249,0.6912112669114101,0.7068032225127934,0.7068849981506682,0.6443452482210705
0022100806,2022-02-06,2021-22,ORL,BOS,0,0.18995171582135964,0.19475692533590047,0.19467713559553101,0.19467542345329258,0.1780532074497224
0022100807,2022-02-06,2021-22,DAL,ATL,1,0.5928486160612132,0.5968220854426689,0.5994368848382434,0.5994687374319896,0.5685988958727899
0022100808,2022-02-06,2021-22,HOU,NOP,0,0.32624159727647006,0.24799732771638508,0.25125957330672616,0.25124335751511456,0.2877254329702919
0022100809,2022-02-06,2021-22,LAC,MIL,0,0.5063819824413492,0.4969535849221317,0.49986179195639613,0.4999165217881247,0.42530922358147805
0022100810,2022-02-07,2021-22,CHA,TOR,0,0.4228096816234104,0.39013590909589047,0.3925916488495258,0.39255300513946223,0.4709528939805556
0022100811,2022-02-07,2021-22,WAS,MIA,0,0.33559983703347906,0.3713803589566827,0.3769093067299535,0.3769419622267224,0.34377722240960756
0022100812,2022-02-07,2021-22,CHI,PHX,0,0.2686564085829594,0.2805133017967497,0.28213095349500583,0.28212120549914843,0.2794927394468857
0022100813,2022-02-07,2021-22,OKC,GSW,0,0.1983715918444136,0.21879272721069873,0.21722498299437462,0.21717811591959554,0.24159672710894334
0022100814,2022-02-07,2021-22,UTA,NYK,1,0.6479808728278728,0.6514481630698572,0.6548635882568773,0.6549326166800746,0.6070855533608736
0022100815,2022-02-08,2021-22,PHI,PHX,0,0.528407625645505,0.5187157517472499,0.5189975693674456,0.5189672676758751,0.5430680507306602
0022100816,2022-02-08,2021-22,ATL,IND,1,0.7290681533771405,0.7153696289002058,0.7140596794345068,0.7140407550128365,0.7260583467986826
0022100817,2022-02-08,2021-22,BKN,BOS,0,0.29708716981280286,0.2111416507835202,0.21484886010635415,0.21486715598554965,0.20142722852594538
0022100818,2022-02-08,2021-22,MEM,LAC,1,0.7211267642254569,0.7143890569150253,0.713304474677524,0.713321902356657,0.7181452017558901
0022100819,2022-02-08,2021-22,NOP,HOU,1,0.779583815983214,0.7865572530233079,0.7643692179721917,0.7642833885830851,0.8150171362287831
0022100820,2022-02-08,2021-22,DAL,DET,1,0.8153857373677716,0.820004182181695,0.8199754995002859,0.8199848266694865,0.8020049626555388
0022100821,2022-02-08,2021-22,DEN,NYK,1,0.7356400341477382,0.7736987508302368,0.7606222181362821,0.760642801715685,0.6846035951375592
0022100822,2022-02-08,2021-22,LAL,MIL,0,0.4094364558608877,0.43875312913551207,0.43669712530157156,0.4366775226912762,0.4035419970254904
0022100823,2022-02-08,2021-22,POR,ORL,0,0.6506627260330582,0.6851882677004971,0.6025112647742559,0.6024489737965844,0.620172536915443
0022100824,2022-02-08,2021-22,SAC,MIN,0,0.30400724252322714,0.3667617859933411,0.31818473598951597,0.3181663530617053,0.3313678189820694
0022100825,2022-02-09,2021-22,CLE,SAS,1,0.567657840754837,0.5721896729799921,0.5885887816778262,0.5886432312336707,0.5442794438662074
0022100826,2022-02-09,2021-22,CHA,CHI,0,0.5534912409721222,0.4826369557724355,0.4831330710207612,0.4831758101461593,0.43917470034077905
0022100827,2022-02-09,2021-22,OKC,TOR,0,0.29195626241500355,0.27650948901367156,0.2771763833831904,0.27717865652678286,0.24539577240033855
0022100828,2022-02-09,2021-22,UTA,GSW,1,0.41747522489394145,0.44788546958677555,0.43519827013826934,0.4352846778596174,0.3690459591723403
0022100829,2022-02-09,2021-22,POR,LAL,1,0.3785419594015252,0.41193868635943665,0.40914966623792876,0.40921661437564033,0.35816578061674964
0022100830,2022-02-09,2021-22,SAC,MIN,1,0.3011874551550099,0.2915216588808503,0.28606435521774354,0.2860487816791044,0.3531505825224177
0022100831,2022-02-10,2021-22,DET,MEM,0,0.21491945423937417,0.19126565248262753,0.19165550017023505,0.1916246429323309,0.20534751736278273
0022100832,2022-02-10,2021-22,WAS,BKN,1,0.6129015875709486,0.5777871263777337,0.5765606637977141,0.576452373732618,0.5796982643524119
0022100833,2022-02-10,2021-22,NOP,MIA,0,0.40879523219165464,0.41459181734574496,0.41460038952180495,0.414587272644707,0.42011042238054047
0022100834,2022-02-10,2021-22,HOU,TOR,0,0.23242451601092534,0.29295363599959306,0.27071165838422306,0.2707605626809903,0.2175114298469793
0022100835,2022-02-10,2021-22,DAL,LAC,1,0.7276639296085308,0.7300765380182623,0.7292913596284806,0.72928467223715,0.7432192843831973
0022100836,2022-02-10,2021-22,PHX,MIL,1,0.6331493491917948,0.6305947417016826,0.6591064213356927,0.6591577075095568,0.6462321240101583
0022100837,2022-02-10,2021-22,GSW,NYK,0,0.693095341376678,0.7203763255991136,0.7316503470383636,0.7316844981482314,0.706643799444352
0022100838,2022-02-11,2021-22,DET,CHA,0,0.3471375303273242,0.3870878185655168,0.38739678575373243,0.3873623460659666,0.38667297362609204
0022100839,2022-02-11,2021-22,IND,CLE,0,0.32978144712886076,0.38085967238021756,0.3925426144689707,0.3925384268607069,0.34380677817449135
0022100840,2022-02-11,2021-22,PHI,OKC,1,0.8305223592389912,0.8344250184821002,0.8331324731940055,0.8331231594050464,0.8309363672448635
0022100841,2022-02-11,2021-22,ATL,SAS,0,0.6158675628539961,0.6453915524432218,0.6444382889737257,0.6444379671914572,0.6283622751637371
0022100842,2022-02-11,2021-22,BOS,DEN,1,0.6408459131093677,0.6708753249820016,0.668917587562203,0.668940271852209,0.6480412562600835
0022100843,2022-02-11,2021-22,CHI,MIN,1,0.5359162514155974,0.5603068645582809,0.49453853466179276,0.49451589125368284,0.47960056054504385
0022100844,2022-02-11,2021-22,UTA,ORL,1,0.8072384455064328,0.821265909880007,0.806070852265256,0.806094153781325,0.7631987564711248
0022100845,2022-02-12,2021-22,POR,NYK,1,0.41241615026334844,0.4114048877619412,0.4235915603682098,0.4235621151996678,0.4778928260348465
0022100846,2022-02-12,2021-22,CHA,MEM,0,0.27636447899749444,0.28432882677282306,0.2843240178531357,0.28432176463555464,0.2620776869461293
0022100847,2022-02-12,2021-22,WAS,SAC,0,0.5544665162332859,0.531462566553383,0.5336595599286549,0.5336859094347258,0.47342154405157266
0022100848,2022-02-12,2021-22,NOP,SAS,0,0.6383937583686904,0.6613216159038872,0.6600568231360625,0.6600779645900138,0.636489229410822
0022100849,2022-02-12,2021-22,PHI,CLE,1,0.6401745096994041,0.621254233713669,0.6195261656108414,0.6194844456164507,0.6155588483531399
0022100850,2022-02-12,2021-22,TOR,DEN,0,0.6436793606197718,0.687467253881163,0.6862708786801989,0.6862474285211113,0.7207102018667159
0022100851,2022-02-12,2021-22,MIA,BKN,1,0.8039567544452779,0.8039902671765187,0.8129977403108918,0.8129729542950634,0.8455108568205391
0022100852,2022-02-12,2021-22,CHI,OKC,1,0.7923729704523657,0.7323067437607488,0.6849744482204411,0.6849047295678847,0.7578867072687139
0022100853,2022-02-12,2021-22,DAL,LAC,0,0.7360883980973447,0.7448817167267319,0.7434737533923667,0.7435005394780824,0.7227217537917269
0022100854,2022-02-12,2021-22,GSW,LAL,1,0.7114214952472557,0.721094511597069,0.7220351108921944,0.7220795044015073,0.7054454580329119
0022100855,2022-02-12,2021-22,PHX,ORL,1,0.9170086011024546,0.9144779215464223,0.914271890620528,0.9142754372655412,0.8859680253868164
0022100856,2022-02-13,2021-22,BOS,ATL,1,0.7041373079332244,0.686654805144304,0.6993452965886524,0.6994031181585078,0.6239677612099509
0022100857,2022-02-13,2021-22,IND,MIN,0,0.3098697535256209,0.31930347011316895,0.2939207236899761,0.29393262276454085,0.25876249150917946
0022100858,2022-02-14,2021-22,WAS,DET,1,0.653532967992398,0.6670798461068191,0.6665868141565529,0.6666480569768825,0.6004502619941179
0022100859,2022-02-14,2021-22,BKN,SAC,1,0.488356854003969,0.350730310978488,0.357447436738139,0.3574890658162683,0.5117575795737501
0022100860,2022-02-14,2021-22,NYK,OKC,0,0.6960251896488165,0.7781309538726063,0.7755326134874327,0.7755340278551245,0.7239855117206695
0022100861,2022-02-14,2021-22,CHI,SAS,1,0.5124785349055428,0.5528027349615672,0.5586623842053974,0.5586861394466244,0.5414721359483824
0022100862,2022-02-14,2021-22,MIL,POR,0,0.7631110039845107,0.6825948222410482,0.6853638585540619,0.6853386490032479,0.6851340821421359
0022100863,2022-02-14,2021-22,NOP,TOR,1,0.3657498426773945,0.3728275635245421,0.3737689303017347,0.37377594893941357,0.350371165344655
0022100864,2022-02-14,2021-22,DEN,ORL,1,0.8044938119722507,0.8078721800403641,0.806968237056789,0.8069768475314256,0.7982095198522088
0022100865,2022-02-14,2021-22,UTA,HOU,1,0.8622135527087403,0.8577731714145777,0.8644933807580388,0.8644982028254501,0.8180981123506552
0022100866,2022-02-14,2021-22,LAC,GSW,1,0.36373366516422145,0.35326442769875577,0.3534166850022627,0.35335726188822975,0.3947778729435317
0022100867,2022-02-15,2021-22,ATL,CLE,1,0.5579693449502737,0.5764058228545561,0.5744468238114492,0.5743698960637995,0.6076728619378072
0022100868,2022-02-15,2021-22,MIA,DAL,0,0.588045112856758,0.5664794029379583,0.5669588303755665,0.5669314102267322,0.6669177859505745
0022100869,2022-02-15,2021-22,PHI,BOS,0,0.45438735429334853,0.5287652596682646,0.5264374262640354,0.526479775276589,0.5573280925440849
0022100870,2022-02-15,2021-22,MIL,IND,1,0.6835284899172487,0.7481954663565619,0.7677324101692076,0.7677115925456098,0.7713601663051245
0022100871,2022-02-15,2021-22,MIN,CHA,1,0.6678664321063041,0.6744982654986273,0.6738627650928792,0.6738577335500747,0.6646972017010961
0022100872,2022-02-15,2021-22,NOP,MEM,0,0.30986308302771054,0.35759789226991895,0.3610807233720112,0.36111395221788384,0.3163757107486105
0022100873,2022-02-15,2021-22,PHX,LAC,1,0.8070253625010032,0.8147757684606578,0.8149739385339739,0.814993620890162,0.7980212510609269
0022100874,2022-02-16,2021-22,ORL,ATL,0,0.34675410748152424,0.3358210135832107,0.32782042744466094,0.327831525785393,0.3250152204290194
0022100875,2022-02-16,2021-22,BOS,DET,0,0.8217677062424679,0.7953645114070039,0.7972595076272488,0.7972899375073506,0.8054693414865813
0022100876,2022-02-16,2021-22,IND,WAS,1,0.42912354254888757,0.4694348365395085,0.46921796680698175,0.46926470125688796,0.40802035671416526
0022100877,2022-02-16,2021-22,NYK,BKN,0,0.5109701842349573,0.49418982196560074,0.4948329843675298,0.49484761117616266,0.4608314013355958
0022100878,2022-02-16,2021-22,CHI,SAC,1,0.7035747676370183,0.6716422388958538,0.6728890025355847,0.6729351492096808,0.6366464854913613
0022100879,2022-02-16,2021-22,MEM,POR,0,0.7590588193744832,0.7481491747126863,0.7483150665349625,0.7483451627838676,0.7342068733061895
0022100880,2022-02-16,2021-22,MIN,TOR,0,0.4651743066339695,0.4824835211875538,0.540451060980602,0.540502330861974,0.47878322022902525
0022100881,2022-02-16,2021-22,OKC,SAS,0,0.33241319703831496,0.3111001375890129,0.31302312272869376,0.3130049863076793,0.2984096714378765
0022100882,2022-02-16,2021-22,PHX,HOU,1,0.8868262031984677,0.9090636285265067,0.9266663140330478,0.9266981513901397,0.8972479024030305
0022100883,2022-02-16,2021-22,GSW,DEN,0,0.5769720317295837,0.6027304171274296,0.6020250911663132,0.602026509003956,0.6143018759417066
0022100884,2022-02-16,2021-22,LAL,UTA,1,0.41121218692734723,0.3501579891019155,0.3760485983203371,0.3759797748251134,0.38943340250926756
0022100464,2022-02-17,2021-22,BKN,WAS,0,0.707129588798652,0.7147761061538601,0.713503403616709,0.7134745067986099,0.6929705449410155
0022100885,2022-02-17,2021-22,CHA,MIA,0,0.3417113366038084,0.38259892352031516,0.3475444035854553,0.3475499976046823,0.30477236856425344
0022100886,2022-02-17,2021-22,NOP,DAL,0,0.43076905113139724,0.4456723162803088,0.45468239964986457,0.45467258801283733,0.444497666025156
0022100887,2022-02-17,2021-22,MIL,PHI,0,0.5661554872019077,0.5726911958076691,0.5727241446280394,0.57265603840394,0.5574268385890582
0022100888,2022-02-17,2021-22,LAC,HOU,1,0.8422048007106774,0.8824594775262642,0.8816615314313211,0.8816589997077403,0.8556152693975033
0022100889,2022-02-24,2021-22,DET,CLE,1,0.2886922004264472,0.36743973989152284,0.36422384424628945,0.3642355558785974,0.34644100652187165
0022100890,2022-02-24,2021-22,BKN,BOS,0,0.32015017056048034,0.3501676846273884,0.34957856853743297,0.34951096523375047,0.33618150787853873
0022100891,2022-02-24,2021-22,CHI,ATL,1,0.5293768410399152,0.5230350602476808,0.5097300408327184,0.5097539431475228,0.5236610677026888
0022100892,2022-02-24,2021-22,MIN,MEM,1,0.4232746490606015,0.4324285152819433,0.4336282194674137,0.43360672062378364,0.43605256020566574
0022100893,2022-02-24,2021-22,OKC,PHX,0,0.16369304567352902,0.220816807047503,0.22038725380131458,0.2203664579165581,0.24070795341154458
0022100894,2022-02-24,2021-22,POR,GSW,0,0.3418185603993246,0.2840861796320813,0.2859608948712585,0.2859014014053991,0.3559228382772558
0022100895,2022-02-24,2021-22,SAC,DEN,0,0.34366708031899695,0.3608114373117678,0.3642588843333261,0.36419701104871716,0.4056237900477065
0022100896,2022-02-25,2021-22,CHA,TOR,1,0.378961746914415,0.43450317641360425,0.42430800357694753,0.4243567127621964,0.40472735358203443
0022100897,2022-02-25,2021-22,IND,OKC,0,0.6503172789971318,0.7211483299181398,0.7189877722301262,0.7190363825499483,0.7251500325498392
0022100898,2022-02-25,2021-22,ORL,HOU,1,0.63629065673306,0.6363763117377672,0.6280533247060757,0.6280318117652303,0.5460223670772082
0022100899,2022-02-25,2021-22,WAS,SAS,0,0.41692633810597324,0.4440156113129812,0.4508076737296422,0.4508692224643875,0.4149892978899417
0022100900,2022-02-25,2021-22,NYK,MIA,0,0.2951465022341192,0.29661732845432376,0.29927679035512395,0.2992306029915897,0.30698354972835806
0022100901,2022-02-25,2021-22,MIN,PHI,0,0.4378773730565066,0.4439641889584103,0.44006573001293164,0.4400260587110184,0.46224228005994844
0022100902,2022-02-25,2021-22,PHX,NOP,0,0.6774045790995692,0.6728548255435209,0.6768987842567757,0.6769054335978807,0.7042329425801173
0022100903,2022-02-25,2021-22,UTA,DAL,1,0.5643963997434941,0.5678835405204642,0.5677107443663609,0.5676898885490084,0.54912713158511
0022100904,2022-02-25,2021-22,LAL,LAC,0,0.5219589918650066,0.4326283781438744,0.4656967182110072,0.4656328968231984,0.5111191046983083
0022100905,2022-02-26,2021-22,DET,BOS,0,0.19019889821072777,0.1873947396067778,0.18652375386567144,0.1864969041219283,0.16576111162989787
0022100906,2022-02-26,2021-22,ATL,TOR,1,0.6748881303255767,0.6775197772585647,0.6772717509574603,0.6772533712194887,0.6366002768658579
0022100907,2022-02-26,2021-22,CLE,WAS,1,0.7496128381368931,0.7240755209771643,0.7261396728993504,0.7261329182114494,0.7276254697015851
0022100908,2022-02-26,2021-22,MIA,SAS,1,0.7054780307644197,0.8235918319213787,0.8186204811473681,0.8186925811721851,0.7738550154686069
0022100909,2022-02-26,2021-22,CHI,MEM,0,0.456952492413501,0.4758505165360275,0.4745961231089761,0.47457266864426767,0.468295560625126
0022100910,2022-02-26,2021-22,MIL,BKN,0,0.7217600500775208,0.711871179423669,0.7098475870385546,0.7098481656525765,0.6116707061252987
0022100911,2022-02-26,2021-22,DEN,SAC,1,0.7547985219712462,0.7509104815963664,0.7494517607262292,0.7494870368233393,0.7320062302287219
0022100912,2022-02-27,2021-22,NYK,PHI,0,0.32252538632290895,0.30784111793749114,0.3093432552341601,0.30934947151589476,0.2563326431724312
0022100913,2022-02-27,2021-22,PHX,UTA,0,0.5666693764372406,0.5551928004378631,0.5559645397506835,0.5560090800477389,0.4916229367249579
0022100914,2022-02-27,2021-22,IND,BOS,1,0.23922099612516162,0.2196268310455566,0.21752464827446605,0.21750420207540141,0.2793955339827267
0022100915,2022-02-27,2021-22,CHA,DET,0,0.7856220055123803,0.7851566879646369,0.7986964100347026,0.7987280329830678,0.7704649844759847
0022100916,2022-02-27,2021-22,HOU,LAC,0,0.25582739393227166,0.22924276608949745,0.23009076417583924,0.23006671259347286,0.25637263942570376
0022100917,2022-02-27,2021-22,GSW,DAL,0,0.5450628047650434,0.5143320804453936,0.5160830995233865,0.5160660960766751,0.52275667593505
0022100918,2022-02-27,2021-22,POR,DEN,0,0.3514826998841256,0.2878530196900652,0.29235462979465604,0.2923321175267937,0.3190554343629229
0022100919,2022-02-27,2021-22,LAL,NOP,0,0.49786986419134643,0.45571271383879014,0.4857879878252593,0.4857802676198271,0.5045723937542136
0022100726,2022-02-28,2021-22,BKN,TOR,0,0.508085304102971,0.464260610054371,0.46476955491762145,0.46473385245161863,0.5138227433372278
0022100920,2022-02-28,2021-22,CLE,MIN,0,0.5474442743278355,0.5461509235996892,0.5479524443303182,0.547981017241607,0.5105675269033562
0022100921,2022-02-28,2021-22,ORL,IND,1,0.48408668038032954,0.5662650345427394,0.5630298914588155,0.5630299307917077,0.5513745277547661
0022100922,2022-02-28,2021-22,MIA,CHI,1,0.656537628822888,0.6220374705555546,0.6228041641350485,0.6227808772898658,0.6320845122814835
0022100923,2022-02-28,2021-22,MEM,SAS,1,0.7214104341653765,0.6924016972950298,0.6921186701728834,0.6921154446134059,0.6754361553279153
0022100924,2022-02-28,2021-22,MIL,CHA,1,0.6742480366782218,0.6741987181125947,0.6742442637892836,0.6742578441921877,0.649994806091334
0022100925,2022-02-28,2021-22,OKC,SAC,0,0.4407855114744679,0.42182205346734986,0.4241750988203337,0.42423087008189003,0.4013086569552935
0022100926,2022-03-01,2021-22,WAS,DET,1,0.632915990184599,0.6626792509525191,0.6531821645946613,0.6532062680510454,0.6367260315512084
0022100927,2022-03-01,2021-22,BOS,ATL,1,0.6052297359503368,0.5854928778464669,0.5878579665343533,0.5879092983953306,0.6096321630509072
0022100928,2022-03-01,2021-22,TOR,BKN,1,0.7000387468622539,0.7063127381437107,0.7068009322120163,0.7068017733751317,0.6771219985655006
0022100929,2022-03-01,2021-22,HOU,LAC,0,0.2670602468461448,0.2636200263838092,0.2741719389388822,0.2741669532099765,0.24917910734338825
0022100930,2022-03-01,2021-22,MIN,GSW,1,0.4045009951662008,0.4304068295895667,0.42825045714387616,0.4282162664055303,0.47437210989351947
0022100931,2022-03-01,2021-22,LAL,DAL,0,0.31894572810933963,0.29264860116119606,0.3181721741765438,0.318160131607405,0.30923788929076207
0022100932,2022-03-02,2021-22,CLE,CHA,0,0.6219757287768356,0.6462380348603785,0.6475755763640058,0.6475873587315751,0.65104916700818
0022100933,2022-03-02,2021-22,ORL,IND,0,0.5012193038898424,0.5465108671598915,0.5722760243530519,0.5722684317549016,0.4964214164947775
0022100934,2022-03-02,2021-22,PHI,NYK,1,0.7968707431535555,0.8089991465481841,0.8073937746329112,0.8073744260244099,0.788780489974788
0022100935,2022-03-02,2021-22,HOU,UTA,0,0.11359712942253937,0.07107269095570203,0.07229686597245219,0.07228644718378172,0.07827447013427194
0022100936,2022-03-02,2021-22,MIL,MIA,1,0.4375966394992198,0.4413677520981244,0.44185611950931664,0.44186424638061156,0.4003624439301398
0022100937,2022-03-02,2021-22,NOP,SAC,1,0.6998811388168142,0.7187562294859335,0.7187882822986921,0.7188027684153055,0.7182975413617126
0022100938,2022-03-02,2021-22,DEN,OKC,0,0.8559544033482598,0.8897223245858433,0.8919053990017525,0.8919042377877558,0.8943100281908309
0022100939,2022-03-02,2021-22,PHX,POR,1,0.8589161829365037,0.8390210170196679,0.8404257002012506,0.8404047737757269,0.8451631541730403
0022100710,2022-03-03,2021-22,ATL,CHI,1,0.6089140125456406,0.5952375761848843,0.600857903659299,0.6008007098527828,0.6231730195408804
0022100940,2022-03-03,2021-22,BOS,MEM,1,0.5779425228415453,0.5674400563107633,0.5689125972216647,0.568846972971333,0.5595911579652169
0022100941,2022-03-03,2021-22,BKN,MIA,0,0.3626481151318609,0.5077222800297877,0.5033000817740635,0.503350911015851,0.541252693700849
0022100942,2022-03-03,2021-22,TOR,DET,0,0.7652114665945579,0.7622851585817259,0.7625946823041749,0.7626257315690945,0.7261546834461633
0022100943,2022-03-03,2021-22,DAL,GSW,1,0.6085771612361994,0.5739757155880146,0.5739260317968881,0.5738840132589121,0.5799358525225019
0022100944,2022-03-03,2021-22,SAS,SAC,0,0.7562389310358476,0.7484967767387568,0.7487791381597327,0.7487768398170082,0.7372265135329974
0022100945,2022-03-03,2021-22,LAC,LAL,1,0.6430983129539825,0.6766947107752705,0.6752498815138266,0.6752602535344907,0.6259283788041855
0022100458,2022-03-04,2021-22,TOR,ORL,0,0.6995483895278153,0.7904219500168103,0.7874557623545972,0.7875004947346259,0.7271389573708098
0022100946,2022-03-04,2021-22,DET,IND,1,0.42235221201820705,0.4220094738633415,0.45820991962755636,0.45818798199328664,0.4711937512930403
0022100947,2022-03-04,2021-22,PHI,CLE,1,0.6814594672333463,0.7053755301172597,0.7114154051004985,0.7113758627311745,0.7132687539815687
0022100948,2022-03-04,2021-22,WAS,ATL,0,0.394767870578886,0.3923489364164437,0.4061936482562895,0.4062119637313313,0.37767203017572715
0022100949,2022-03-04,2021-22,CHI,MIL,0,0.4762913354042412,0.5058410478053639,0.5038774801254362,0.503855033537179,0.47753458333786125
0022100950,2022-03-04,2021-22,NOP,UTA,1,0.4405192440437922,0.4660182416548798,0.470956671913094,0.4709378614203993,0.5262995839457026
0022100951,2022-03-04,2021-22,OKC,MIN,0,0.2437973794856308,0.24851022533379033,0.23844271097442066,0.23846904800367938,0.22545015820989855
0022100952,2022-03-04,2021-22,DEN,HOU,1,0.8791480445576275,0.8542594838261534,0.8264450783467997,0.826418172833381,0.8070217801015621
0022100953,2022-03-04,2021-22,PHX,NYK,1,0.7927011204005564,0.7949635987009359,0.7981625431467596,0.7982086698252797,0.7741286635433308
0022100954,2022-03-05,2021-22,DAL,SAC,1,0.8034094785969806,0.7715081603926339,0.7731027878368433,0.7731013992279899,0.7603739071396344
0022100955,2022-03-05,2021-22,CHA,SAS,1,0.5294655861195308,0.5198333893467462,0.5205419611260249,0.5205827870282164,0.5356665151429592
0022100956,2022-03-05,2021-22,MIA,PHI,1,0.5410567697235678,0.6237623611636779,0.6510114318280311,0.6510619383586769,0.6076616376141092
0022100957,2022-03-05,2021-22,MEM,ORL,1,0.8909546411543802,0.8878885008411711,0.8960018318410712,0.8960018534905189,0.8932757539766445
0022100958,2022-03-05,2021-22,MIN,POR,1,0.8100741462014978,0.8679481328912955,0.859993017739176,0.8599781551383319,0.8542311248210646
0022100959,2022-03-05,2021-22,LAL,GSW,1,0.34760876801212204,0.3399754526342949,0.3395880851923573,0.33958148399758903,0.34807954643416494
0022100960,2022-03-06,2021-22,BOS,BKN,1,0.7954752490522421,0.7791578804396977,0.7761148881169196,0.7761345236958673,0.7264548163145023
0022100961,2022-03-06,2021-22,MIL,PHX,1,0.45884816699840847,0.483613874447504,0.4803602755233959,0.4803306196555616,0.45975164284290254
0022100962,2022-03-06,2021-22,CLE,TOR,1,0.6152142924335882,0.6352753801900919,0.6333763074039583,0.6333901166098689,0.6123613254373623
0022100963,2022-03-06,2021-22,WAS,IND,1,0.5640262068766168,0.5941453774651761,0.6024733347114879,0.6024824840795774,0.6138225536357516
0022100964,2022-03-06,2021-22,HOU,MEM,1,0.2012757317774052,0.1909059634905955,0.19178045268766578,0.19176128604029347,0.17559652896729303
0022100965,2022-03-06,2021-22,OKC,UTA,0,0.2160645264011373,0.23339636951056825,0.23298162237214864,0.23301867986464517,0.2094914383639938
0022100966,2022-03-06,2021-22,LAC,NYK,0,0.7021277224355217,0.7115939327040025,0.7100826403105135,0.7100745924778262,0.7203387223083001
0022100967,2022-03-06,2021-22,DEN,NOP,1,0.4845780218331581,0.49072366808649803,0.4946792068932448,0.49470585070604356,0.4849293027052237
0022100528,2022-03-07,2021-22,DEN,GSW,1,0.49466418420058833,0.7722121955833258,0.7542738900629743,0.7542950521871332,0.6853812932494333
0022100968,2022-03-07,2021-22,DET,ATL,1,0.2862491177642233,0.29047261497325044,0.3108705134081402,0.3108616078717439,0.31080265565704857
0022100969,2022-03-07,2021-22,PHI,CHI,1,0.6220533685565681,0.6348000166228944,0.6697749328579964,0.6698005299518552,0.6968985654030934
0022100970,2022-03-07,2021-22,MIA,HOU,1,0.9059681704926467,0.9244700929666351,0.924101233062226,0.9241013639359582,0.9244476356448011
0022100971,2022-03-07,2021-22,MIN,POR,1,0.8506037494380159,0.8996048689944236,0.8957715219018328,0.8957288266757122,0.881816372420175
0022100972,2022-03-07,2021-22,DAL,UTA,1,0.6272893023862078,0.6430503221530821,0.6443276179306229,0.644262352554958,0.6454092989625
0022100973,2022-03-07,2021-22,SAS,LAL,1,0.5861111526660002,0.6458794428615323,0.6453054979602615,0.6452355172179244,0.6920022062333436
0022100974,2022-03-07,2021-22,SAC,NYK,0,0.5770649400370917,0.5744795816164541,0.5739063445341942,0.5738854482901083,0.5579250724143662
0022100975,2022-03-08,2021-22,CHA,BKN,0,0.588529602592646,0.5978999326206729,0.5975678573131408,0.5976594638943694,0.5565605624513333
0022100976,2022-03-08,2021-22,IND,CLE,0,0.3701638206202524,0.43688246952709453,0.4540656068278789,0.45408451123796634,0.41459141639429864
0022100977,2022-03-08,2021-22,ORL,PHX,0,0.19717389388633186,0.19753102655022906,0.19720995042408207,0.1971823213719253,0.23109917141837194
0022100978,2022-03-08,2021-22,MEM,NOP,1,0.5601221181572184,0.5857494221096843,0.5846982348908262,0.5847285096368323,0.606334198630458
0022100979,2022-03-08,2021-22,OKC,MIL,0,0.24318847707908067,0.23555558090965384,0.2357821875323908,0.2358201488442267,0.20817562564516326
0022100980,2022-03-08,2021-22,GSW,LAC,1,0.4662426054564202,0.48003808626547206,0.48258398100224736,0.482699552056138,0.5566163935546015
0022100981,2022-03-09,2021-22,CHA,BOS,0,0.26920722460535246,0.27439182122112654,0.2696332126415277,0.2696164106305027,0.2950088337714216
0022100982,2022-03-09,2021-22,DET,CHI,0,0.39429552610861374,0.3835033529558524,0.38581233438814627,0.3856965696018881,0.41665897992604767
0022100983,2022-03-09,2021-22,MIA,PHX,0,0.6340691388384538,0.5697435188286628,0.5712113022125012,0.5711471941337478,0.587397707085361
0022100984,2022-03-09,2021-22,MIL,ATL,1,0.5316015024008862,0.5501985412359992,0.5496421419477527,0.5496444144210019,0.504153421845637
0022100985,2022-03-09,2021-22,HOU,LAL,1,0.3250894003729484,0.3005985296609983,0.32140794129916345,0.32142502460134714,0.3715393379886938
0022100986,2022-03-09,2021-22,MIN,OKC,1,0.8920401162982183,0.8656386494049064,0.825281143269327,0.8252763904126642,0.8315453677985691
0022100987,2022-03-09,2021-22,NOP,ORL,0,0.8057671873084739,0.8339210997880421,0.8321894541618968,0.8321970980112477,0.8157333032685529
0022100988,2022-03-09,2021-22,DAL,NYK,0,0.7666143506087534,0.765590750148447,0.7644185463067272,0.7644593036012711,0.7322639410960314
0022100989,2022-03-09,2021-22,SAS,TOR,0,0.6056897109064021,0.5432500408099391,0.5438108741262331,0.5437400879796068,0.5973806520615088
0022100990,2022-03-09,2021-22,UTA,POR,1,0.9013612897654384,0.9147034494102196,0.9136062035951257,0.9135722259083491,0.8933862912439366
0022100991,2022-03-09,2021-22,SAC,DEN,0,0.28463037403165065,0.32099944300217326,0.34617932997105527,0.34620422503584497,0.26236633542827226
0022100992,2022-03-09,2021-22,LAC,WAS,1,0.5460277762904946,0.5586181902206317,0.5590571143735243,0.5590565937747792,0.55858091650128
0022100993,2022-03-10,2021-22,PHI,BKN,0,0.7319906595150322,0.7095591123341244,0.7105941529312724,0.7105990289745312,0.7031684584789453
0022100994,2022-03-10,2021-22,DEN,GSW,0,0.5151844717260691,0.512531265840767,0.4978985333336148,0.49789460185887374,0.5384986834472194
0022100995,2022-03-11,2021-22,ORL,MIN,1,0.3042211888366752,0.32045134586672863,0.3082186453073825,0.30822693216626906,0.2248757873972049
0022100996,2022-03-11,2021-22,ATL,LAC,1,0.6221260343793011,0.6260813553704192,0.625684903256172,0.6256794803651374,0.6395600360922163
0022100997,2022-03-11,2021-22,BOS,DET,1,0.8277169741606674,0.8463617276657355,0.846328420578018,0.8463809409024512,0.8089067666007634
0022100998,2022-03-11,2021-22,MIA,CLE,1,0.6297095812343815,0.6620152560422751,0.6617101848455883,0.6616748545194886,0.7213698286101451
0022100999,2022-03-11,2021-22,HOU,DAL,0,0.23920439700155052,0.31005974603488345,0.3105466562198721,0.310596148698338,0.24886424922707248
0022101000,2022-03-11,2021-22,MEM,NYK,1,0.6718345353457666,0.688499486120505,0.6826324805826499,0.6826556839840506,0.659445319102928
0022101001,2022-03-11,2021-22,NOP,CHA,0,0.6175194502157781,0.5613637865271088,0.5638729917191511,0.5638431332437666,0.5801938946342863
0022101002,2022-03-11,2021-22,SAS,UTA,1,0.43189817775541695,0.38012460496337436,0.3795341476615666,0.3795396321759746,0.3907922572978652
0022101003,2022-03-11,2021-22,PHX,TOR,0,0.7154018627299108,0.7082001292079002,0.7087843129464579,0.7088176565167535,0.6800477230766412
0022101004,2022-03-11,2021-22,LAL,WAS,1,0.542962130171494,0.515885586645167,0.5169769841947636,0.5169571566662386,0.5268438966488691
0022101005,2022-03-12,2021-22,MIA,MIN,0,0.6508782037438299,0.6643188469385172,0.6643273289324707,0.6642752758787028,0.7095217593778108
0022101006,2022-03-12,2021-22,CHI,CLE,1,0.6643964395129663,0.6294183766830586,0.6595399150618312,0.6594626691363606,0.7145886001478025
0022101007,2022-03-12,2021-22,SAS,IND,0,0.5882475478437131,0.5264599735686322,0.5209978254142265,0.5208755871342239,0.6264169611636786
0022101008,2022-03-12,2021-22,GSW,MIL,1,0.534465534339632,0.5353382160921404,0.5363585222823195,0.5363560085265582,0.5208283519466561
0022101009,2022-03-12,2021-22,DEN,TOR,0,0.6670736319462465,0.7072215566007463,0.6794680247849512,0.6794699774646945,0.6882680145769502
0022101010,2022-03-12,2021-22,UTA,SAC,1,0.7657530393065999,0.7189804579856244,0.6457552698510056,0.6457136391960091,0.6637236835891217
0022101011,2022-03-12,2021-22,POR,WAS,1,0.3527228584411332,0.3608748239773312,0.3624502038439792,0.36257132942752757,0.2994909889293199
0022101012,2022-03-13,2021-22,BKN,NYK,1,0.5648162886222288,0.5328438188302648,0.5403717938921125,0.5402925494530514,0.5252479600206473
0022101013,2022-03-13,2021-22,DET,LAC,0,0.41863245590972836,0.41619316703456605,0.4294463540780811,0.4294030177976261,0.4678598301935421
0022101014,2022-03-13,2021-22,BOS,DAL,0,0.6293447622932618,0.7191411811787483,0.7166967703943843,0.7167319653548411,0.7052855368702287
0022101015,2022-03-13,2021-22,ORL,PHI,0,0.2714848678622838,0.2568452123474271,0.2589257362037536,0.258950283028818,0.23709108966353667
0022101016,2022-03-13,2021-22,ATL,IND,1,0.7955978449439377,0.8160108312397462,0.8307438375886127,0.8307187725571383,0.861607944159428
0022101017,2022-03-13,2021-22,NOP,HOU,1,0.7254541090285771,0.7355486471495554,0.7651548572537349,0.7652201656366381,0.768582091599333
0022101018,2022-03-13,2021-22,OKC,MEM,0,0.1590626217245648,0.13668899879162993,0.13750664593713077,0.1375084252029164,0.1348135102266561
0022101019,2022-03-13,2021-22,PHX,LAL,1,0.7769594819731306,0.8008072525320928,0.8004130426840158,0.8004638288725882,0.7452099729864844
0022101020,2022-03-14,2021-22,CLE,LAC,1,0.617443069209238,0.6689688645584052,0.6689316891482803,0.6689717194189206,0.6317479022963471
0022101021,2022-03-14,2021-22,ATL,POR,1,0.8518738408818524,0.847447943536545,0.84638873050025,0.8463157101212208,0.8444163497840791
0022101022,2022-03-14,2021-22,PHI,DEN,0,0.5360916232682428,0.5608638083369126,0.5580282649935262,0.5579941526699386,0.5866159631941197
0022101023,2022-03-14,2021-22,OKC,CHA,0,0.20605279860697745,0.2082573898705836,0.2087181120298435,0.2087419296494335,0.196310443755557
0022101024,2022-03-14,2021-22,SAS,MIN,0,0.41733769824498423,0.349828486250876,0.35123782972614886,0.3512210546936004,0.3966365918925835
0022101025,2022-03-14,2021-22,GSW,WAS,1,0.778695370352698,0.7736970110700893,0.7745374447768325,0.7745053759891539,0.8371580649405246
0022101026,2022-03-14,2021-22,SAC,CHI,1,0.3459449896284851,0.3167223401469117,0.31773959048700606,0.3177002826583591,0.3274320203457169
0022101027,2022-03-14,2021-22,UTA,MIL,0,0.537212943656374,0.5098911070673497,0.5278142537688293,0.5278027796207828,0.4367621455840271
0022101028,2022-03-14,2021-22,LAL,TOR,0,0.36601602122940713,0.34035978449061693,0.34030884136764183,0.3402906603602781,0.3331949132389829
0022101029,2022-03-15,2021-22,IND,MEM,0,0.26939038082032046,0.2945883637028409,0.3033706240948373,0.30341434047219673,0.24139215417408955
0022101030,2022-03-15,2021-22,ORL,BKN,0,0.3692555441118703,0.3045217166887838,0.30732889545493663,0.3073598912584951,0.23972509135686768
0022101031,2022-03-15,2021-22,MIA,DET,1,0.7794698458397693,0.802860272405909,0.8030896026644421,0.8031539888608582,0.8065647092481677
0022101032,2022-03-15,2021-22,NOP,PHX,0,0.33731783448143654,0.3530288552333321,0.353648353367322,0.35363390249159354,0.3458469825074714
0022101033,2022-03-16,2021-22,CHA,ATL,1,0.48421193975821003,0.4647849049485643,0.46568597053342775,0.46572372810119733,0.418256102724404
0022101034,2022-03-16,2021-22,CLE,PHI,0,0.4415433141515996,0.463477765221172,0.4648599227178801,0.4649089909822035,0.4236092397231255
0022101035,2022-03-16,2021-22,WAS,DEN,0,0.33087676056884663,0.35259839174337343,0.3426644048585486,0.3426522333192605,0.3423307582796229
0022101036,2022-03-16,2021-22,BKN,DAL,0,0.4600049030853634,0.37466651671220275,0.37542649911920295,0.37536349613554093,0.41090935895716146
0022101037,2022-03-16,2021-22,NYK,POR,1,0.8092964699937956,0.7934213026458321,0.7927111204229857,0.7926810939954194,0.798682521794802
0022101038,2022-03-16,2021-22,HOU,PHX,0,0.16552001102872257,0.17099716650964805,0.1780419266609211,0.17805119815386103,0.19685698186098108
0022101039,2022-03-16,2021-22,MIN,LAL,1,0.7421819269596834,0.707762348275995,0.6863983181722977,0.6863872806651399,0.7132894061538351
0022101040,2022-03-16,2021-22,SAS,OKC,1,0.7776471395262045,0.8033917319879094,0.8019153549428344,0.8018868641048857,0.7895273407081924
0022101041,2022-03-16,2021-22,UTA,CHI,1,0.585254432837187,0.6007411013080233,0.6019121969973434,0.6019214255941264,0.5986491555733029
0022101042,2022-03-16,2021-22,GSW,BOS,0,0.5166442921892019,0.5048058805015208,0.5053355578245182,0.5052783106949972,0.524431633161907
0022101043,2022-03-16,2021-22,SAC,MIL,0,0.28873478627935784,0.2975609179502796,0.29742364758906964,0.29740413660721504,0.27218353470506196
0022101044,2022-03-16,2021-22,LAC,TOR,0,0.41827741983125255,0.4201242131128574,0.4211737742851113,0.4211888841506462,0.4393324750534674
0022101045,2022-03-17,2021-22,ORL,DET,0,0.47937881509772406,0.4136882209659815,0.4171577571736522,0.41719611720643884,0.44500059716572166
0022101046,2022-03-18,2021-22,PHI,DAL,1,0.5335257206248873,0.5305838808533404,0.5571807009628795,0.5571454887561285,0.555263843065148
0022101047,2022-03-18,2021-22,ATL,MEM,1,0.4194637498864556,0.430064223592285,0.43118474715139865,0.4310876890719659,0.48014504166151656
0022101048,2022-03-18,2021-22,BKN,POR,1,0.8160334218231373,0.8533006385707969,0.8519809601563376,0.8519368748267997,0.8404995591752624
0022101049,2022-03-18,2021-22,CLE,DEN,1,0.46885718751591166,0.45901697928335866,0.45957867464023455,0.4595737613190745,0.4342943334904858
0022101050,2022-03-18,2021-22,NYK,WAS,1,0.7039455632940853,0.6778862396201658,0.6786678321674278,0.6786807194547487,0.6438592049684714
0022101051,2022-03-18,2021-22,TOR,LAL,0,0.7354128425425346,0.7872364929645058,0.7844789773650146,0.7845434458854132,0.7146197617045035
0022101052,2022-03-18,2021-22,MIA,OKC,1,0.8843453425693601,0.8570155440820747,0.8513500035120111,0.8513160503145671,0.8601200973432095
0022101053,2022-03-18,2021-22,HOU,IND,0,0.4022803146265862,0.4420048347798731,0.4619692186834514,0.4620084154340378,0.39988635771198866
0022101054,2022-03-18,2021-22,SAS,NOP,0,0.4917902636998571,0.48653099777139364,0.4858480968901231,0.4858111927153074,0.5047455202837562
0022101055,2022-03-18,2021-22,UTA,LAC,1,0.6765269546758367,0.6267316570276544,0.6147783866025122,0.6147332080354214,0.6318586148666068
0022101056,2022-03-18,2021-22,PHX,CHI,1,0.7255335077840899,0.7072578748470622,0.7153767586537436,0.7154299711778608,0.6864019330962122
0022101057,2022-03-18,2021-22,SAC,BOS,0,0.22048645154340896,0.18136013331145479,0.1822514864631208,0.18218783920846968,0.2072150561858961
0022101058,2022-03-19,2021-22,MIN,MIL,1,0.49025011980589384,0.5292708902211516,0.5299880879603881,0.5299996997972701,0.5163631549858294
0022101059,2022-03-19,2021-22,CHA,DAL,1,0.56003480207522,0.5420871422873312,0.5418252160468343,0.541883548416967,0.49208232659281165
0022101060,2022-03-19,2021-22,CLE,DET,1,0.6734863317008566,0.6831192480208259,0.6827278444202066,0.6827981754761344,0.6108016673346174
0022101061,2022-03-19,2021-22,WAS,LAL,1,0.4919249167877338,0.5114155645095346,0.4645389991234049,0.464503481623457,0.5253008382591966
0022101062,2022-03-20,2021-22,IND,POR,1,0.6619985403207174,0.6755512023507177,0.6760292425417231,0.6759975396915614,0.7048190249933038
0022101063,2022-03-20,2021-22,HOU,MEM,0,0.17023036423726437,0.1745648234634492,0.17394922001456575,0.17397714493107794,0.1349493473189666
0022101064,2022-03-20,2021-22,ATL,NOP,0,0.6262076422405982,0.6385982814715906,0.6286846960770115,0.6286878016643156,0.647406362514546
0022101065,2022-03-20,2021-22,ORL,OKC,1,0.5924675574921355,0.6240223734639967,0.6741849557483591,0.6741941270017656,0.6812982159002354
0022101066,2022-03-20,2021-22,SAC,PHX,0,0.18379524312803527,0.24188070273781676,0.23816363479495245,0.23815570002582764,0.2221325113765422
0022101067,2022-03-20,2021-22,NYK,UTA,0,0.3949313834386552,0.43848685276113847,0.43699967766247233,0.4370566683409999,0.33329078030801323
0022101068,2022-03-20,2021-22,DEN,BOS,0,0.40087783906678365,0.3971821510013974,0.3960436166996571,0.396051251859874,0.386174459720797
0022101069,2022-03-20,2021-22,PHI,TOR,0,0.5820210076035794,0.6583343976134975,0.6556825233264536,0.6556834503378576,0.658644137435934
0022101070,2022-03-20,2021-22,GSW,SAS,0,0.7860776875170035,0.7313018121893848,0.7316317688510909,0.7315986650712988,0.78209656491746
0022101071,2022-03-21,2021-22,CHA,NOP,1,0.6221151395726651,0.6318135754108569,0.6395135136808642,0.6394981637201906,0.6501788869729179
0022101072,2022-03-21,2021-22,CLE,LAL,0,0.665849101230361,0.6970844485700208,0.6980625857080328,0.6981071380997498,0.6189613166183333
0022101073,2022-03-21,2021-22,DET,POR,0,0.8067745605570412,0.7676048528334086,0.7679148532660994,0.7677884653934112,0.7574841858511829
0022101074,2022-03-21,2021-22,PHI,MIA,1,0.4994067709061476,0.38916811792857714,0.3901310379838066,0.3901097487998049,0.3216444545781936
0022101075,2022-03-21,2021-22,BKN,UTA,1,0.4934533898848931,0.45132547867496314,0.4520685008983044,0.4520105795943558,0.4834169085526497
0022101076,2022-03-21,2021-22,CHI,TOR,1,0.5672539589474289,0.6350429719921826,0.6322243506419281,0.6322244619523169,0.5822924687020506
0022101077,2022-03-21,2021-22,HOU,WAS,1,0.3091544471683541,0.36581479735202455,0.36479652985523364,0.3647936878834293,0.353738996507833
0022101078,2022-03-21,2021-22,OKC,BOS,0,0.1011953936918556,0.12669424117743275,0.12930385118637353,0.12933714418037537,0.0975262173035041
0022101079,2022-03-21,2021-22,DAL,MIN,1,0.5192465081596678,0.5446313144242374,0.5433607321869567,0.5433254837308643,0.5478566017809937
0022101080,2022-03-22,2021-22,ORL,GSW,1,0.22940287845041832,0.24024963695524104,0.24000280778558483,0.24000241939202294,0.2636061418096637
0022101081,2022-03-22,2021-22,NYK,ATL,0,0.4351743155321427,0.38022069138047415,0.3832426202105693,0.383245301368361,0.4037250851247731
0022101082,2022-03-22,2021-22,MIL,CHI,1,0.6972419894426071,0.6873205182321215,0.682808261615243,0.6827815587919838,0.6920354921792434
0022101083,2022-03-22,2021-22,DEN,LAC,1,0.6412105243206615,0.6541187969033898,0.6554983852695394,0.6555075607139232,0.6627760749738484
0022101084,2022-03-23,2021-22,CHA,NYK,0,0.710250214278589,0.7216392394276535,0.7205020282006285,0.7205201491791511,0.6959705727666448
0022101085,2022-03-23,2021-22,DET,ATL,1,0.3189180976019713,0.33226290975559525,0.3196076086085992,0.3195836296778346,0.4246750635176843
0022101086,2022-03-23,2021-22,IND,SAC,0,0.5727799354422749,0.6073618138250413,0.5660243274538124,0.5660712706206227,0.5104799019548796
0022101087,2022-03-23,2021-22,BOS,UTA,1,0.6150190063663656,0.6371957657889226,0.6371824709247461,0.6372060153940279,0.6386204331142167
0022101088,2022-03-23,2021-22,MIA,GSW,0,0.7233588195452545,0.7757558531469969,0.7730604096143638,0.7730444989153404,0.785648365228342
0022101089,2022-03-23,2021-22,MEM,BKN,1,0.6630933052024188,0.7720386732835985,0.7690153704035918,0.7690620762010325,0.6782204812123783
0022101090,2022-03-23,2021-22,MIN,PHX,0,0.44678237371286217,0.43781084101337775,0.4384776234516032,0.4384471837721752,0.41995110657376655
0022101091,2022-03-23,2021-22,OKC,ORL,1,0.541094066703605,0.5460588605464068,0.5471722772973715,0.5472039971778621,0.5536347400993082
0022101092,2022-03-23,2021-22,DAL,HOU,1,0.8327040696189921,0.797823747014993,0.7991208213053903,0.799105119485836,0.8033973673564113
0022101093,2022-03-23,2021-22,LAL,PHI,0,0.4239677316460198,0.34981932511382535,0.3535558258361957,0.3534943939179414,0.2677160720811001
0022101094,2022-03-23,2021-22,POR,SAS,0,0.3383888784563416,0.3382758251051404,0.3394380814604335,0.3394708122269356,0.31640743475152
0022101095,2022-03-24,2021-22,TOR,CLE,1,0.5916036350771355,0.628466936249189,0.627496001125782,0.6274706475130695,0.6541317306555543
0022101096,2022-03-24,2021-22,MEM,IND,1,0.863202276663619,0.8720944388260181,0.8550568834459986,0.8550084573199895,0.8730787167098121
0022101097,2022-03-24,2021-22,MIL,WAS,1,0.8033753407231592,0.7567095526642492,0.7585937832306111,0.7585792451795554,0.7603825328522159
0022101098,2022-03-24,2021-22,NOP,CHI,1,0.5766330374994727,0.5988185205240044,0.5988181621915851,0.5989151393496464,0.5091062663529856
0022101099,2022-03-24,2021-22,DEN,PHX,0,0.47728244275766796,0.43153508954559594,0.43264344893235734,0.43263273047907946,0.3886223044839203
0022101100,2022-03-25,2021-22,CHA,UTA,1,0.45240530517335686,0.4413159487936723,0.44621293190310873,0.44625867319187235,0.40258225961391847
0022101101,2022-03-25,2021-22,DET,WAS,0,0.6597423579275742,0.6875994253351249,0.6870328184938764,0.687024071896931,0.6572987042845551
0022101102,2022-03-25,2021-22,ATL,GSW,1,0.5191248517881242,0.5342691472332989,0.5324533481004428,0.5323824809880925,0.5746209807760677
0022101103,2022-03-25,2021-22,MIA,NYK,0,0.6409178736401324,0.5761089915442292,0.6535748098706724,0.6535386026772141,0.6882806501849862
0022101104,2022-03-25,2021-22,MIN,DAL,1,0.5617010470500106,0.5538250993652682,0.5543899590187016,0.5544074759242307,0.5170185084397574
0022101105,2022-03-25,2021-22,POR,HOU,0,0.42685062805250074,0.315068845684284,0.3193022989720058,0.3193726558145323,0.2895759566665792
0022101106,2022-03-25,2021-22,LAC,PHI,0,0.36723899551678435,0.3550609718984635,0.3565632114538721,0.35654971234085475,0.3891195280883174
0022101107,2022-03-26,2021-22,NOP,SAS,0,0.6482178554523768,0.6392109417101909,0.6406521728171313,0.6407290314553267,0.5693821388392968
0022101108,2022-03-26,2021-22,ORL,SAC,0,0.39344812612148883,0.3776727827924241,0.3804043225925285,0.38046184365363855,0.43031875693660715
0022101109,2022-03-26,2021-22,TOR,IND,1,0.7826571850463295,0.8017088631306415,0.7993674998496113,0.7993697223868845,0.7771473116953797
0022101110,2022-03-26,2021-22,CLE,CHI,0,0.5560519123964068,0.5557336787316497,0.5547388157578179,0.5547638450487106,0.5075138435215069
0022101111,2022-03-26,2021-22,MIA,BKN,0,0.5258436874716159,0.4707206754976758,0.4733960739795551,0.4734630553427741,0.44067509431634433
0022101112,2022-03-26,2021-22,MEM,MIL,1,0.6457482733492218,0.6934390589654057,0.6763793381335078,0.6764232762380644,0.6137863785962716
0022101113,2022-03-26,2021-22,DEN,OKC,1,0.8575447963227133,0.8528975365821075,0.8648025716668956,0.8647812932857942,0.8773861327425869
0022101114,2022-03-26,2021-22,POR,HOU,0,0.3621287389108989,0.40802863813835305,0.40919584935931747,0.4092997368399513,0.3406914479196093
0022101115,2022-03-27,2021-22,DET,NYK,0,0.36722303086480074,0.3405919779469581,0.3408392816967722,0.3408220402842112,0.3565452931570994
0022101116,2022-03-27,2021-22,BOS,MIN,1,0.6913558901549012,0.6835181784395095,0.6811024173122117,0.6810939273583508,0.6714267910269681
0022101117,2022-03-27,2021-22,WAS,GSW,1,0.3205627912740905,0.34438181984924693,0.34321581458006345,0.3431767305508837,0.35759192449706373
0022101118,2022-03-27,2021-22,PHX,PHI,1,0.7190644101450016,0.6876923953982049,0.6878185902752397,0.6878183679780797,0.6866563220728852
0022101119,2022-03-27,2021-22,NOP,LAL,1,0.6109964174665109,0.5941422543896262,0.6094347487902793,0.609408311290212,0.6326392191252309
0022101120,2022-03-27,2021-22,BKN,CHA,0,0.5652094485900907,0.6264724738110996,0.6223078180138515,0.6222422201103684,0.658702155358773
0022101121,2022-03-27,2021-22,DAL,UTA,1,0.5019678535070415,0.49772581327959414,0.4976903886088092,0.497699954686144,0.5799755318922215
0022101122,2022-03-28,2021-22,CHA,DEN,0,0.4679770987153073,0.48321113406648847,0.4897910488938196,0.4898240237567199,0.4630284914367955
0022101123,2022-03-28,2021-22,CLE,ORL,1,0.7657745454580682,0.7766491405607808,0.7762727058342322,0.7762661696534805,0.7865488655502575
0022101124,2022-03-28,2021-22,IND,ATL,0,0.28863009021322744,0.3135358841666862,0.34565489820131645,0.3457194177657,0.29694317230982165
0022101125,2022-03-28,2021-22,MIA,SAC,1,0.7613825202759773,0.7401194925129216,0.7412560389433164,0.7412334034819223,0.7862378511244813
0022101126,2022-03-28,2021-22,NYK,CHI,1,0.5138719051036557,0.5227584167865302,0.522901315872359,0.5229304653093029,0.4971127178485431
0022101127,2022-03-28,2021-22,TOR,BOS,1,0.45469752011175507,0.5982943063055614,0.5916663832561582,0.5917020816669198,0.5989733247904858
0022101128,2022-03-28,2021-22,HOU,SAS,0,0.3287251694096036,0.26045350952700097,0.26351912281447104,0.263495564800589,0.278584378103518
0022101129,2022-03-28,2021-22,MEM,GSW,1,0.7880032005763492,0.8795209678784872,0.8728962109145405,0.8728811032255203,0.8314438084879251
0022101130,2022-03-28,2021-22,POR,OKC,0,0.391782450364024,0.400095130834631,0.44657790161558303,0.44661427557454664,0.44120637916191263
0022101131,2022-03-29,2021-22,PHI,MIL,0,0.5852803207778257,0.5721849532359992,0.5713084446457997,0.5712931607544809,0.5283979214058886
0022101132,2022-03-29,2021-22,WAS,CHI,0,0.48462931055429265,0.4812619082767612,0.48622443084869765,0.4862436382215658,0.4620763436389312
0022101133,2022-03-29,2021-22,BKN,DET,1,0.7874757820987879,0.803857449473546,0.8019879127023214,0.8019629822032174,0.8183615753081331
0022101134,2022-03-29,2021-22,DAL,LAL,1,0.7135160162872287,0.7970406011109089,0.7948698675654713,0.794885182004549,0.7566382304054166
0022101135,2022-03-29,2021-22,LAC,UTA,1,0.43838847630154054,0.460246204438567,0.45438684907033444,0.4543501689626364,0.4984479614883155
0022101136,2022-03-30,2021-22,CLE,DAL,0,0.5020506329854396,0.4163599439048243,0.4195237859365376,0.41954879083678653,0.4078612714572596
0022101137,2022-03-30,2021-22,IND,DEN,0,0.2798677233312119,0.2901832986170037,0.2767522194790599,0.276770785212445,0.24523779566416187
0022101138,2022-03-30,2021-22,WAS,ORL,1,0.6137759765717625,0.702480681955727,0.6985364870023866,0.6985322431820967,0.6412287625405269
0022101139,2022-03-30,2021-22,BOS,MIA,0,0.6609701251859997,0.6779951161525023,0.6792853049259079,0.6793225513252134,0.6897563486587661
0022101140,2022-03-30,2021-22,NYK,CHA,0,0.5370136944870708,0.5457503485023751,0.5451492055622271,0.5451432985614099,0.5370247369856328
0022101141,2022-03-30,2021-22,TOR,MIN,1,0.5811762920411713,0.5820562153069108,0.5804956669088538,0.5804588222812952,0.5657596975300431
0022101142,2022-03-30,2021-22,HOU,SAC,0,0.43937440519393617,0.4049604662513377,0.4075218813910992,0.40754490789162556,0.3794017025796674
0022101143,2022-03-30,2021-22,OKC,ATL,0,0.20522439649346583,0.21149642989531514,0.21207203955846426,0.21211434202772786,0.17723426536590214
0022101144,2022-03-30,2021-22,SAS,MEM,0,0.25278419392271795,0.2578622685570392,0.2580176303650499,0.2580341541204956,0.23489896164095447
0022101145,2022-03-30,2021-22,GSW,PHX,0,0.2474939563606093,0.23075990328735901,0.23377604778740008,0.23380972853813356,0.24704484652381564
0022101146,2022-03-30,2021-22,POR,NOP,0,0.1272668809566554,0.1429056532755443,0.13391271125274065,0.1339386363128026,0.11941428295182806
0022100452,2022-03-31,2021-22,ATL,CLE,1,0.6689267314939669,0.6732000848539056,0.6727990273952557,0.6727686276383331,0.7125654203801176
0022101147,2022-03-31,2021-22,DET,PHI,1,0.26012429647981516,0.23848054581505262,0.25935712441537706,0.25935941439590515,0.23505465681832488
0022101148,2022-03-31,2021-22,BKN,MIL,0,0.48961718071349025,0.5056580366352823,0.5046655980068154,0.5046450614046988,0.4761208637591741
0022101149,2022-03-31,2021-22,CHI,LAC,1,0.5509807591352409,0.5644066245051232,0.5413519591703189,0.5413776133823989,0.5738385668326648
0022101150,2022-03-31,2021-22,UTA,LAL,1,0.7449006631431175,0.7509145563225057,0.7428882145978036,0.7428696238551894,0.7172057748594683
0022101151,2022-04-01,2021-22,ORL,TOR,0,0.1766623275151667,0.15841483054756694,0.159482114124002,0.15950261496961693,0.1207946319076395
0022101152,2022-04-01,2021-22,WAS,DAL,1,0.2860980617379899,0.29672092108173387,0.29678753534904995,0.2967848116497161,0.30571274676106414
0022101153,2022-04-01,2021-22,BOS,IND,1,0.886583646198984,0.8880330725917164,0.8873348893740751,0.8873413639941367,0.8983628657761781
0022101154,2022-04-01,2021-22,HOU,SAC,0,0.4256151091538627,0.4111377143399596,0.4131838611137597,0.41322407315934895,0.37560652326246696
0022101155,2022-04-01,2021-22,MEM,PHX,1,0.4922495279000931,0.3582726595578973,0.36366520655681356,0.3635400895489867,0.4010428650320434
0022101156,2022-04-01,2021-22,MIL,LAC,0,0.7578669675329985,0.7085172492012006,0.7095615210740973,0.7095842255646326,0.6317993526841931
0022101157,2022-04-01,2021-22,OKC,DET,0,0.42293342552519253,0.542024806007747,0.541023551440673,0.541089341424905,0.4979625898209371
0022101158,2022-04-01,2021-22,SAS,POR,1,0.8487466353297342,0.8605868782388196,0.8594735254230417,0.8594472991566983,0.8449268479992639
0022101159,2022-04-01,2021-22,DEN,MIN,0,0.5563807076757911,0.557142634282961,0.5530833428673252,0.553078688642626,0.5499973827682724
0022101160,2022-04-01,2021-22,LAL,NOP,0,0.308801565737906,0.3608126094442944,0.35924360805137767,0.35915726171475437,0.4788641030690163
0022101161,2022-04-02,2021-22,PHI,CHA,1,0.5981881436239544,0.5839223636228046,0.583729563452197,0.5837112065563523,0.574190807121807
0022101162,2022-04-02,2021-22,NYK,CLE,0,0.6636787164317054,0.6207623558142782,0.6211902931640632,0.621120608455198,0.6853122388750665
0022101163,2022-04-02,2021-22,ATL,BKN,1,0.5158949677746044,0.6063197260358106,0.604698330789763,0.604827806133744,0.5420016416455518
0022101164,2022-04-02,2021-22,CHI,MIA,0,0.4312851148044047,0.4580849065653175,0.451907976447363,0.45187140747041804,0.4241695479085509
0022101165,2022-04-02,2021-22,GSW,UTA,1,0.523195573161575,0.5052895389150497,0.5051934904182221,0.5052087200202263,0.4776245013150765
0022101166,2022-04-03,2021-22,BOS,WAS,1,0.8267971745535695,0.8310328714328475,0.8306292864916829,0.8306430370579285,0.7912693717822034
0022101167,2022-04-03,2021-22,MIL,DAL,0,0.4093164889075328,0.5005202231163901,0.518051222302835,0.5181023464360653,0.7085053740508688
0022101168,2022-04-03,2021-22,LAL,DEN,0,0.4251699141590042,0.41321674757842647,0.41132672769456585,0.41129890970570765,0.36846377868347313
0022101169,2022-04-03,2021-22,IND,DET,0,0.5457124533234405,0.6123567949740999,0.6453729339824756,0.6454323572752381,0.5243151438511384
0022101170,2022-04-03,2021-22,CLE,PHI,0,0.38598928444454683,0.3851605428747304,0.3591611905186891,0.3591973632541238,0.3305180180033812
0022101171,2022-04-03,2021-22,ORL,NYK,0,0.3488041287074793,0.3179463161468688,0.32286968755321316,0.3228489506785673,0.36264592047178396
0022101172,2022-04-03,2021-22,TOR,MIA,0,0.6481431492504764,0.714370137772111,0.7117916916897894,0.7118332856103574,0.7280259142385733
0022101173,2022-04-03,2021-22,HOU,MIN,0,0.1805846464674068,0.2003387392143108,0.21956639802195063,0.21958843234943515,0.19545396333625936
0022101174,2022-04-03,2021-22,OKC,PHX,1,0.08989626207686975,0.11300339145895456,0.11249138335231476,0.11255599244276329,0.0836215324963206
0022101175,2022-04-03,2021-22,SAS,POR,1,0.8388510887267492,0.8604041515568107,0.8271687114094671,0.8271283175479754,0.8414230730087593
0022101176,2022-04-03,2021-22,SAC,GSW,0,0.39293113460383716,0.46268614351378196,0.45958061083526547,0.4596570305439165,0.43109790153817207
0022101177,2022-04-03,2021-22,LAC,NOP,1,0.47467158049159686,0.4792663447870442,0.4789318402931192,0.4789194471378217,0.5497082940606687
0022101178,2022-04-05,2021-22,IND,PHI,0,0.2251295284826946,0.23532938274546672,0.2113526291065543,0.21135438209965454,0.19511409360054927
0022101179,2022-04-05,2021-22,ORL,CLE,1,0.28020969052061223,0.29586065038039605,0.2956750008934061,0.2956326965359384,0.3189840907967264
0022101180,2022-04-05,2021-22,BKN,HOU,1,0.8496660164636916,0.8553401163616849,0.8538186016799716,0.853774139276598,0.875280761419799
0022101181,2022-04-05,2021-22,MIA,CHA,1,0.5571273310187339,0.5559355883405703,0.5587886239439832,0.5587865468467408,0.6706677907753581
0022101182,2022-04-05,2021-22,TOR,ATL,1,0.5505119498101275,0.6202623864567486,0.6186988525000104,0.6187308635252307,0.5674588506229523
0022101183,2022-04-05,2021-22,CHI,MIL,0,0.3922902140054667,0.34883394923197997,0.3517438977877649,0.35174871762297594,0.42142267949641865
0022101184,2022-04-05,2021-22,MIN,WAS,0,0.7175800002170392,0.7268544766068307,0.7092092003190646,0.7092366430666166,0.6777846614634498
0022101185,2022-04-05,2021-22,OKC,POR,1,0.7127026801701897,0.7361720811723255,0.753558615436235,0.7535772396855361,0.7624463917125973
0022101186,2022-04-05,2021-22,DEN,SAS,0,0.7128807025613556,0.733357298636694,0.7343697311806897,0.734370984485281,0.7068861242731828
0022101187,2022-04-05,2021-22,UTA,MEM,1,0.42150625417457455,0.4620866181832324,0.45924116922481945,0.45924800139237043,0.3954903435277344
0022101188,2022-04-05,2021-22,SAC,NOP,0,0.3232034400659328,0.33724152907538385,0.3703971814601542,0.37042087930317025,0.3437979003106044
0022101189,2022-04-05,2021-22,PHX,LAL,1,0.8005334993597023,0.8041454386799403,0.8046749781213337,0.8047009839091529,0.8148951095680499
0022101190,2022-04-06,2021-22,DET,DAL,0,0.3015194907442088,0.24276268003348575,0.24610973641495892,0.24610605250882495,0.2771319976261888
0022101191,2022-04-06,2021-22,NYK,BKN,0,0.5640068525085407,0.522209202528437,0.5261014901564843,0.5260440841458678,0.5390433634446882
0022101192,2022-04-06,2021-22,ATL,WAS,1,0.6968888627454113,0.6793726819766343,0.7025914493840912,0.7025598782381746,0.7229085790686837
0022101193,2022-04-06,2021-22,CHI,BOS,0,0.23098892944538102,0.20268123758563392,0.20281941778130702,0.2027732113534769,0.2472027254744074
0022101194,2022-04-06,2021-22,UTA,OKC,1,0.8524913802817675,0.801431144324347,0.8036398798434303,0.80352924610198,0.8195453307718833
0022101195,2022-04-06,2021-22,LAC,PHX,1,0.45863516222194495,0.6122479527626201,0.5801313150753938,0.580204209667235,0.5268064725866856
0022101196,2022-04-07,2021-22,CHA,ORL,1,0.7793971258657295,0.7927904309376985,0.7926666409633653,0.7927067370470284,0.777966111385806
0022101197,2022-04-07,2021-22,TOR,PHI,1,0.5011842977634682,0.46634732247158056,0.46909325681481395,0.46910284639920846,0.4558844633941784
0022101198,2022-04-07,2021-22,MIL,BOS,1,0.4909656659633503,0.6265871604886062,0.6200939659799241,0.6200349174839634,0.7006080945204557
0022101199,2022-04-07,2021-22,MIN,SAS,1,0.5999755516540312,0.6220262690466349,0.6154529804758787,0.6154615030957918,0.6281832022510792
0022101200,2022-04-07,2021-22,NOP,POR,1,0.8902299412380903,0.8744683484970912,0.8748862300197452,0.8748580684425881,0.8808397093265594
0022101201,2022-04-07,2021-22,DEN,MEM,1,0.35183928991208097,0.36139184490828424,0.35897521233388846,0.35898484645184614,0.35921744441835274
0022101202,2022-04-07,2021-22,GSW,LAL,1,0.7102876668114938,0.8174015084140613,0.8220913510421272,0.8221692332536463,0.759495835623428
0022101203,2022-04-08,2021-22,DET,MIL,0,0.2597614925052606,0.24503116611989087,0.21103995920718083,0.21106561501886167,0.3076882152775974
0022101204,2022-04-08,2021-22,WAS,NYK,0,0.4567923888592035,0.3410184669449742,0.3322986869326294,0.33226514343582686,0.38816118774120206
0022101205,2022-04-08,2021-22,BKN,CLE,1,0.7072503085981696,0.710742740412433,0.7087324258923946,0.7086779637672221,0.7167487184184563
0022101206,2022-04-08,2021-22,TOR,HOU,1,0.833675479899651,0.8447752406924111,0.843853755035777,0.8438508922742246,0.8435972443550025
0022101207,2022-04-08,2021-22,MIA,ATL,1,0.6139919336212312,0.560403999352994,0.5533114788534277,0.5533119486578325,0.6142036143607681
0022101208,2022-04-08,2021-22,CHI,CHA,0,0.5625052580515415,0.5474195673791592,0.5479764110535831,0.5479368268322243,0.5438277155550797
0022101209,2022-04-08,2021-22,DAL,POR,1,0.9383657879178872,0.9543242360202359,0.9536359364593984,0.9536233277579714,0.9541983699716524
0022101210,2022-04-08,2021-22,UTA,PHX,0,0.5148276963887775,0.5222024885371307,0.52065534649099,0.5205919993649677,0.4548482580394363
0022101211,2022-04-08,2021-22,LAL,OKC,1,0.6020119599454593,0.6258255441898749,0.6246032416341911,0.6245698466972666,0.6189452435428757
0022101212,2022-04-09,2021-22,LAC,SAC,1,0.7603447021023858,0.7704844625267613,0.7706389552756365,0.7706285511836962,0.7689215378004636
0022101213,2022-04-09,2021-22,MEM,NOP,1,0.7323173819469557,0.6856694070609906,0.705904527329017,0.7058960667088323,0.7167237434984969
0022101214,2022-04-09,2021-22,PHI,IND,1,0.8152934442483092,0.8016029079724797,0.83618601089534,0.8361638428626952,0.8643805801405318
0022101215,2022-04-09,2021-22,SAS,GSW,0,0.4489934665820988,0.3651393327788748,0.36828228828245235,0.36822869237158073,0.40747219773249677
0022101216,2022-04-10,2021-22,BKN,IND,1,0.86509385228086,0.8365677682717225,0.8364471188025244,0.8363951443451699,0.8858837831896943
0022101217,2022-04-10,2021-22,CHA,WAS,1,0.7392737327003194,0.7585297059660474,0.756631715851197,0.7566231475581471,0.731218231927411
0022101218,2022-04-10,2021-22,CLE,MIL,1,0.35970844838421295,0.5328120599906351,0.5274829807839969,0.5276722443387019,0.7582961344686551
0022101219,2022-04-10,2021-22,DAL,SAS,1,0.7549025893978534,0.7811131961011972,0.7794775855500755,0.7794575116571308,0.7646727337215408
0022101220,2022-04-10,2021-22,DEN,LAL,0,0.7682207465147242,0.6172974404488522,0.623705218511571,0.6235556373552361,0.7401568458338803
0022101221,2022-04-10,2021-22,HOU,ATL,0,0.19921753723014982,0.1852672497656271,0.1868560161473451,0.18686603346604702,0.1765910751184728
0022101222,2022-04-10,2021-22,LAC,OKC,1,0.8155696024398824,0.7353867865221019,0.7388909662601458,0.7386820493871538,0.8180187551667029
0022101223,2022-04-10,2021-22,MEM,BOS,0,0.45425080412656843,0.2856016333564401,0.3182169781167679,0.3180544371335145,0.41802952218406303
0022101224,2022-04-10,2021-22,MIN,CHI,0,0.6835425977312163,0.8331530250997563,0.8293256985961358,0.8293847051237457,0.752484475031058
0022101225,2022-04-10,2021-22,NOP,GSW,0,0.4825083474121565,0.4478522688588442,0.45040971955271714,0.4504414094515717,0.44001696876796265
0022101226,2022-04-10,2021-22,NYK,TOR,1,0.4951833050038021,0.42520501290405066,0.4254768603621574,0.4254700259894877,0.42189813785251834
0022101227,2022-04-10,2021-22,ORL,MIA,1,0.15702132380987804,0.19530868076215427,0.3049083873709654,0.3050220236926512,0.28535393693655275
0022101228,2022-04-10,2021-22,PHI,DET,1,0.7862685173873217,0.6648427099226369,0.6961994419086233,0.6961852380170896,0.742185648410313
0022101229,2022-04-10,2021-22,PHX,SAC,0,0.9125421325542069,0.7769480516582843,0.7828149800077615,0.7827404523475594,0.8302872323145554
0022101230,2022-04-10,2021-22,POR,UTA,0,0.09059166679697835,0.10629489701003661,0.1064123239438633,0.10645281087994729,0.09590631069307723
0022200001,2022-10-18,2022-23,BOS,PHI,1,0.7074842298014387,0.7426446395301136,0.7417474438327563,0.7416928711072964,0.6843820889613129
0022200002,2022-10-18,2022-23,GSW,LAL,1,0.7012622901644345,0.636546378961874,0.6376262601684939,0.6376280758087074,0.5740209774488261
0022200003,2022-10-19,2022-23,DET,ORL,1,0.588690012057255,0.6394266489049603,0.6461345077027888,0.6461127015019694,0.6772016685952374
0022200004,2022-10-19,2022-23,IND,WAS,0,0.4995604345532413,0.5281362515564854,0.5462934109280383,0.5463323730695202,0.4059053066867135
0022200005,2022-10-19,2022-23,ATL,HOU,1,0.8132945942367337,0.826243688091409,0.825068531014723,0.8250063767453903,0.6924740304679877
0022200006,2022-10-19,2022-23,BKN,NOP,0,0.6840631400069679,0.7301764400808495,0.727829641488454,0.7277652439250152,0.6341139506182565
0022200007,2022-10-19,2022-23,MIA,CHI,0,0.5884387374057367,0.5425386147736768,0.5461406868106146,0.5461268771829859,0.6888374241038169
0022200008,2022-10-19,2022-23,TOR,CLE,1,0.6375082137323396,0.6188509676105753,0.6202840259158858,0.6201896067202353,0.7059787592286201
0022200009,2022-10-19,2022-23,MEM,NYK,1,0.6069586153815261,0.6055211176907896,0.6077580086542814,0.6077077560057732,0.6956792144248374
0022200010,2022-10-19,2022-23,MIN,OKC,1,0.8431752208310243,0.8612611139264417,0.860525140641969,0.8604522558390739,0.7814767078701641
0022200011,2022-10-19,2022-23,SAS,CHA,0,0.4849641864243782,0.5126157932042352,0.5129954107265624,0.5130438349936758,0.5065646189974715
0022200012,2022-10-19,2022-23,UTA,DEN,1,0.5983437920078813,0.6106684696745406,0.6105719925882601,0.6105398283460303,0.4187486357864745
0022200013,2022-10-19,2022-23,PHX,DAL,1,0.48505771619568044,0.43807238438966806,0.4431795649427264,0.4432253811545055,0.6384402690787334
0022200014,2022-10-19,2022-23,SAC,POR,0,0.7767586782192021,0.8137456985008046,0.8124475256923938,0.8123665384909624,0.451340043436592
0022200015,2022-10-20,2022-23,PHI,MIL,0,0.7798972044823514,0.8125301006852231,0.8102640335058607,0.810150124100077,0.523290306584566
0022200016,2022-10-20,2022-23,LAL,LAC,0,0.4930381642442314,0.5181703479591429,0.519404486686263,0.5193240504036258,0.5117571704674594
0022200017,2022-10-21,2022-23,CHA,NOP,0,0.5227908062273345,0.4994559453283059,0.4952619434462468,0.4952600524853828,0.5785070048489441
0022200018,2022-10-21,2022-23,IND,SAS,0,0.5276963440189941,0.5062318670446181,0.5321822820969052,0.5321614570713362,0.4863665708235594
0022200019,2022-10-21,2022-23,WAS,CHI,1,0.5193795030869829,0.5224474525539142,0.5224959612610665,0.5224964863069432,0.5088384875653309
0022200020,2022-10-21,2022-23,ATL,ORL,1,0.7051898950326142,0.7251804347573166,0.7243487064460533,0.7243447842780134,0.7261822563166153
0022200021,2022-10-21,2022-23,BKN,TOR,1,0.43939867376306124,0.4835798545986846,0.4832766073709885,0.48327785414017904,0.47960584401134215
0022200022,2022-10-21,2022-23,MIA,BOS,0,0.39720936895060793,0.3954387635315898,0.3961617109626581,0.3961803387803349,0.3663575256383639
0022200023,2022-10-21,2022-23,NYK,DET,1,0.6390747772360921,0.644741848816585,0.6441387497547968,0.6441498281348867,0.6388203901835859
0022200024,2022-10-21,2022-23,HOU,MEM,0,0.2655175552077425,0.25955719578486947,0.260693708151322,0.2607235673499759,0.2317249120946157
0022200025,2022-10-21,2022-23,MIN,UTA,0,0.5749757462786885,0.5877879068811979,0.5850729431260843,0.5850378209627803,0.5892124393299465
0022200026,2022-10-21,2022-23,GSW,DEN,0,0.6112461107917457,0.6265040550576545,0.6554351721687344,0.6554748259597575,0.618471987991992
0022200027,2022-10-21,2022-23,POR,PHX,1,0.3699760697481202,0.3756327487184622,0.3739113480887806,0.3738681120564345,0.3878947190828153
0022200028,2022-10-22,2022-23,PHI,SAS,0,0.7663666044144534,0.7683142881149523,0.7674274873430327,0.7673844660023055,0.8340514103119729
0022200029,2022-10-22,2022-23,IND,DET,1,0.5485221814203963,0.503015702566107,0.5298223849911637,0.5298395600303178,0.5170091164801274
0022200030,2022-10-22,2022-23,ORL,BOS,0,0.16995195717231462,0.15584099090789597,0.15820870502428241,0.15826374292960116,0.1393960284057886
0022200031,2022-10-22,2022-23,MIA,TOR,1,0.5405630274872332,0.5360825829419608,0.5364979202458359,0.5364985705641862,0.5797486986146198
0022200032,2022-10-22,2022-23,CHI,CLE,0,0.5165888069453947,0.6008640027997703,0.5975558991935747,0.5975649986882127,0.5622142858680407
0022200033,2022-10-22,2022-23,MIL,HOU,1,0.8499224306473078,0.8947676534774216,0.8925426112967234,0.8925215995477566,0.8700207771999949
0022200034,2022-10-22,2022-23,DAL,MEM,1,0.5780331282663891,0.567725365020834,0.5674847238318369,0.5674761832784654,0.621426907009381
0022200035,2022-10-22,2022-23,DEN,OKC,1,0.68955477547509,0.7196821056956444,0.7204468075381953,0.7204132345144929,0.7438378694342375
0022200036,2022-10-22,2022-23,SAC,LAC,0,0.3810290512625991,0.482356950316381,0.47893968875172,0.4790280663393204,0.3739403684888868
0022200037,2022-10-23,2022-23,LAL,POR,0,0.5751509949322142,0.5563646209129254,0.5578675174002916,0.5579028439293319,0.5305571809586156
0022200038,2022-10-23,2022-23,ATL,CHA,0,0.4909154891966027,0.4969082894296282,0.49732242912744706,0.4974249692403163,0.4603403207475202
0022200039,2022-10-23,2022-23,CLE,WAS,1,0.5198383867870526,0.5413488125387393,0.5412648980917549,0.5412863371731629,0.5240180850775057
0022200040,2022-10-23,2022-23,NOP,UTA,0,0.5599070829201693,0.5653082193321185,0.5635101563319411,0.5634884457141619,0.5759917004740546
0022200041,2022-10-23,2022-23,OKC,MIN,0,0.3118521556473178,0.3160116949142146,0.2853352152356107,0.28534316185380965,0.29878172280027887
0022200042,2022-10-23,2022-23,GSW,SAC,1,0.8003770388235483,0.8003560905960064,0.7995862197941359,0.7995599193449658,0.8141478022123864
0022200043,2022-10-23,2022-23,LAC,PHX,0,0.40661599450460373,0.41947719856650884,0.4197185443115631,0.4197465131784444,0.40335731633110844
0022200044,2022-10-24,2022-23,PHI,IND,1,0.7386138010504525,0.7707984815761507,0.7683328958653791,0.7682893683997044,0.7706978182822062
0022200045,2022-10-24,2022-23,MIA,TOR,0,0.5536776888601262,0.5947962467528013,0.5931930002287465,0.5931874211523258,0.5951081057663721
0022200046,2022-10-24,2022-23,NYK,ORL,1,0.7546847291350218,0.7811618765705117,0.7790076518354798,0.7789834181824755,0.7795496810225443
0022200047,2022-10-24,2022-23,CHI,BOS,1,0.3147979111601404,0.3255532134742413,0.3253966686051668,0.32539697948096646,0.29382604205266416
0022200048,2022-10-24,2022-23,HOU,UTA,1,0.3275134531171472,0.25993722412772197,0.2630358490236089,0.26303431974336794,0.32866652251031864
0022200049,2022-10-24,2022-23,MEM,BKN,1,0.49113753238945584,0.5080832648973572,0.5105971584096946,0.5106671070482094,0.49647158659896845
0022200050,2022-10-24,2022-23,MIN,SAS,0,0.6006848213154393,0.6226004868916284,0.6205228267163496,0.6204973505030463,0.6307253500513316
0022200051,2022-10-24,2022-23,POR,DEN,1,0.3841033466978059,0.3994463859778534,0.3716215584561366,0.37155579901994223,0.31230469176808645
0022200052,2022-10-25,2022-23,WAS,DET,1,0.6673973605920438,0.6814911239712249,0.6801513115817723,0.6801160307671069,0.703197876597557
0022200053,2022-10-25,2022-23,NOP,DAL,1,0.5012296080458615,0.34968092917778115,0.3543865382922867,0.3543338954811054,0.37994131441482154
0022200054,2022-10-25,2022-23,OKC,LAC,1,0.3656271033757365,0.49081222431214877,0.4872394174119084,0.48729050432387055,0.4651245108406537
0022200055,2022-10-25,2022-23,PHX,GSW,1,0.5921810880548118,0.6292052695492646,0.6277591390348215,0.6277897687291074,0.6564411730116528
0022200056,2022-10-26,2022-23,CLE,ORL,1,0.797075340877213,0.8149911074568046,0.8126915701465878,0.812652213811484,0.8140182814291499
0022200057,2022-10-26,2022-23,DET,ATL,0,0.3833759999296585,0.41045659801722306,0.40883896599877195,0.4088011574346663,0.4106711422591832
0022200058,2022-10-26,2022-23,NYK,CHA,1,0.5272884603202898,0.5318638252868894,0.5315739868308189,0.5315770754026252,0.5344233302516195
0022200059,2022-10-26,2022-23,TOR,PHI,1,0.5693620140074589,0.5745153123968116,0.5738854294346764,0.5738816105161827,0.5964632845438298
0022200060,2022-10-26,2022-23,MIL,BKN,1,0.6094132248359072,0.6456317783294497,0.6443207746791696,0.6443136890830923,0.694978699791961
0022200061,2022-10-26,2022-23,CHI,IND,1,0.6870803090746874,0.7243914410742616,0.7145219992592787,0.7144817772016285,0.6920447917621876
0022200062,2022-10-26,2022-23,MIN,SAS,1,0.6111942942319463,0.630897827877374,0.6351761926272952,0.6352486054240124,0.5916997909202335
0022200063,2022-10-26,2022-23,UTA,HOU,1,0.7496597658487798,0.7793500874030859,0.7839551663069049,0.783940280867633,0.7688168318212588
0022200064,2022-10-26,2022-23,DEN,LAL,1,0.5790998352578618,0.6136632113061293,0.5945379955399049,0.5945614952334265,0.5454239897456469
0022200065,2022-10-26,2022-23,POR,MIA,0,0.3849265818827618,0.3971678993340864,0.40288151012863993,0.4028872951625324,0.4478479557807776
0022200066,2022-10-27,2022-23,BKN,DAL,0,0.4007641428695816,0.41532741058865524,0.41434155519659427,0.414285473706153,0.46144594331998534
0022200067,2022-10-27,2022-23,OKC,LAC,1,0.49613206544804644,0.47361910860722645,0.4588193089753766,0.45880755100085935,0.4594366268666851
0022200068,2022-10-27,2022-23,GSW,MIA,1,0.5914674001444183,0.5736687321606256,0.5746933708481743,0.5747122296423026,0.5546049949539213
0022200069,2022-10-27,2022-23,SAC,MEM,0,0.36545756856620504,0.3828908104379956,0.4037390443596818,0.403768618172486,0.3800136672412055
0022200070,2022-10-28,2022-23,DET,ATL,0,0.41382407649063085,0.4142065516485384,0.4091341926689996,0.40910951218479497,0.4413265402916825
0022200071,2022-10-28,2022-23,ORL,CHA,1,0.32725072324903554,0.3182114163116541,0.31937226689282033,0.31934611264295965,0.3057820929140604
0022200072,2022-10-28,2022-23,BOS,CLE,0,0.6771290248440489,0.6780361918652008,0.6768559047696076,0.6768004608706167,0.7112201714410225
0022200073,2022-10-28,2022-23,TOR,PHI,0,0.6140008037509669,0.6499554953546643,0.6477560906152767,0.6477512905889604,0.6245404174479359
0022200074,2022-10-28,2022-23,WAS,IND,0,0.6841807761607845,0.6744614595127748,0.6729637009385078,0.6729164191812435,0.6494670510318752
0022200075,2022-10-28,2022-23,MIL,NYK,1,0.6620572627269726,0.68500691745513,0.6822354919374674,0.6821775955737586,0.695327963102425
0022200076,2022-10-28,2022-23,MIN,LAL,1,0.6392394291752751,0.7058752316488565,0.6982904010209963,0.6983541082084243,0.6510341179425837
0022200077,2022-10-28,2022-23,SAS,CHI,1,0.4938759399390763,0.5145811314569425,0.5139954360048485,0.5140754585178096,0.4565446978370606
0022200078,2022-10-28,2022-23,DEN,UTA,1,0.51403293458817,0.5718490409517814,0.5535954021974353,0.553556499011508,0.5841691142548926
0022200079,2022-10-28,2022-23,PHX,NOP,1,0.718033607759417,0.755194651489344,0.7484438121437499,0.7484040420400324,0.7360547242580457
0022200080,2022-10-28,2022-23,POR,HOU,1,0.6509392589724379,0.6087614986503349,0.6070120329333832,0.6069291039386954,0.6866304584009896
0022200081,2022-10-29,2022-23,SAC,MIA,1,0.33867519436423504,0.3151882241897853,0.31714061749288724,0.3171682358939623,0.30478257222181177
0022200082,2022-10-29,2022-23,CHA,GSW,1,0.406338504066475,0.4107713328247012,0.4120354092433463,0.4120687161727117,0.39169469883189756
0022200083,2022-10-29,2022-23,BKN,IND,0,0.7172869337880043,0.8117301091262197,0.8085437335162123,0.8085352849640678,0.842711186301103
0022200084,2022-10-29,2022-23,CHI,PHI,0,0.4997507917957371,0.4875898527615846,0.4642907727135552,0.464204552794078,0.5082265200675823
0022200085,2022-10-29,2022-23,MIL,ATL,1,0.7236126878572912,0.7460214977153136,0.743115764807039,0.7430399441015317,0.7691609066225294
0022200086,2022-10-29,2022-23,DAL,OKC,0,0.7482546251555289,0.7582420753469572,0.7399790625789767,0.7399594390026105,0.7709195532989994
0022200087,2022-10-29,2022-23,UTA,MEM,1,0.42261793839102946,0.377907206783622,0.37397747719005303,0.37407188900993316,0.3026154740979464
0022200088,2022-10-30,2022-23,LAC,NOP,0,0.5295987365493079,0.48889847363865807,0.5065721175544345,0.5065285811679242,0.5321635683239422
0022200089,2022-10-30,2022-23,BOS,WAS,1,0.7425935324776235,0.7464413279226485,0.7453085404118933,0.7452888388934464,0.7451694144240588
0022200090,2022-10-30,2022-23,CLE,NYK,1,0.6295081859941304,0.6440722654646552,0.6425772924163954,0.6425451524952941,0.6518340768838496
0022200091,2022-10-30,2022-23,DET,GSW,1,0.38722122422350524,0.38930381542533776,0.38631708052278546,0.3863774989091745,0.3665288336934331
0022200092,2022-10-30,2022-23,SAS,MIN,1,0.4654088424924431,0.4067291108644572,0.4004781018565763,0.4004378214750467,0.4635984923859072
0022200093,2022-10-30,2022-23,DAL,ORL,1,0.7257902078707563,0.750944283252224,0.7486735093890596,0.7486472259834117,0.7777363814999194
0022200094,2022-10-30,2022-23,PHX,HOU,1,0.8448245812841539,0.8985251700196448,0.8900856117231716,0.8900556757637061,0.8908537667568623
0022200095,2022-10-30,2022-23,LAL,DEN,1,0.4217000020503927,0.4443867788147988,0.44352098789431343,0.4435089279585764,0.44441149729860335
0022200096,2022-10-31,2022-23,CHA,SAC,0,0.6596006146909442,0.6566787839094546,0.656941100311808,0.6569539795536227,0.6373469305921416
0022200097,2022-10-31,2022-23,WAS,PHI,0,0.34037160298413255,0.4265242574994551,0.4235304647106111,0.4235726796777833,0.373385508128814
0022200098,2022-10-31,2022-23,BKN,IND,1,0.6805468303659775,0.6062186917863571,0.6062329673386339,0.6061200665817691,0.6318953182345184
0022200099,2022-10-31,2022-23,TOR,ATL,1,0.6406315362852333,0.6294220427695938,0.6277358980671982,0.6276365348023186,0.651930351146374
0022200100,2022-10-31,2022-23,MIL,DET,1,0.8584562922864358,0.8680148754610458,0.8666241949972406,0.8666055722511664,0.8740283599407785
0022200101,2022-10-31,2022-23,UTA,MEM,1,0.44013773943658846,0.4871623734229803,0.5224291239985995,0.5224995044681396,0.4850587235938536
0022200102,2022-10-31,2022-23,LAC,HOU,1,0.7364189202123768,0.7653668902053969,0.7637151038638094,0.7636737419648391,0.7445982461985774
0022200103,2022-11-01,2022-23,BKN,CHI,0,0.45603539544174704,0.49501061219182285,0.4937723304282147,0.49381895254741803,0.4158907647484647
0022200104,2022-11-01,2022-23,MIA,GSW,1,0.6186712928072825,0.6184797009851872,0.617034631731451,0.6170047905298318,0.608143164446921
0022200105,2022-11-01,2022-23,OKC,ORL,1,0.6282251714465481,0.6276914173735293,0.6259935229941415,0.6259771078012699,0.6213229804838452
0022200106,2022-11-01,2022-23,PHX,MIN,1,0.6635827892953771,0.7034081036005827,0.6960627333054623,0.696050716514396,0.689888763009448
0022200107,2022-11-02,2022-23,CLE,BOS,1,0.47823655161598694,0.44066729518108166,0.4419690192246089,0.44197616905650794,0.42971165905908865
0022200108,2022-11-02,2022-23,PHI,WAS,0,0.6893082923952374,0.695382967015305,0.6568052120388662,0.6567864994630817,0.6754027800678343
0022200109,2022-11-02,2022-23,MIA,SAC,1,0.6469073597879617,0.6365891631088604,0.6350510065691359,0.6350605381604159,0.6242702205644913
0022200110,2022-11-02,2022-23,NYK,ATL,0,0.620771995261667,0.622828222597827,0.621473374075253,0.6214315274361554,0.6323015237993096
0022200111,2022-11-02,2022-23,CHI,CHA,1,0.549761683424721,0.556044706621229,0.5811466901933385,0.5810982203431869,0.6084853426261739
0022200112,2022-11-02,2022-23,HOU,LAC,0,0.3843483899238633,0.38187962122940694,0.3829456087873543,0.38296771218290754,0.40809856831907254
0022200113,2022-11-02,2022-23,MIL,DET,1,0.7973877729193131,0.8085488919660565,0.8067917036291665,0.8067619266217385,0.8031770738061977
0022200114,2022-11-02,2022-23,SAS,TOR,0,0.48899017851257015,0.3789835877115168,0.3854004289370775,0.38536947102080926,0.42246815563923346
0022200115,2022-11-02,2022-23,DAL,UTA,1,0.6187331944596092,0.621110673623634,0.6192251710635018,0.6191937718213878,0.6087527191534499
0022200116,2022-11-02,2022-23,POR,MEM,0,0.44953711171762933,0.4620588306804514,0.4520803017840924,0.45205551070104955,0.4701799012780646
0022200117,2022-11-02,2022-23,LAL,NOP,1,0.47524536053471544,0.5083976030900812,0.5057307969927057,0.505660419663312,0.5672001740852123
0022200118,2022-11-03,2022-23,ORL,GSW,1,0.3722349963167485,0.3304426769695651,0.33350904040684,0.33350984141161344,0.32190235941961926
0022200119,2022-11-03,2022-23,OKC,DEN,0,0.4335224906676083,0.4264972119130732,0.43096168143866825,0.43099286034325196,0.3876334911813573
0022200120,2022-11-04,2022-23,DET,CLE,0,0.29699826404903074,0.31108294196563513,0.39771665179081683,0.3977767459721322,0.35278432844599483
0022200121,2022-11-04,2022-23,IND,MIA,1,0.43043079932619305,0.4700725563638605,0.4429219722643457,0.44291853699270395,0.42353343055079556
0022200122,2022-11-04,2022-23,PHI,NYK,0,0.6416668508620994,0.5598487896490755,0.5616136154755693,0.5615118701961324,0.6557481038979218
0022200123,2022-11-04,2022-23,WAS,BKN,0,0.57236554798164,0.6497411570850427,0.6475130387661431,0.6475559091215606,0.5916726844245189
0022200124,2022-11-04,2022-23,BOS,CHI,1,0.6858755605549512,0.6932162283958839,0.6924869812909885,0.6924748041996598,0.6914605365951433
0022200125,2022-11-04,2022-23,MEM,CHA,1,0.662408232911953,0.7344378335231031,0.730982397896124,0.7309738582742764,0.6943720427952739
0022200126,2022-11-04,2022-23,SAS,LAC,0,0.5025303391463346,0.4921091120081051,0.4931236848821301,0.49312519474260336,0.5370651425700943
0022200127,2022-11-04,2022-23,DAL,TOR,1,0.526355041404801,0.4859899846739199,0.48627984929502466,0.4863000777115158,0.46577056513130094
0022200128,2022-11-04,2022-23,NOP,GSW,1,0.6347469681568259,0.8821438997407468,0.8787278190838005,0.8787551245214786,0.8518966669021555
0022200129,2022-11-04,2022-23,MIN,MIL,0,0.44471482643923116,0.39858748372056213,0.42456387409893664,0.42459575560719376,0.4041421728792389
0022200130,2022-11-04,2022-23,PHX,POR,0,0.7727863810784997,0.7898443019515298,0.7890489050816434,0.7890795369706627,0.7584693971746228
0022200131,2022-11-04,2022-23,LAL,UTA,0,0.472040609465554,0.4775537083650913,0.47584941905215533,0.47578187679181333,0.505957596022119
0022200132,2022-11-05,2022-23,ORL,SAC,0,0.48109496799354345,0.47686604310828906,0.478594101519849,0.4786130358112637,0.48402615512240377
0022200133,2022-11-05,2022-23,CHA,BKN,0,0.4570025399501672,0.440858025916429,0.4426970524717101,0.4427404265208723,0.38209808608863743
0022200134,2022-11-05,2022-23,ATL,NOP,1,0.5206677737343738,0.4898448280585872,0.4921972565052355,0.4922123363791049,0.5142962545137311
0022200135,2022-11-05,2022-23,NYK,BOS,0,0.36376735752162653,0.40095224023526976,0.4020147938051556,0.4020459954921455,0.37572529084660117
0022200136,2022-11-05,2022-23,MIL,OKC,1,0.7424544354076045,0.716761053256707,0.7153643901407912,0.7153472767394962,0.6949532530646849
0022200137,2022-11-05,2022-23,MIN,HOU,1,0.6792433621999935,0.6648056447160253,0.6640795879760205,0.6640906516189898,0.6835966953029875
0022200138,2022-11-05,2022-23,DEN,SAS,1,0.7285342542851767,0.7299780009895612,0.7514344704297163,0.7514014383515023,0.7719085788195612
0022200139,2022-11-05,2022-23,PHX,POR,1,0.755020737122209,0.774736864914477,0.7753862363986377,0.7753662049118147,0.8170578664934864
0022200140,2022-11-06,2022-23,LAL,CLE,0,0.409885107170572,0.31536080041140696,0.31705377156140874,0.31700808380254686,0.3354192434068443
0022200141,2022-11-06,2022-23,TOR,CHI,1,0.6516447522904617,0.6283233488184924,0.6285726439930144,0.6285807264486042,0.6314565034200429
0022200142,2022-11-06,2022-23,MEM,WAS,1,0.7185692356538864,0.7796963149646728,0.7780723004815445,0.7780972165932077,0.7324530377943427
0022200143,2022-11-06,2022-23,LAC,UTA,0,0.4589066772914554,0.47742330647029146,0.4761929323916891,0.4761778974209646,0.48824817036755336
0022200144,2022-11-07,2022-23,CHA,WAS,0,0.6433615429444968,0.6335067315160319,0.6273320751832795,0.6273560495823618,0.601178612123649
0022200145,2022-11-07,2022-23,ORL,HOU,0,0.6036122508610431,0.6206489953282146,0.6012892251054892,0.6013024140247379,0.6053157034777744
0022200146,2022-11-07,2022-23,DET,OKC,1,0.4684038457384473,0.4577872358703615,0.4575726025032926,0.4575915192321331,0.39824977153260693
0022200147,2022-11-07,2022-23,IND,NOP,1,0.41580261258482787,0.3920563344917446,0.392829059183322,0.39144650766866224,0.3661550449110386
0022200148,2022-11-07,2022-23,PHI,PHX,1,0.44312663743386055,0.4241246121565224,0.43253802037540034,0.43253791774080563,0.4170000786493885
0022200149,2022-11-07,2022-23,ATL,MIL,1,0.4315885420930511,0.3806481587309211,0.36457894997130064,0.364575660585979,0.3315007784911206
0022200150,2022-11-07,2022-23,MIA,POR,0,0.7147179234217345,0.6158480725920327,0.618087423048106,0.618080488362734,0.6039042983562406
0022200151,2022-11-07,2022-23,CHI,TOR,1,0.4592870622259332,0.4630391212490735,0.4631942214156796,0.4631722081353163,0.5097132303151607
0022200152,2022-11-07,2022-23,MEM,BOS,0,0.3854845326883783,0.3677556298001234,0.3372246499033926,0.33722822822727844,0.3030513044944501
0022200153,2022-11-07,2022-23,MIN,NYK,0,0.539472735232016,0.5413128918125338,0.5347347691843025,0.5347536898389,0.5259551081431281
0022200154,2022-11-07,2022-23,SAS,DEN,0,0.36371979502224794,0.3444838515601813,0.3456860433615016,0.3457331817224127,0.3379735057551403
0022200155,2022-11-07,2022-23,DAL,BKN,1,0.6280303345993032,0.620963246546766,0.620824999427902,0.6208407889782717,0.6175191608104479
0022200156,2022-11-07,2022-23,GSW,SAC,1,0.5023792629604815,0.47857225342797494,0.4811953035436341,0.48127363386160676,0.6675421509840753
0022200157,2022-11-07,2022-23,UTA,LAL,1,0.7275384468362374,0.8083145904743021,0.8021708008970387,0.8022255889692402,0.7398764508915837
0022200158,2022-11-07,2022-23,LAC,CLE,1,0.4091272281167016,0.3979860827999924,0.3997247086273271,0.39968637757528896,0.42375967172202944
0022200159,2022-11-09,2022-23,CHA,POR,0,0.44187459613967944,0.5001446292460148,0.5470144358514274,0.5471752180658314,0.403217576531858
0022200160,2022-11-09,2022-23,IND,DEN,0,0.3923227030732028,0.39793091123490565,0.4056462318713235,0.40566342057754684,0.3823537999976277
0022200161,2022-11-09,2022-23,ORL,DAL,1,0.28736943019006617,0.24485724268626238,0.2471277938486527,0.24712906575514632,0.2111478123645826
0022200162,2022-11-09,2022-23,ATL,UTA,0,0.49389680529271385,0.46658279280545173,0.4668891542884358,0.46693077429976304,0.4397773587993628
0022200163,2022-11-09,2022-23,BOS,DET,1,0.8706358901760272,0.8832511243789332,0.8816532934199405,0.8816237772759002,0.8627456512211252
0022200164,2022-11-09,2022-23,BKN,NYK,1,0.5654057720843926,0.5983376143450535,0.5969806824056691,0.5969255009308626,0.5743417014333541
0022200165,2022-11-09,2022-23,TOR,HOU,1,0.797665044276445,0.8165100116815769,0.8151881948516628,0.8151764901350681,0.8293172392056408
0022200166,2022-11-09,2022-23,CHI,NOP,0,0.5699482463102616,0.578774189414539,0.5760471093943005,0.5760570471917098,0.5612328849970412
0022200167,2022-11-09,2022-23,MIN,PHX,0,0.34358077037708606,0.3981755704711121,0.37560007931010775,0.37564236348994895,0.408585626377982
0022200168,2022-11-09,2022-23,OKC,MIL,0,0.3130879452032679,0.43016741441674167,0.4272493177423359,0.42729873403617286,0.4169664604896867
0022200169,2022-11-09,2022-23,SAS,MEM,0,0.3755219193383469,0.3658468570446801,0.356449052449443,0.35645591041113667,0.36913311337369914
0022200170,2022-11-09,2022-23,LAC,LAL,1,0.7081579210394682,0.6966675638749422,0.6949277487451455,0.6949128137954773,0.577562612641978
0022200171,2022-11-09,2022-23,SAC,CLE,1,0.32205239998274643,0.3112869847593011,0.31284715018515546,0.31284781392451144,0.28752121373949757
0022200172,2022-11-10,2022-23,WAS,DAL,1,0.4258872308958485,0.3354110183131724,0.33881628179921713,0.33880777403469314,0.35362223785263086
0022200173,2022-11-10,2022-23,ATL,PHI,1,0.4011875981192201,0.4208861162063676,0.42211806582577105,0.42217412426934214,0.38528982390773114
0022200174,2022-11-10,2022-23,MIA,CHA,1,0.7827517188791812,0.7856147295917187,0.7842789685163748,0.7842381485949494,0.8077725547458007
0022200175,2022-11-10,2022-23,NOP,POR,0,0.6783279485162322,0.7011108709647603,0.728428568978551,0.7285071821409325,0.656301347549946
0022200176,2022-11-11,2022-23,BOS,DEN,1,0.6538016625662875,0.6588488743402435,0.6783767472219333,0.6783633448672257,0.6736768640281763
0022200177,2022-11-11,2022-23,ORL,PHX,1,0.26198553078739995,0.2749624426370567,0.2752530350309746,0.2752817114223967,0.2611695000431869
0022200178,2022-11-11,2022-23,NYK,DET,1,0.6991016248783006,0.7153581258290683,0.7141277865313012,0.7141691359444591,0.6834900276787934
0022200179,2022-11-11,2022-23,OKC,TOR,1,0.30487788382487097,0.30854097728387725,0.30934310973146784,0.3093668302567569,0.31072835440165836
0022200180,2022-11-11,2022-23,SAS,MIL,1,0.42676303514437547,0.4435709253294091,0.4414758941183552,0.44143819901354975,0.3957859036996956
0022200181,2022-11-11,2022-23,MEM,MIN,1,0.6509602274754746,0.6618871913121969,0.6614922429105276,0.6614933163111891,0.6586415601474255
0022200182,2022-11-11,2022-23,GSW,CLE,1,0.4581576282794237,0.47658009076491886,0.4751516436859329,0.4751713088138593,0.4930322068083715
0022200183,2022-11-11,2022-23,LAL,SAC,0,0.5183541676096518,0.43888979329997946,0.4404872233456916,0.4404214930959636,0.5051510243133269
0022200184,2022-11-12,2022-23,LAC,BKN,0,0.47746792149834866,0.4495290560841003,0.45040148912401895,0.450424879286875,0.4669528603882841
0022200185,2022-11-12,2022-23,WAS,UTA,1,0.32711081086303667,0.3321010423901937,0.34043113348020415,0.34042707517442883,0.3609910056275209
0022200186,2022-11-12,2022-23,DET,BOS,0,0.2132080231180013,0.21355385691054987,0.2143919120282774,0.2144185689816728,0.19275462558122622
0022200187,2022-11-12,2022-23,IND,TOR,1,0.5204100103444366,0.5181268204722342,0.539942651370839,0.5399756942309494,0.5054158342591037
0022200188,2022-11-12,2022-23,PHI,ATL,1,0.5942152741415336,0.6175243878639562,0.6155824686376318,0.6155589837971954,0.5805097786946757
0022200189,2022-11-12,2022-23,MIA,CHA,1,0.7165920056326903,0.7255894722632554,0.7183717502237029,0.7183922132519653,0.6723731197760039
0022200190,2022-11-12,2022-23,DAL,POR,1,0.6416427927343897,0.6798320379225757,0.6792340554091437,0.6792777856489386,0.5986390743169816
0022200191,2022-11-12,2022-23,NOP,HOU,1,0.7416738587461178,0.7470322068776734,0.7465810163842438,0.7465801521757728,0.7671134719489633
0022200192,2022-11-13,2022-23,NYK,OKC,0,0.6061726760351798,0.6260350623026039,0.6250768842988906,0.6250926303343131,0.6234341720183563
0022200193,2022-11-13,2022-23,CLE,MIN,0,0.6918675447235143,0.6537731253110036,0.5553755937155874,0.5552974949208792,0.5800398865158366
0022200194,2022-11-13,2022-23,WAS,MEM,1,0.3274860240754552,0.3907089034035775,0.38722545868379926,0.38732438321233564,0.33806205979530657
0022200195,2022-11-13,2022-23,PHI,UTA,1,0.5490268914476377,0.5214949865931687,0.522085578075323,0.5220729311290772,0.5647859894354141
0022200196,2022-11-13,2022-23,CHI,DEN,0,0.5686759937421937,0.5683349481070108,0.5669139788052419,0.5669037191576787,0.5682686389725954
0022200197,2022-11-13,2022-23,SAC,GSW,1,0.4209107983956819,0.41006064009312254,0.4118137958240284,0.4118430495764466,0.3769828263780862
0022200198,2022-11-13,2022-23,LAL,BKN,1,0.42217592464232173,0.41970357015588167,0.41981944259692383,0.4198499866089224,0.45647633864558007
0022200199,2022-11-14,2022-23,DET,TOR,0,0.3324034725816062,0.3396058736701263,0.3410938222857922,0.3411294556827966,0.36977554244656147
0022200200,2022-11-14,2022-23,ORL,CHA,0,0.5556305331431325,0.5700917316858887,0.569119924331382,0.5691291484228346,0.5434038167191931
0022200201,2022-11-14,2022-23,BOS,OKC,1,0.8410596410979586,0.8458088555120328,0.8451797580075091,0.8451814969431157,0.8611522119923115
0022200202,2022-11-14,2022-23,MIA,PHX,1,0.502534169894056,0.509226429643616,0.508702071541823,0.5086725504299955,0.5455477360979033
0022200203,2022-11-14,2022-23,HOU,LAC,0,0.38246320221010116,0.3703566625019075,0.3710927621524763,0.3711436331189648,0.3227345714375402
0022200204,2022-11-14,2022-23,MIL,ATL,0,0.5515600571687458,0.6115069125127415,0.6102116944662517,0.610187842733204,0.6308296295179391
0022200205,2022-11-14,2022-23,GSW,SAS,1,0.6308719281227027,0.6737212327718531,0.6709831902743835,0.6709542619889146,0.6322159621128155
0022200206,2022-11-15,2022-23,NOP,MEM,1,0.5162877545969864,0.4824756661288271,0.48298820357774414,0.4829491947359015,0.49745206395788893
0022200207,2022-11-15,2022-23,DAL,LAC,1,0.6944761597884508,0.6748236820580296,0.6756870119831001,0.6756989172428968,0.6953250338262563
0022200208,2022-11-15,2022-23,UTA,NYK,0,0.6712039112875566,0.6445087161420016,0.6450034724497113,0.6449917306244051,0.6350011934871488
0022200209,2022-11-15,2022-23,POR,SAS,1,0.7152382373272105,0.7101095821639747,0.7324743668874412,0.732425741352903,0.7579141858129975
0022200210,2022-11-15,2022-23,SAC,BKN,1,0.49274011520065597,0.44495393858906074,0.44523410053741164,0.44524710608341683,0.44977615860565906
0022200211,2022-11-16,2022-23,CHA,IND,0,0.47481229690764387,0.48554164245222714,0.4746235459478373,0.47463510399179915,0.4660058503246285
0022200212,2022-11-16,2022-23,ORL,MIN,0,0.4360837255568676,0.41198347966312115,0.3815133175821967,0.381484542020697,0.4085266094278046
0022200213,2022-11-16,2022-23,WAS,OKC,0,0.5788106678102576,0.5847926790129335,0.5834040348462284,0.5834137775996473,0.581400810793935
0022200214,2022-11-16,2022-23,ATL,BOS,0,0.3539287076266765,0.3883601782989303,0.38848980001149214,0.3885784913550535,0.3037197039673258
0022200215,2022-11-16,2022-23,TOR,MIA,1,0.5072279448842673,0.5070087765522029,0.5081795393512996,0.5082245431252868,0.4908952562299572
0022200216,2022-11-16,2022-23,MIL,CLE,1,0.5433278360930728,0.5404688231943902,0.49319911434712826,0.49314209988012553,0.5072414238528538
0022200217,2022-11-16,2022-23,NOP,CHI,1,0.5246498708847182,0.5259845053019938,0.5268073266336263,0.5268352364476165,0.5093845960607531
0022200218,2022-11-16,2022-23,DAL,HOU,0,0.7534205986005763,0.7021883852556938,0.7031118159830487,0.7030522898483685,0.7662230263063202
0022200219,2022-11-16,2022-23,DEN,NYK,0,0.7152560931030094,0.6462902760508666,0.6260296945492945,0.6259507469486337,0.6866237025836384
0022200220,2022-11-16,2022-23,PHX,GSW,1,0.5862404987146236,0.5594228562192688,0.5605108943018939,0.5605721881827901,0.5256419017739191
0022200221,2022-11-17,2022-23,POR,BKN,0,0.5596574730759578,0.49652932691966406,0.5542000209486523,0.554172912411138,0.6140370094359888
0022200222,2022-11-17,2022-23,SAC,SAS,1,0.6627496835863878,0.6767762785199255,0.6700932940108651,0.6700633744718957,0.7388142105527441
0022200223,2022-11-17,2022-23,LAC,DET,1,0.7011310060517665,0.7176228804899888,0.7171230129003402,0.7171161588069367,0.7329936845126107
0022200224,2022-11-18,2022-23,WAS,MIA,1,0.4524756586233097,0.5965308492351841,0.5790107661634546,0.5790561594619319,0.5800772862036736
0022200225,2022-11-18,2022-23,CLE,CHA,1,0.6849117897886865,0.7189534085625412,0.7176655146793703,0.7176853376626633,0.698077846466772
0022200226,2022-11-18,2022-23,PHI,MIL,1,0.6202075681977637,0.5883322896058778,0.5871653488801367,0.587157347996663,0.558031564463536
0022200227,2022-11-18,2022-23,CHI,ORL,0,0.7068280151671755,0.6825021343396881,0.6812219071068926,0.6812035410935934,0.6678054489424736
0022200228,2022-11-18,2022-23,HOU,IND,0,0.3684208343670365,0.31808756112874453,0.32050182745437467,0.32048619954457847,0.3442430383410651
0022200229,2022-11-18,2022-23,MEM,OKC,1,0.6596622412720499,0.6597323182205976,0.6586763065550262,0.6586925042283964,0.6402466094923889
0022200230,2022-11-18,2022-23,DAL,DEN,1,0.5125626841688962,0.5575827035572078,0.5561416626771689,0.5561911595229829,0.5759116155080815
0022200231,2022-11-18,2022-23,NOP,BOS,0,0.37637055435292704,0.3944519921775106,0.39459653109423354,0.39461163848108916,0.3576496159441329
0022200232,2022-11-18,2022-23,UTA,PHX,1,0.49949419029703146,0.5031879895618072,0.5007734603420402,0.5007789305063687,0.473152607324654
0022200233,2022-11-18,2022-23,GSW,NYK,1,0.6046126543460719,0.6028341451432974,0.6063052093647622,0.6062875701078173,0.6231868154395243
0022200234,2022-11-18,2022-23,LAL,DET,1,0.7048136531595302,0.6884065236576906,0.68817707673504,0.6881538334001941,0.6947149954771104
0022200235,2022-11-19,2022-23,ATL,TOR,1,0.4880723932265191,0.5166648100685226,0.5162495173899685,0.5163304987423166,0.500915463849495
0022200236,2022-11-19,2022-23,IND,ORL,1,0.6719182290096711,0.7071106575594115,0.7640474661229907,0.7640669613387279,0.7083816293481091
0022200237,2022-11-19,2022-23,PHI,MIN,0,0.5940996258445301,0.6154597431567559,0.6155021494076272,0.61541718070607,0.6856397252858455
0022200238,2022-11-19,2022-23,POR,UTA,0,0.6169380432532188,0.6194059220045666,0.6258418645625655,0.6257590219121082,0.6351287322419523
0022200239,2022-11-19,2022-23,LAC,SAS,1,0.7552506542398603,0.7715443169136779,0.7682773182187557,0.7682845920607645,0.7437667512107926
0022200240,2022-11-20,2022-23,PHX,NYK,1,0.6743377456503045,0.6950950805476328,0.6940899145467395,0.6941225462981665,0.6449693474116978
0022200241,2022-11-20,2022-23,WAS,CHA,1,0.5962254147273576,0.5397384971325202,0.5553546753937314,0.5552963615781602,0.5470752684674669
0022200242,2022-11-20,2022-23,SAC,DET,1,0.7117587817079318,0.7050165887948044,0.7106704616600911,0.7107182125842091,0.6829258437736556
0022200243,2022-11-20,2022-23,BKN,MEM,1,0.5430846073041119,0.5698709521575338,0.5657739200372456,0.5657849730094764,0.53912463922603
0022200244,2022-11-20,2022-23,CLE,MIA,1,0.6724916413979405,0.6656240917628949,0.6426073078823515,0.642538935868277,0.6724828553049971
0022200245,2022-11-20,2022-23,HOU,GSW,0,0.29536137272387303,0.2713954010173966,0.2858305953883235,0.2858531305773763,0.27037857976604324
0022200246,2022-11-20,2022-23,DAL,DEN,0,0.6398179559694581,0.6436009810527157,0.6425164611667078,0.6425064093813888,0.6640122556391189
0022200247,2022-11-20,2022-23,LAL,SAS,1,0.7126266329795524,0.7456571116004366,0.7437343666582791,0.7437178769213875,0.7421626466484919
0022200248,2022-11-21,2022-23,CLE,ATL,1,0.5522215410667671,0.5668124869755903,0.5901264790472166,0.5901026930808482,0.6330499883705634
0022200249,2022-11-21,2022-23,IND,ORL,1,0.6685621607700588,0.6643557118551532,0.6639501283219071,0.6639076787081869,0.6634258783315937
0022200250,2022-11-21,2022-23,CHI,BOS,1,0.2920086810336769,0.2947755099238428,0.2953565816440521,0.2953567330501556,0.2739008471132306
0022200251,2022-11-21,2022-23,MIL,POR,1,0.6241530862109984,0.6737615085105675,0.6723900656114341,0.6724545513050516,0.604890144067807
0022200252,2022-11-21,2022-23,MIN,MIA,1,0.6758114159650518,0.7057648898355122,0.6777488505626116,0.6777180882483822,0.6865150410975002
0022200253,2022-11-21,2022-23,NOP,GSW,1,0.6348276509290586,0.8074359159297482,0.8203911406741995,0.8204364304657953,0.7891836177528695
0022200254,2022-11-21,2022-23,OKC,NYK,0,0.5967291976935875,0.5610849747234435,0.5581367366911814,0.5581190299619124,0.5484714872058642
0022200255,2022-11-21,2022-23,LAC,UTA,1,0.5197425362310605,0.500354778085731,0.49914363914225685,0.4991179516188455,0.5144557558761712
0022200256,2022-11-22,2022-23,PHI,BKN,1,0.6458920190878857,0.543314860225461,0.5451664413942362,0.5451843610097675,0.5677200506742907
0022200257,2022-11-22,2022-23,MEM,SAC,0,0.5845318244128979,0.5542116975053012,0.555142770896539,0.5551527362689417,0.5615002536948392
0022200258,2022-11-22,2022-23,DEN,DET,0,0.6950713001745306,0.6886305741744567,0.7133080507089726,0.7132929847248336,0.7404967071061543
0022200259,2022-11-22,2022-23,PHX,LAL,1,0.7244664577538931,0.7123532892387017,0.7128674474221974,0.7128833215843066,0.6918176915260307
0022200260,2022-11-23,2022-23,CHA,PHI,1,0.45194761732484556,0.47253915052979334,0.4716390899987156,0.47163325349452273,0.4229802282264366
0022200261,2022-11-23,2022-23,CLE,POR,1,0.6861422510982707,0.6514574369145665,0.652821008618615,0.6528273680574693,0.646627534503046
0022200262,2022-11-23,2022-23,IND,MIN,0,0.538813894402797,0.537938488899064,0.5316335526748189,0.5316246699848058,0.5032004969633002
0022200263,2022-11-23,2022-23,ATL,SAC,1,0.5981444094352415,0.5727777145023695,0.574945547159867,0.5749739366268563,0.5973733206479324
0022200264,2022-11-23,2022-23,BOS,DAL,1,0.6900368026428111,0.7010729095204273,0.6999982171679081,0.699978643920793,0.7236041684109451
0022200265,2022-11-23,2022-23,MIA,WAS,1,0.5251038830778143,0.5297065512597481,0.531545759825931,0.5315606966378552,0.5564809171429993
0022200266,2022-11-23,2022-23,TOR,BKN,0,0.6493942626146788,0.5588257069648437,0.5632660752841461,0.5632223970437586,0.6292483710230244
0022200267,2022-11-23,2022-23,MIL,CHI,0,0.6005501002181198,0.656865792002512,0.6550268142330357,0.6550438111035023,0.6737473953533495
0022200268,2022-11-23,2022-23,OKC,DEN,0,0.4920345969099584,0.5268062398758878,0.5456968782896657,0.5457980907456311,0.44775996443969274
0022200269,2022-11-23,2022-23,SAS,NOP,0,0.2494044691580964,0.2091756995560614,0.2520881249309262,0.25210774541565084,0.2582966042309005
0022200270,2022-11-23,2022-23,UTA,DET,0,0.7763793494392563,0.7687457770291257,0.7702769104180502,0.7703151416403611,0.742948782728086
0022200271,2022-11-23,2022-23,GSW,LAC,1,0.3931463343471674,0.44705667702084734,0.4480943189618945,0.4481776146238604,0.6348040639393999
0022200272,2022-11-25,2022-23,CHA,MIN,1,0.41955185990830246,0.4120830189998401,0.3738275513204564,0.3737954369789623,0.36148000008858533
0022200273,2022-11-25,2022-23,ORL,PHI,0,0.32829652702054085,0.30301910231185886,0.30069888846845194,0.30064912819723244,0.2870861444340283
0022200274,2022-11-25,2022-23,NYK,POR,0,0.5963709688158689,0.5762402975627116,0.5758127671249904,0.5758878313993903,0.513623250633603
0022200275,2022-11-25,2022-23,BOS,SAC,1,0.7488806056352618,0.7554800201158274,0.7544454906397698,0.754434078379192,0.7467721193496365
0022200276,2022-11-25,2022-23,IND,BKN,1,0.4780629728017404,0.453692863059645,0.4548071686672772,0.4548309013587113,0.406921292153699
0022200277,2022-11-25,2022-23,MIA,WAS,1,0.5992551839530931,0.539649802477089,0.5747638992838187,0.574747223007295,0.576960179874852
0022200278,2022-11-25,2022-23,HOU,ATL,1,0.340175452459088,0.2708524277685356,0.30608886677123237,0.3060543362124753,0.3297105456085504
0022200279,2022-11-25,2022-23,MEM,NOP,1,0.4882715804722708,0.44476250603010187,0.45692473369042613,0.45685695955203925,0.5195662558158866
0022200280,2022-11-25,2022-23,MIL,CLE,1,0.5299380905907936,0.5245355840815459,0.5170196795873973,0.5170155253327939,0.474697161503413
0022200281,2022-11-25,2022-23,OKC,CHI,1,0.4072426828312298,0.38737623763635926,0.38911602888243507,0.3891453594954506,0.36457382944567196
0022200282,2022-11-25,2022-23,SAS,LAL,0,0.3673403060078628,0.3928168084286402,0.3885224218720591,0.3885658602493785,0.3535583047904037
0022200283,2022-11-25,2022-23,PHX,DET,1,0.7698717881051036,0.7874326643135146,0.7969951836567792,0.7970588950153772,0.7463738609023005
0022200284,2022-11-25,2022-23,GSW,UTA,1,0.5724531200599152,0.6174651852588976,0.6143613552359463,0.6143158748974451,0.6448471241622477
0022200285,2022-11-25,2022-23,LAC,DEN,0,0.4617483305339966,0.4644491139645995,0.46528885108642715,0.4653237013442166,0.4255207791417908
0022200286,2022-11-26,2022-23,TOR,DAL,1,0.49110809968685853,0.502362415413926,0.5023520508300956,0.5023511531084175,0.5017791459539481
0022200287,2022-11-26,2022-23,HOU,OKC,1,0.47070587364920174,0.4427691203722042,0.4444194928110098,0.4444053885223499,0.482053225456957
0022200288,2022-11-26,2022-23,SAS,LAL,0,0.3856668573540989,0.41286628148319143,0.44922653443862853,0.4492551227706252,0.4260201627877512
0022200289,2022-11-26,2022-23,PHX,UTA,1,0.7010084686130585,0.7047160685973035,0.703789825261823,0.7037694198246564,0.6964484064863147
0022200290,2022-11-27,2022-23,BKN,POR,1,0.6180651363409855,0.6439845735698643,0.6586841576292342,0.6586664928553878,0.6382791041815802
0022200291,2022-11-27,2022-23,MIN,GSW,0,0.5158886944796346,0.47521236406095085,0.4772153303381359,0.47720177737025704,0.5020479690243402
0022200292,2022-11-27,2022-23,LAC,IND,1,0.4775200433806272,0.4700602062526982,0.4683441512658028,0.4683799218027961,0.45772748257845364
0022200293,2022-11-27,2022-23,ATL,MIA,0,0.560737099639524,0.5811609121960735,0.5476513804612758,0.547676478643241,0.5435933820726322
0022200294,2022-11-27,2022-23,BOS,WAS,1,0.809792836342117,0.788827230356243,0.8027805744662568,0.8027694521147859,0.792163182474606
0022200295,2022-11-27,2022-23,DET,CLE,0,0.35541033388860316,0.3093902510015796,0.3097166071727933,0.30968291819198696,0.35632273914377044
0022200296,2022-11-27,2022-23,NYK,MEM,0,0.4815724191515635,0.44748674269287,0.4531333848926916,0.45312975954179097,0.45757899819154674
0022200297,2022-11-27,2022-23,ORL,PHI,0,0.2990221562927418,0.2584832364731144,0.26040461729547315,0.2603956249015158,0.29454170961217824
0022200298,2022-11-27,2022-23,MIL,DAL,1,0.6532056751047173,0.7057713610161314,0.703989336279773,0.703991438312526,0.6747504269818608
0022200299,2022-11-28,2022-23,PHI,ATL,1,0.6644931824807336,0.686518172657892,0.6747099499741831,0.6747143529069136,0.7157538495360485
0022200300,2022-11-28,2022-23,WAS,MIN,1,0.5202250272937152,0.5132694080807748,0.5100692821496777,0.5100724687006541,0.487403578695252
0022200301,2022-11-28,2022-23,BOS,CHA,1,0.7746357126112053,0.7574705776570386,0.7583664407282211,0.7583384993238874,0.7868691553987176
0022200302,2022-11-28,2022-23,BKN,ORL,1,0.8131501505131427,0.843879950314652,0.841332603882748,0.8413218565086757,0.8467721085018352
0022200303,2022-11-28,2022-23,TOR,CLE,1,0.5866348902283689,0.6175761956352226,0.6169312537524344,0.616914574474817,0.6218910370566751
0022200304,2022-11-28,2022-23,NOP,OKC,1,0.7044548027129364,0.6079427064110253,0.6025346791274044,0.6024821935731747,0.6770876382827147
0022200305,2022-11-28,2022-23,DEN,HOU,1,0.755499472549551,0.7582891755550214,0.7612723370366141,0.761256219758352,0.7750100741565373
0022200306,2022-11-28,2022-23,UTA,CHI,0,0.5413891363622941,0.5082618025878155,0.5298046699916424,0.5298312339815786,0.5014517031853556
0022200307,2022-11-28,2022-23,SAC,PHX,0,0.4260679993798228,0.4149869078442422,0.41462985015797094,0.41460268221490837,0.4385433044782688
0022200308,2022-11-28,2022-23,LAL,IND,0,0.5942534445621392,0.5845504910687763,0.5850258487443086,0.5850163869856501,0.5817567250564748
0022200309,2022-11-29,2022-23,DET,NYK,0,0.4294565727468233,0.4537949101127198,0.44578713884010535,0.4457656829345904,0.4540838617208599
0022200310,2022-11-29,2022-23,DAL,GSW,1,0.4795158916812208,0.44380652451315955,0.4464728685547114,0.4465193711867472,0.4262726731859443
0022200311,2022-11-29,2022-23,POR,LAC,0,0.5660719507422723,0.5884102418558009,0.5848832067201939,0.584858870348779,0.582328143680404
0022200312,2022-11-30,2022-23,CLE,PHI,1,0.47509003584942006,0.4871771998476496,0.48820408095066936,0.4882136227433518,0.46291761455261415
0022200313,2022-11-30,2022-23,ORL,ATL,0,0.3496764016800564,0.3627898978740417,0.3497244722229193,0.3497564199276399,0.33341882128116446
0022200314,2022-11-30,2022-23,BOS,MIA,1,0.7508518355092942,0.7960566484060618,0.7942821976496331,0.7943100677715977,0.7829170708096133
0022200315,2022-11-30,2022-23,BKN,WAS,1,0.6892546942889436,0.671233095431642,0.6698499875379337,0.6697769233950867,0.7155545216617192
0022200316,2022-11-30,2022-23,NYK,MIL,0,0.38747493621189655,0.37397612674610164,0.3749169397314355,0.3749688736977589,0.2928450958073633
0022200317,2022-11-30,2022-23,MIN,MEM,1,0.4414634345527048,0.4213744375255571,0.4108066067408234,0.41080865655204485,0.3971814200176784
0022200318,2022-11-30,2022-23,NOP,TOR,1,0.5103819986560253,0.44524994304985666,0.44857804119083117,0.448644511132322,0.43159710483017283
0022200319,2022-11-30,2022-23,OKC,SAS,1,0.6303573340521429,0.6092688511076286,0.6113345183711115,0.611370896633632,0.6013332109704735
0022200320,2022-11-30,2022-23,DEN,HOU,1,0.7649063117831424,0.7692448713751228,0.7649031535300413,0.7648926150104435,0.7866006395480244
0022200321,2022-11-30,2022-23,PHX,CHI,1,0.6501186300782105,0.6650172334495786,0.6651248689619359,0.6651413514383357,0.6395240243695284
0022200322,2022-11-30,2022-23,UTA,LAC,1,0.6408963480705591,0.6156722982784085,0.608456978865067,0.6085132121165155,0.6043492527057754
0022200323,2022-11-30,2022-23,SAC,IND,1,0.5609239729550515,0.5530804683845416,0.5528996856139249,0.5529028654940078,0.5682394910077468
0022200324,2022-11-30,2022-23,LAL,POR,1,0.626784977456364,0.6638885894943559,0.6633216125194492,0.6633697524269827,0.7048311462090979
0022200325,2022-12-01,2022-23,DET,DAL,1,0.32560338817763473,0.2888660902017776,0.28968594000522946,0.289670667872519,0.3225845740497455
0022200326,2022-12-02,2022-23,CHA,WAS,1,0.4704352525765269,0.47509241471237884,0.47451159636551554,0.47452419068349155,0.49799578755203594
0022200327,2022-12-02,2022-23,ATL,DEN,1,0.4778175156147835,0.3984422164698581,0.4033281887171188,0.403240661357655,0.5101464831572904
0022200328,2022-12-02,2022-23,BOS,MIA,0,0.7781699622585619,0.7766924612420808,0.7756774606552774,0.7756734340054255,0.7667652005115555
0022200329,2022-12-02,2022-23,BKN,TOR,1,0.5964969065592294,0.5870509881320103,0.5858099881122627,0.5857892712329082,0.5581581570866845
0022200330,2022-12-02,2022-23,CLE,ORL,1,0.8198355326703437,0.8415837153348473,0.8403485797615888,0.8403529004487037,0.8232485929129699
0022200331,2022-12-02,2022-23,MIL,LAL,0,0.7142074113809183,0.7623124792736534,0.7593880043693672,0.7593938888725041,0.7508019348691872
0022200332,2022-12-02,2022-23,MEM,PHI,1,0.5373128250525336,0.5685058940007317,0.5548386786836905,0.5548418362721431,0.5123926398983265
0022200333,2022-12-02,2022-23,SAS,NOP,0,0.2986361358514323,0.28018184618372977,0.2787015874235969,0.2786960900609711,0.27226066595561194
0022200334,2022-12-02,2022-23,PHX,HOU,0,0.8261328001307846,0.8274566333635192,0.8271739717075496,0.8271430537912137,0.8573988646785824
0022200335,2022-12-02,2022-23,UTA,IND,1,0.6018114184983966,0.5939240299601646,0.5829333659369492,0.5829573598835812,0.5708664217541795
0022200336,2022-12-02,2022-23,GSW,CHI,1,0.6527146804911846,0.6563409718493465,0.6543016104539854,0.6542843495578498,0.6701432603443739
0022200337,2022-12-03,2022-23,NYK,DAL,0,0.5083942871367573,0.5192239472314818,0.5176740335405352,0.5177244852221653,0.47710405689017277
0022200338,2022-12-03,2022-23,LAC,SAC,0,0.5008323208648511,0.49595526308162363,0.49652011547454233,0.4965323498503798,0.4875375542315796
0022200339,2022-12-03,2022-23,CHA,MIL,0,0.3326351472068607,0.5736916311028794,0.5400523896699981,0.5401537138168112,0.4930039311784234
0022200340,2022-12-03,2022-23,TOR,ORL,1,0.8189364058855708,0.8265458340889078,0.8250802813430569,0.8250457630189841,0.8422959984483788
0022200341,2022-12-03,2022-23,MIN,OKC,0,0.6459218749113215,0.6278394396355799,0.6218113413758111,0.6217980242537644,0.6758828843711541
0022200342,2022-12-03,2022-23,GSW,HOU,1,0.8095807911783756,0.8425021299581333,0.8407765281499477,0.8407384250370437,0.8263631583007958
0022200343,2022-12-03,2022-23,UTA,POR,0,0.6322343836787295,0.6376443546823513,0.6324111319245136,0.6324731122929221,0.6054463032481486
0022200344,2022-12-04,2022-23,NOP,DEN,1,0.5573612613642631,0.545891840304072,0.5479877852012544,0.5480296543437063,0.5156659339009486
0022200345,2022-12-04,2022-23,SAS,PHX,0,0.17505627880518476,0.16579508220518005,0.1666283003512219,0.16665234732616624,0.16611290933915498
0022200346,2022-12-04,2022-23,BKN,BOS,0,0.39118166695587997,0.42085146491137715,0.41884885595750554,0.4188552912991002,0.4214143365740733
0022200347,2022-12-04,2022-23,DET,MEM,0,0.32723266143211854,0.32108137702266487,0.3546154744208651,0.354600425939917,0.3531766701383564
0022200348,2022-12-04,2022-23,NYK,CLE,1,0.37128615423189915,0.4045113691730901,0.4023217802036003,0.4023418206519013,0.39720664112100607
0022200349,2022-12-04,2022-23,WAS,LAL,0,0.5073812611098797,0.5069845822457111,0.4900112723415135,0.4900457009973835,0.4550430486997554
0022200350,2022-12-04,2022-23,SAC,CHI,1,0.5328339803273584,0.5843524846313174,0.5556562605206606,0.5556673848386495,0.5547683057448203
0022200351,2022-12-04,2022-23,POR,IND,1,0.4755616302227231,0.5333673092269227,0.5694119346551358,0.569454189678868,0.5533560803190465
0022200352,2022-12-05,2022-23,CHA,LAC,0,0.49676654511400287,0.43471780651978387,0.4118122063074913,0.41187354743867444,0.330936949773364
0022200353,2022-12-05,2022-23,ORL,MIL,0,0.2896238466183371,0.30732428005970797,0.36705365676711255,0.3671199812978796,0.17565087685395164
0022200354,2022-12-05,2022-23,ATL,OKC,0,0.7209709898166886,0.732166541735224,0.7304951407599832,0.7304983002242292,0.6758774544331753
0022200355,2022-12-05,2022-23,TOR,BOS,0,0.42842549815876707,0.4709542430811231,0.46961674417807897,0.4696461089814533,0.4570632473625812
0022200356,2022-12-05,2022-23,HOU,PHI,1,0.2818852759096324,0.2762885304577949,0.28305963708967624,0.2831021818755519,0.2669688991846818
0022200357,2022-12-05,2022-23,MEM,MIA,1,0.49063539435878173,0.4691451764043172,0.42453844159576204,0.42444836421090537,0.5054140218184623
0022200358,2022-12-05,2022-23,DAL,PHX,1,0.5379408204949856,0.48201698843875396,0.4836314355463331,0.48365362294018244,0.462817878616666
0022200359,2022-12-05,2022-23,GSW,IND,0,0.7805125179708391,0.7706451853689068,0.8050373031470759,0.8050230118682893,0.8317987958824522
0022200360,2022-12-06,2022-23,CLE,LAL,1,0.5898637076495945,0.6098891641658148,0.6105909432842794,0.6106442931510856,0.6068753073373632
0022200361,2022-12-06,2022-23,MIA,DET,0,0.7087792573749487,0.5968504116054271,0.5996729233117872,0.5995759861217075,0.6373932094034074
0022200362,2022-12-06,2022-23,DEN,DAL,0,0.6116644266390188,0.5990291911517172,0.6068438221269129,0.6068137297715478,0.6248147547227066
0022200363,2022-12-07,2022-23,ORL,LAC,1,0.2748085053926574,0.2792909283631276,0.2801788958110351,0.2803416529304326,0.20371862704358523
0022200364,2022-12-07,2022-23,BKN,CHA,1,0.7424863605641762,0.7521610351335161,0.7502523321746374,0.7502169895132628,0.7750113410064783
0022200365,2022-12-07,2022-23,NYK,ATL,1,0.5334665183296521,0.5348522990884079,0.5334331072098902,0.5334224423039214,0.5521847282706438
0022200366,2022-12-07,2022-23,TOR,LAL,1,0.702114256637251,0.8335649401938813,0.830228274084593,0.8302687457615647,0.7515737526423932
0022200367,2022-12-07,2022-23,CHI,WAS,1,0.6056455079360199,0.6575703101064533,0.6554195837874814,0.6554407296521784,0.6218682719724665
0022200368,2022-12-07,2022-23,MEM,OKC,1,0.7071490304568326,0.767703092623595,0.7621081274789515,0.7621242016302175,0.7214234622355368
0022200369,2022-12-07,2022-23,MIL,SAC,1,0.5931306518107802,0.5644701837448215,0.5659486700387164,0.5659486599837902,0.6655730671060459
0022200370,2022-12-07,2022-23,MIN,IND,1,0.595210069045089,0.6147683632998739,0.6126786443793694,0.6127187069205097,0.5673811976745871
0022200371,2022-12-07,2022-23,NOP,DET,1,0.8028815745603417,0.7859935640409763,0.7910176115177926,0.791038706599563,0.7858617108720293
0022200372,2022-12-07,2022-23,UTA,GSW,1,0.4916909183833494,0.6600433443521,0.6568184675507069,0.656826801412551,0.7042965948428925
0022200373,2022-12-07,2022-23,PHX,BOS,0,0.43543624606084375,0.4582941208473802,0.4581616123852785,0.45815318794913723,0.47382205260634586
0022200374,2022-12-08,2022-23,MIA,LAC,1,0.551206756022203,0.5728261017022981,0.5746452749225386,0.5746989976122061,0.6003731344218091
0022200375,2022-12-08,2022-23,SAS,HOU,1,0.3948638346242027,0.4625677153939117,0.4621286592324706,0.46207070939280454,0.5341854251396836
0022200376,2022-12-08,2022-23,POR,DEN,0,0.4743662622783644,0.4525281617673914,0.45056562683385487,0.45056190106640864,0.5329531231360817
0022200377,2022-12-09,2022-23,CHA,NYK,0,0.4113124847563021,0.4200923178351148,0.41971698704571697,0.4197452259605687,0.3668110793988303
0022200378,2022-12-09,2022-23,IND,WAS,1,0.5500662903068898,0.5664535333766957,0.5762144251613037,0.5762133141745366,0.5814656632256847
0022200379,2022-12-09,2022-23,ORL,TOR,1,0.28787606563267926,0.2707700219875774,0.27192853126620864,0.2719578178943636,0.2191656147739663
0022200380,2022-12-09,2022-23,BKN,ATL,1,0.6657439400547933,0.7186529039361986,0.7152590098975116,0.7152053941055225,0.761587844288468
0022200381,2022-12-09,2022-23,CLE,SAC,0,0.618391734351514,0.5604278435980105,0.561340078536009,0.5613359300056657,0.5717213966198249
0022200382,2022-12-09,2022-23,PHI,LAL,1,0.7077071637710444,0.675110394429979,0.6735895844628348,0.6735651002823666,0.6213424095021005
0022200383,2022-12-09,2022-23,MEM,DET,1,0.7613238623312775,0.7335008845733134,0.7512415686536907,0.7512572933661117,0.7361359580539983
0022200384,2022-12-09,2022-23,NOP,PHX,1,0.5183983309190218,0.459156534395441,0.4622200563301367,0.4622655380136581,0.44205884020245234
0022200385,2022-12-09,2022-23,UTA,MIN,0,0.5941778935350447,0.6162669385955827,0.6175195004163023,0.6174437648166616,0.6344504348435984
0022200386,2022-12-09,2022-23,DAL,MIL,0,0.48754393603787205,0.46549914827730077,0.46729811806409666,0.4673470599254455,0.4043724032636473
0022200387,2022-12-10,2022-23,MIA,SAS,0,0.7208217999123733,0.7340379287616057,0.7429204638019674,0.7429086384928436,0.7780100893281363
0022200388,2022-12-10,2022-23,IND,BKN,0,0.41439975934999074,0.7836925800896355,0.7824022552786112,0.7825429364414405,0.712565093277321
0022200389,2022-12-10,2022-23,WAS,LAC,0,0.40885592937134185,0.385577309368386,0.393685288940414,0.393740285598713,0.31559801891690137
0022200390,2022-12-10,2022-23,CLE,OKC,1,0.6500528288583541,0.664529693871246,0.6640139207284826,0.6640206989388103,0.6312038208377682
0022200391,2022-12-10,2022-23,CHI,DAL,1,0.5577349337703709,0.674277982876534,0.6699096384186868,0.6699630205194006,0.5964332965524817
0022200392,2022-12-10,2022-23,GSW,BOS,1,0.224997396726962,0.20015535781051022,0.20266528701491932,0.20271898224016352,0.33919897560214923
0022200393,2022-12-10,2022-23,DEN,UTA,1,0.6584723986337374,0.7409143586763419,0.737774967963613,0.7378103473804264,0.7234348538096007
0022200394,2022-12-10,2022-23,POR,MIN,1,0.6222337479773409,0.6320868437192961,0.6306306675450334,0.6305922543023911,0.6410248460686229
0022200395,2022-12-11,2022-23,NOP,PHX,1,0.5355525870275453,0.5901999631778033,0.5899806078918219,0.590054369736916,0.526785187094713
0022200396,2022-12-11,2022-23,DET,LAL,0,0.42188165665529054,0.4162588943116168,0.416963419210116,0.4169845349752844,0.39838182650240433
0022200397,2022-12-11,2022-23,NYK,SAC,1,0.5175140308496543,0.5389313472321384,0.5264450729817214,0.526459224636435,0.5153717842528062
0022200398,2022-12-11,2022-23,ORL,TOR,1,0.2929863340412157,0.3500780667496279,0.3493634713609046,0.3494292204252747,0.2988038696633299
0022200399,2022-12-11,2022-23,PHI,CHA,1,0.7819435694470659,0.7822475150234696,0.7877785014915384,0.7877502846409191,0.8126945290201769
0022200400,2022-12-11,2022-23,ATL,CHI,1,0.567015922150414,0.5766734921199831,0.5775643898273228,0.5776075931178711,0.5422197988288089
0022200401,2022-12-11,2022-23,HOU,MIL,1,0.24488750825973535,0.23614164142849814,0.23794577583325482,0.23796419255790313,0.2390741792778471
0022200402,2022-12-12,2022-23,IND,MIA,0,0.4901859907844548,0.4984222546257699,0.48975492677710314,0.4897725681756768,0.4728433944009681
0022200403,2022-12-12,2022-23,WAS,BKN,0,0.5075839229145301,0.5160870080397448,0.4996551629178813,0.4996426462308094,0.31213237231306923
0022200404,2022-12-12,2022-23,MEM,ATL,1,0.7441996908849796,0.7769219767995241,0.7886140912885703,0.7886253960820184,0.7681768515235279
0022200405,2022-12-12,2022-23,DAL,OKC,1,0.6356404398516134,0.6553986778558821,0.6554108478690803,0.6554093591375515,0.6941713559371906
0022200406,2022-12-12,2022-23,SAS,CLE,1,0.30954377624165397,0.25590672885327814,0.2561421892131842,0.2561339456436179,0.2665412688341914
0022200407,2022-12-12,2022-23,POR,MIN,1,0.5566581904616356,0.5738525151817022,0.5716415028508343,0.5715903701292874,0.5662231128952047
0022200408,2022-12-12,2022-23,LAC,BOS,1,0.33682442396759854,0.3212525796056029,0.320547242953177,0.32050363174811114,0.31383826101837103
0022200409,2022-12-13,2022-23,PHI,SAC,1,0.6054536986350522,0.5406771054276746,0.5643408338102,0.5642884133363383,0.6349361108888328
0022200410,2022-12-13,2022-23,MIL,GSW,1,0.6025621049240385,0.520384105336324,0.5223457562682577,0.5223030451082308,0.502214660218004
0022200411,2022-12-13,2022-23,HOU,PHX,1,0.3287757489031526,0.3367639589767196,0.3362128471647451,0.336199044645014,0.34939173302390053
0022200412,2022-12-13,2022-23,UTA,NOP,1,0.4273012254589202,0.426771542262876,0.4264580153852946,0.4264482361524551,0.5246756388910473
0022200413,2022-12-13,2022-23,LAL,BOS,0,0.4424045740301565,0.4233483414322234,0.4232976032604789,0.4232610731389973,0.43833233397400356
0022200414,2022-12-14,2022-23,CHA,DET,0,0.5207872464119251,0.5224252802819265,0.5273941662733244,0.5274103147374909,0.5462072724604137
0022200415,2022-12-14,2022-23,IND,GSW,1,0.4832178184676968,0.4814058689881774,0.48180153943813886,0.4818661847911282,0.47854946749041055
0022200416,2022-12-14,2022-23,ORL,ATL,1,0.48563595972398627,0.5122726443329457,0.5136784864686813,0.513641887455952,0.44253789522318787
0022200417,2022-12-14,2022-23,TOR,SAC,0,0.6186805422589611,0.6103629665394998,0.6102202677823398,0.6102318665555027,0.6401474999709434
0022200418,2022-12-14,2022-23,CHI,NYK,0,0.5024524536809537,0.4989411085075904,0.4995404754956374,0.49952061138293735,0.5233936492951431
0022200419,2022-12-14,2022-23,OKC,MIA,0,0.43620209182009023,0.5230195868748165,0.5220590899097457,0.5220639640946922,0.5364050955535159
0022200420,2022-12-14,2022-23,SAS,POR,0,0.3935047405350757,0.2705758770328677,0.2739625234614872,0.2739594341992211,0.29208499428117396
0022200421,2022-12-14,2022-23,DAL,CLE,0,0.5038885563558398,0.46487557635784493,0.46629564565880893,0.46627186472114,0.4477383820249053
0022200422,2022-12-14,2022-23,DEN,WAS,1,0.7374353580762192,0.7876512314425994,0.7842453572908302,0.7842558327133029,0.7419700496876586
0022200423,2022-12-14,2022-23,LAC,MIN,1,0.6299081463481083,0.7067937910707093,0.7041644315875877,0.70413066710057,0.7075660408096769
0022200424,2022-12-15,2022-23,HOU,MIA,0,0.5633973143990864,0.6046731888918344,0.609538473839143,0.6096712766940339,0.4743190929637891
0022200425,2022-12-15,2022-23,MEM,MIL,1,0.5605468747633061,0.5534648089113937,0.5564761723934459,0.556490753600344,0.5352873355505428
0022200426,2022-12-15,2022-23,UTA,NOP,1,0.543696843001485,0.5777441349205273,0.5752630012347628,0.5752541131176803,0.5783453292313394
0022200427,2022-12-15,2022-23,LAC,PHX,0,0.503206955667603,0.29963089480434757,0.303344728470064,0.3032886860201709,0.2967968304791402
0022200428,2022-12-16,2022-23,CHA,ATL,0,0.4708130187281554,0.5561914289807425,0.5703443122611646,0.570271318989184,0.559376639297475
0022200429,2022-12-16,2022-23,DET,SAC,0,0.42771188948568384,0.41810316353289195,0.4099581212174657,0.40998623334389667,0.3607176837514235
0022200430,2022-12-16,2022-23,BOS,ORL,0,0.8447206591879842,0.8591905525922685,0.8579994958447312,0.85798515277834,0.8732592317227299
0022200431,2022-12-16,2022-23,CLE,IND,1,0.7171285464755357,0.7217073830675352,0.7209261195158525,0.7209145365984408,0.7167150438211155
0022200432,2022-12-16,2022-23,PHI,GSW,1,0.6361559199392803,0.7872224147174519,0.7828291267522378,0.7828006981382029,0.810859689282791
0022200433,2022-12-16,2022-23,TOR,BKN,0,0.4348116584104938,0.39296513921978876,0.3971159133155702,0.3971086537013914,0.41852620830286047
0022200434,2022-12-16,2022-23,CHI,NYK,0,0.48644116166436097,0.4786040383377155,0.48261266386099444,0.482617179253093,0.48738730016678966
0022200435,2022-12-16,2022-23,OKC,MIN,0,0.5523900529400986,0.557778625094629,0.6245812877682008,0.6245464636391396,0.6182707233674525
0022200436,2022-12-16,2022-23,DAL,POR,1,0.5566239039581796,0.5276588342267692,0.5304787904664645,0.5304719445845029,0.5569216807907295
0022200437,2022-12-16,2022-23,LAL,DEN,1,0.5035661195158132,0.5020411304859757,0.5009871211732696,0.5009590664657884,0.49509515685262834
0022200438,2022-12-17,2022-23,LAC,WAS,1,0.5742407791288965,0.5565190496511636,0.5682401151938549,0.5682766900663362,0.6177309555434299
0022200439,2022-12-17,2022-23,SAS,MIA,0,0.2884777086673327,0.3561781317379201,0.3555142497012225,0.355533848993607,0.3038474945431842
0022200440,2022-12-17,2022-23,CLE,DAL,1,0.6711986146219372,0.7667690326789995,0.7630006181611557,0.7630160764747933,0.7399406890591239
0022200441,2022-12-17,2022-23,HOU,POR,0,0.5626872033720085,0.514243563605799,0.5461332368274292,0.5461601347169127,0.5385382129015799
0022200442,2022-12-17,2022-23,MIL,UTA,1,0.5308849384721974,0.4453945583759391,0.44818750966590326,0.4481408143127071,0.5199292389487147
0022200443,2022-12-17,2022-23,OKC,MEM,1,0.2795069351422629,0.2157652558388565,0.2174638356195512,0.2173921980030477,0.2781742347974904
0022200444,2022-12-17,2022-23,PHX,NOP,1,0.5698536941593723,0.570440244093694,0.5687475928620122,0.5687140408658459,0.5875554821877538
0022200445,2022-12-18,2022-23,BOS,ORL,0,0.8163846873286386,0.7921088303688149,0.7923021623067945,0.7922590154106761,0.8202710558671272
0022200446,2022-12-18,2022-23,IND,NYK,0,0.39544615983068215,0.38717086802624656,0.3874873218343003,0.38749553548465837,0.3590987745673214
0022200447,2022-12-18,2022-23,DET,BKN,0,0.3342382024612957,0.3193619697067801,0.32032429035318605,0.32032747789302557,0.303961658950966
0022200448,2022-12-18,2022-23,TOR,GSW,0,0.6336183890436727,0.5868426866765419,0.585317278167376,0.5852899407054123,0.5907253352095094
0022200449,2022-12-18,2022-23,MIN,CHI,1,0.4684819858737483,0.4793888288922237,0.49902828159814294,0.4990632373912825,0.4656625129113056
0022200450,2022-12-18,2022-23,DEN,CHA,1,0.7391623116223079,0.7321388058746632,0.7320689655002399,0.7320686188686288,0.7257750376832207
0022200451,2022-12-18,2022-23,LAL,WAS,1,0.7479882446353476,0.6441741296487546,0.6469613134712252,0.6468855203079292,0.6895265736781393
0022200452,2022-12-19,2022-23,CLE,UTA,1,0.6555537901597768,0.6610612492985187,0.6585852144919241,0.6586217599979278,0.6714960560395411
0022200453,2022-12-19,2022-23,PHI,TOR,1,0.7858921831136664,0.7552046490664039,0.7429708412082879,0.7429618636374855,0.7412605739726811
0022200454,2022-12-19,2022-23,ATL,ORL,1,0.6581202379049864,0.649746664051389,0.6512208321685882,0.6512119577236233,0.6490568775418853
0022200455,2022-12-19,2022-23,HOU,SAS,0,0.6593214271586672,0.6909590451936389,0.6891410762123892,0.6891614927402123,0.6848505174527807
0022200456,2022-12-19,2022-23,MIN,DAL,1,0.43494969805765565,0.42543166767780705,0.3992720203287208,0.3993094405115894,0.40657247531819724
0022200457,2022-12-19,2022-23,NOP,MIL,0,0.5683492675804278,0.5338401501371753,0.5354336955277319,0.5354097174518125,0.45515078377650064
0022200458,2022-12-19,2022-23,OKC,POR,1,0.5205563389165988,0.5639417888623652,0.5610927767582893,0.5610922041616231,0.5217253129079152
0022200459,2022-12-19,2022-23,PHX,LAL,1,0.7466445838878204,0.7066870615200911,0.7051766516602972,0.7052566533487864,0.6594765366241253
0022200460,2022-12-19,2022-23,SAC,CHA,0,0.8045958204107695,0.8132295914729164,0.81257990132466,0.8126027795258106,0.7728892923120964
0022200461,2022-12-20,2022-23,DET,UTA,0,0.4862785538153279,0.45965021426339675,0.46003605868580416,0.46002020787637804,0.483289171904495
0022200462,2022-12-20,2022-23,MIA,CHI,0,0.6175510434086139,0.5280898850165237,0.5293693774342,0.5293506656657052,0.5446026855140903
0022200463,2022-12-20,2022-23,NYK,GSW,1,0.6779669484100618,0.7139806167318236,0.7104599347077973,0.7104618597735894,0.7211530501965875
0022200464,2022-12-20,2022-23,PHX,WAS,0,0.6785975531062398,0.7294626428141454,0.7274077958131278,0.7274348213705472,0.7034821546693686
0022200465,2022-12-20,2022-23,DEN,MEM,1,0.45739078941590594,0.41091977697892673,0.39823477767653165,0.39817137812756864,0.4568412681663901
0022200466,2022-12-21,2022-23,CLE,MIL,1,0.5400484142259443,0.532637269446555,0.5333044093505055,0.5333197597603213,0.5284062689396584
0022200467,2022-12-21,2022-23,PHI,DET,1,0.850148536276128,0.8425835046165857,0.8419555068975483,0.8419575931680835,0.8504135606855563
0022200468,2022-12-21,2022-23,ATL,CHI,0,0.6164204655707943,0.634007138960847,0.6336272572718057,0.633674592716025,0.6062204204514657
0022200469,2022-12-21,2022-23,BOS,IND,0,0.7624690560935075,0.731922008140792,0.7332597049567025,0.7332145808913534,0.8018388453286015
0022200470,2022-12-21,2022-23,BKN,GSW,1,0.7571533077420691,0.7869357188584853,0.7840503109645796,0.7840240187547479,0.7906498556806224
0022200471,2022-12-21,2022-23,NYK,TOR,0,0.6154450565842123,0.605941906631097,0.60546876013054,0.6054459391623297,0.6640951031311653
0022200472,2022-12-21,2022-23,HOU,ORL,0,0.4800809240345931,0.4944017620115032,0.4813842043908016,0.4813809692970422,0.4752898317712792
0022200473,2022-12-21,2022-23,MIN,DAL,0,0.5182593627117863,0.5817826599167836,0.5844873681106072,0.5845049631970203,0.5641209197588891
0022200474,2022-12-21,2022-23,OKC,POR,1,0.541152780669314,0.4976021977770405,0.4900200652209255,0.49003616253801013,0.47336577557567217
0022200475,2022-12-21,2022-23,SAC,LAL,1,0.6479988468269443,0.5994388510073327,0.600343875949732,0.600341899531751,0.5980846556494529
0022200476,2022-12-21,2022-23,LAC,CHA,1,0.6376600927383614,0.6493702411254981,0.6496969735497495,0.6496941062267434,0.6900771648906148
0022200477,2022-12-22,2022-23,NOP,SAS,1,0.80400739821536,0.7405823436947335,0.7529836067508363,0.7529532464781011,0.7705510593019341
0022200478,2022-12-22,2022-23,UTA,WAS,1,0.6805921192449006,0.6777894212265547,0.6766479916834556,0.6766991972095833,0.6223877507299854
0022200479,2022-12-23,2022-23,ORL,SAS,1,0.7348942544519057,0.6848650536282381,0.6862335181405578,0.6862358305893892,0.65937088139641
0022200480,2022-12-23,2022-23,PHI,LAC,1,0.657107423182219,0.6335008369690793,0.6311288944114911,0.6311779588119587,0.58896880504086
0022200481,2022-12-23,2022-23,ATL,DET,1,0.6701680599648678,0.6904405067241152,0.6900602628867132,0.6900674133371111,0.6698692820441182
0022200482,2022-12-23,2022-23,BOS,MIN,1,0.7279914859663277,0.7048649266581913,0.7049390493791157,0.7048976793592054,0.7421356016014862
0022200483,2022-12-23,2022-23,BKN,MIL,1,0.5021165770267785,0.46895033008732423,0.47115985958955275,0.47115059947137194,0.49438624065663156
0022200484,2022-12-23,2022-23,CLE,TOR,0,0.6942843915660372,0.6787939660689372,0.6781711001601402,0.6781828247810707,0.6422430970562436
0022200485,2022-12-23,2022-23,NYK,CHI,0,0.7006367766650472,0.7255158457848776,0.7238411974297129,0.723856274442256,0.7188085887172547
0022200486,2022-12-23,2022-23,MIA,IND,0,0.5383219322154331,0.6138056566082694,0.6087800594802141,0.6087970608216644,0.5994106087930176
0022200487,2022-12-23,2022-23,HOU,DAL,0,0.3706619760396954,0.34255944320739684,0.34235641859253324,0.34233874468663733,0.3247020237642599
0022200488,2022-12-23,2022-23,OKC,NOP,0,0.505480682223118,0.5255414723411229,0.48772824652817315,0.4877009663315472,0.48680637053338854
0022200489,2022-12-23,2022-23,DEN,POR,1,0.6247996932535397,0.6626448742891058,0.6624194518240533,0.6624587866727875,0.6601415108951686
0022200490,2022-12-23,2022-23,PHX,MEM,0,0.5057810029643899,0.47434241792419385,0.46976614377184844,0.46978574350304303,0.45005427143984766
0022200491,2022-12-23,2022-23,SAC,WAS,0,0.7598819024764862,0.7687560961085105,0.7650974069441856,0.7651134379000444,0.701311682528924
0022200492,2022-12-23,2022-23,LAL,CHA,0,0.6423210068188746,0.6499329818802835,0.6496864332381495,0.6496933148256488,0.6413561238213296
0022200493,2022-12-25,2022-23,NYK,PHI,0,0.5348724762971154,0.527988851575337,0.5285837135806882,0.5285937956011391,0.5079181388534316
0022200494,2022-12-25,2022-23,DAL,LAL,1,0.6164447366608952,0.5953952731986538,0.5965575494232213,0.596585959571245,0.604391879731169
0022200495,2022-12-25,2022-23,BOS,MIL,1,0.6218492095326119,0.6151466409594285,0.6156310686355824,0.6156325784223942,0.5994103564598386
0022200496,2022-12-25,2022-23,GSW,MEM,1,0.298137531112796,0.24864514033518006,0.28636870576440104,0.28640941238324846,0.27813494563992025
0022200497,2022-12-25,2022-23,DEN,PHX,1,0.6226457670581057,0.5563091047636258,0.5558750941049246,0.5558410048089119,0.56193528727616
0022200498,2022-12-26,2022-23,CLE,BKN,0,0.5571632157067178,0.5898123433901452,0.5885961029538319,0.5886082662886751,0.5689123484171023
0022200499,2022-12-26,2022-23,DET,LAC,0,0.29607030007736024,0.3406086879729016,0.3509666526389365,0.35097774741702636,0.3271008402962039
0022200500,2022-12-26,2022-23,MIA,MIN,1,0.5531153290019556,0.42603996878902695,0.4300417489493474,0.4299760951037251,0.49100376891139635
0022200501,2022-12-26,2022-23,CHI,HOU,0,0.731637229123487,0.709613766180122,0.705431961804877,0.7054408359193395,0.6953713529437261
0022200502,2022-12-26,2022-23,NOP,IND,1,0.6706908337453307,0.6147887826742839,0.581833741972127,0.5817423707667747,0.6507470278954788
0022200503,2022-12-26,2022-23,SAS,UTA,1,0.3594317681858203,0.3782460009421709,0.37753319478799313,0.3774922742642169,0.34152012205752263
0022200504,2022-12-26,2022-23,POR,CHA,1,0.6178446162337983,0.6325122204750241,0.6151158186077256,0.6151581186575745,0.5882423912393416
0022200505,2022-12-27,2022-23,ORL,LAL,0,0.545004706454486,0.5704143184478175,0.5689197735781844,0.5689253779017551,0.5108600940646673
0022200506,2022-12-27,2022-23,WAS,PHI,1,0.36742169618319087,0.3585527759830555,0.3499940782146365,0.34999887200706475,0.33481405302488815
0022200507,2022-12-27,2022-23,BOS,HOU,1,0.8700985224153948,0.8971776601711651,0.8962191435034988,0.8962215406847871,0.8975114519641659
0022200508,2022-12-27,2022-23,IND,ATL,1,0.45096722587647514,0.5617259009448858,0.5586912769627805,0.5587106634136583,0.5215672132657871
0022200509,2022-12-27,2022-23,TOR,LAC,0,0.7015890256197883,0.6982356888469694,0.6964456731370504,0.6964439361057605,0.5753938218082791
0022200510,2022-12-27,2022-23,MEM,PHX,0,0.6323960668478595,0.7277077463923176,0.7245871391695894,0.7246252738745248,0.6746693929841007
0022200511,2022-12-27,2022-23,OKC,SAS,1,0.7463487103655241,0.7694465086885104,0.7685753666876471,0.7685790156239568,0.7248801587779277
0022200512,2022-12-27,2022-23,DAL,NYK,1,0.4753937549319905,0.4584086113878534,0.45884813152033116,0.4588905114986663,0.44931152493102705
0022200513,2022-12-27,2022-23,GSW,CHA,1,0.7002369927900544,0.7120578970916357,0.7131244105680931,0.7132108736933837,0.6359218123963826
0022200514,2022-12-27,2022-23,SAC,DEN,0,0.4877357804674743,0.4467363142923274,0.47506302532871614,0.4750658834293309,0.4975492137374667
0022200515,2022-12-28,2022-23,DET,ORL,1,0.5114442108362116,0.45247266367362926,0.45488229030845245,0.45490160990787587,0.5329247694246603
0022200516,2022-12-28,2022-23,WAS,PHX,1,0.48931874340335635,0.48402195568342776,0.45102073595717473,0.4509323611078412,0.49607601614303676
0022200517,2022-12-28,2022-23,ATL,BKN,0,0.2954266237606795,0.2544021826066993,0.2572698260439588,0.2572334880209242,0.27650948287898336
0022200518,2022-12-28,2022-23,MIA,LAL,1,0.6024249417020112,0.5738339999309157,0.5767746738553868,0.5767396416281517,0.6392395427412965
0022200519,2022-12-28,2022-23,CHI,MIL,1,0.39144430945417125,0.45622117805108875,0.4628904875915017,0.4629365457361114,0.40298785362360684
0022200520,2022-12-28,2022-23,NOP,MIN,1,0.6713844781611189,0.6293137869542927,0.6370131491581853,0.6370331671627807,0.6308796715196142
0022200521,2022-12-28,2022-23,GSW,UTA,1,0.46179814824910176,0.3379601194503409,0.4048547070490222,0.4048438924947475,0.4013627972346534
0022200522,2022-12-28,2022-23,SAC,DEN,1,0.5035322056405244,0.5302770348848249,0.5869684291128374,0.5870220708955575,0.5439326971682616
0022200523,2022-12-29,2022-23,CHA,OKC,1,0.5010918613174923,0.5061336851323621,0.5097452286345625,0.509743702361793,0.5053943411257453
0022200524,2022-12-29,2022-23,IND,CLE,1,0.3975785721143296,0.3949482524007578,0.410124816183067,0.4101484263918575,0.3831419701662169
0022200525,2022-12-29,2022-23,BOS,LAC,1,0.6664082947171177,0.660802206880602,0.6614911284905604,0.6614888190996072,0.7012664521034075
0022200526,2022-12-29,2022-23,TOR,MEM,0,0.47630625389878556,0.42272039827696917,0.42412552527328284,0.42406183745089215,0.4322110950705042
0022200527,2022-12-29,2022-23,SAS,NYK,1,0.27702705863494875,0.3750945070727263,0.3695850118060744,0.369539581830303,0.3867614354639815
0022200528,2022-12-29,2022-23,DAL,HOU,1,0.7593480687366725,0.7027586179692309,0.703797056172156,0.703779896257155,0.6859615232406966
0022200529,2022-12-30,2022-23,ORL,WAS,0,0.4427020409667325,0.36933404056374364,0.38200805240868935,0.38184808792554864,0.5017226624675243
0022200530,2022-12-30,2022-23,ATL,LAL,0,0.532673075733351,0.5178152639689929,0.5189153467557895,0.5189815771302513,0.47849461634541596
0022200531,2022-12-30,2022-23,TOR,PHX,1,0.497823688651449,0.5248251580294958,0.5227134819687209,0.5226680460347818,0.5289345484821343
0022200532,2022-12-30,2022-23,CHI,DET,1,0.6900217849289558,0.7088221971312224,0.7070844558862408,0.7071326919182032,0.6679643410032301
0022200533,2022-12-30,2022-23,MIL,MIN,1,0.6384295952275937,0.6665995371520005,0.6649939708772395,0.6649971289203991,0.6342488991366061
0022200534,2022-12-30,2022-23,NOP,PHI,1,0.4813591475273903,0.4881126335413101,0.4908697075420562,0.49085546532209107,0.4887527738177007
0022200535,2022-12-30,2022-23,DEN,MIA,1,0.5754002176061529,0.5894048989297527,0.5954467334367,0.595564084895923,0.5890038169196083
0022200536,2022-12-30,2022-23,GSW,POR,1,0.5324877626884666,0.5449918013149035,0.5477906943341805,0.5478739158467528,0.5415495880024076
0022200537,2022-12-30,2022-23,SAC,UTA,1,0.562129998075978,0.5566026363858052,0.558284908207866,0.558259967125968,0.540764284968706
0022200538,2022-12-31,2022-23,IND,LAC,1,0.4646229459072497,0.47080810319410393,0.47121424268007633,0.4712752267171091,0.42869903561366246
0022200539,2022-12-31,2022-23,CHA,BKN,0,0.30551054475188877,0.2859789396362557,0.2893737389054112,0.2893057957428177,0.30197441473118025
0022200540,2022-12-31,2022-23,CHI,CLE,0,0.3793768614686064,0.38837679851239315,0.4410519556061046,0.44112273343011527,0.3934251928514576
0022200541,2022-12-31,2022-23,HOU,NYK,0,0.36369191107103777,0.3717025547572972,0.34423648463867434,0.34417625791896156,0.38084664348592107
0022200542,2022-12-31,2022-23,SAS,DAL,0,0.38977054835187097,0.42500113132748213,0.4222020849218958,0.42210768186161307,0.4353162510248737
0022200543,2022-12-31,2022-23,MEM,NOP,1,0.660718539364669,0.6301147585803394,0.6286607427021018,0.6286140486178208,0.6455379934558041
0022200544,2022-12-31,2022-23,MIN,DET,0,0.6809692897656393,0.6686842719925633,0.6899007644482238,0.6899037308908702,0.6955571283971572
0022200545,2022-12-31,2022-23,OKC,PHI,0,0.45803144103408944,0.5565642755055294,0.5538340136727247,0.5539483723984827,0.41591612101443204
0022200546,2022-12-31,2022-23,UTA,MIA,0,0.5683010862334039,0.6700229923541161,0.6658923783285172,0.6659077831750674,0.654762925356915
0022200547,2023-01-01,2022-23,MEM,SAC,1,0.6110055975279337,0.5360451071354688,0.537426558164315,0.5374132715421869,0.5576456961680696
0022200548,2023-01-01,2022-23,MIL,WAS,0,0.603933802094103,0.4982791043560438,0.5009237089100128,0.5009171326860042,0.4908807978326318
0022200549,2023-01-01,2022-23,DEN,BOS,1,0.40309374832024886,0.3741988411006353,0.34356549384226226,0.3435495047919299,0.3790595746116004
0022200550,2023-01-02,2022-23,NYK,PHX,1,0.6069185358688269,0.5739101709168786,0.5668324272972637,0.5668169488608322,0.5848943840580478
0022200551,2023-01-02,2022-23,CHA,LAL,0,0.4209089704280505,0.4164083551145169,0.40843390638144994,0.40843403398363126,0.452562275313072
0022200552,2023-01-02,2022-23,CLE,CHI,1,0.6635594847543691,0.7000072357571395,0.6853278323049359,0.6853236124627194,0.6801436403395787
0022200553,2023-01-02,2022-23,IND,TOR,1,0.5391665301021509,0.5247669632676633,0.5193611699854386,0.5193647299258789,0.5073731948183335
0022200554,2023-01-02,2022-23,PHI,NOP,1,0.5863075290121211,0.5657186130542244,0.5651853513914367,0.5651472220031563,0.6210669537936092
0022200555,2023-01-02,2022-23,BKN,SAS,1,0.7826518946685327,0.7966951830219018,0.79694102418926,0.7969434891855959,0.8092097294819541
0022200556,2023-01-02,2022-23,HOU,DAL,0,0.3192293662400589,0.32815465266632754,0.32807897928718593,0.32805962234513886,0.33554482313302353
0022200557,2023-01-02,2022-23,MIN,DEN,1,0.49847987720138215,0.44524266213845737,0.4039751964903298,0.403887223420187,0.44256056139983496
0022200558,2023-01-02,2022-23,GSW,ATL,1,0.6357354093920913,0.6374388483894295,0.6336971884860763,0.6336563975812165,0.6684067885340753
0022200559,2023-01-02,2022-23,POR,DET,1,0.6410728327334384,0.6407866655132003,0.6265431811752963,0.626563618188087,0.6191943733908126
0022200560,2023-01-02,2022-23,LAC,MIA,0,0.6596348566408751,0.5504390874996427,0.5513644607125371,0.5513221588330816,0.5538903261814403
0022200561,2023-01-03,2022-23,MIL,WAS,1,0.46345893006398337,0.5607929276424728,0.5628564949196766,0.5628436008487625,0.6188405209558503
0022200562,2023-01-03,2022-23,OKC,BOS,1,0.27448424006137045,0.23694857585232035,0.23879635032705113,0.23879048020910457,0.26246499840657567
0022200563,2023-01-03,2022-23,UTA,SAC,0,0.5637094892995828,0.5898715286622869,0.5891187013948341,0.5890905225993279,0.5679789327189918
0022200564,2023-01-04,2022-23,CHA,MEM,0,0.31882407432805115,0.28055821359282423,0.29602486659535115,0.29596724395556057,0.27110553544401556
0022200565,2023-01-04,2022-23,CLE,PHX,1,0.6567332807213415,0.6599738025995067,0.6621354593797139,0.66211658533934,0.6815326730873081
0022200566,2023-01-04,2022-23,ORL,OKC,1,0.5460976365953106,0.45809895069539414,0.4606781050431282,0.46054874562905695,0.4995616906892981
0022200567,2023-01-04,2022-23,PHI,IND,1,0.6726671063553095,0.625891005953562,0.6180869744087616,0.6180639898515934,0.650556587856469
0022200568,2023-01-04,2022-23,NYK,SAS,1,0.7896120253853864,0.7543458085830369,0.7551002000596608,0.7551699292862576,0.7190877132071861
0022200569,2023-01-04,2022-23,TOR,MIL,0,0.5920910507627957,0.6801881588062203,0.6782242482401396,0.6782471929626563,0.6874254065731505
0022200570,2023-01-04,2022-23,CHI,BKN,1,0.3569765364597854,0.3484169001440965,0.3490866753356683,0.34909185366669204,0.31284581514146553
0022200571,2023-01-04,2022-23,MIN,POR,1,0.5634425440718875,0.5438528283605277,0.5792836278240979,0.5793100091252602,0.528340753260513
0022200572,2023-01-04,2022-23,NOP,HOU,1,0.7794837714932303,0.7471542333116722,0.7483626236787718,0.7483488133714117,0.7798162141577364
0022200573,2023-01-04,2022-23,GSW,DET,0,0.7169460971733884,0.7506272871284946,0.7493483088302703,0.7493809434219633,0.7643539626996777
0022200574,2023-01-04,2022-23,LAL,MIA,1,0.5082698853156344,0.4512651514688584,0.45243638977186545,0.45242118160413514,0.45527750126509936
0022200575,2023-01-04,2022-23,SAC,ATL,0,0.5854328824119848,0.5985604479190247,0.5967774315654576,0.5967529292615963,0.6078086851751134
0022200576,2023-01-05,2022-23,ORL,MEM,0,0.3183392076371635,0.36580106842861754,0.36295278721680474,0.3629396109500733,0.31881274749063465
0022200577,2023-01-05,2022-23,DAL,BOS,0,0.4795592961464503,0.4616976951449128,0.46205271313322177,0.46209091327493046,0.4339955125572342
0022200578,2023-01-05,2022-23,HOU,UTA,0,0.3054242682702847,0.2936002215620908,0.29357101951593334,0.29358709800876653,0.27189163393366295
0022200579,2023-01-05,2022-23,DEN,LAC,1,0.6246472739996143,0.6783164460670388,0.6435531245982445,0.6436166216337196,0.5602049968587655
0022200580,2023-01-06,2022-23,IND,POR,1,0.573851315022839,0.5764976299762522,0.5354921082544414,0.5354987202365484,0.5294069541871557
0022200581,2023-01-06,2022-23,PHI,CHI,0,0.6904639492882486,0.6922499011018767,0.7077497545611369,0.7077738839170005,0.6926716149677101
0022200582,2023-01-06,2022-23,TOR,NYK,0,0.48557971009306483,0.4809117168354642,0.4799111935218356,0.4798725103324019,0.4909451659462663
0022200583,2023-01-06,2022-23,MIL,CHA,0,0.7438088791434261,0.7705372176697306,0.7699907069818653,0.7699706912853126,0.7957526383914109
0022200584,2023-01-06,2022-23,OKC,WAS,1,0.48788801301817397,0.49255948773160596,0.49154750012191695,0.49159271856272885,0.47436914076964476
0022200585,2023-01-06,2022-23,SAS,DET,1,0.6028512497988401,0.587992447950075,0.5860834063648102,0.5860474272536323,0.599196750522638
0022200586,2023-01-06,2022-23,NOP,BKN,0,0.47603676396990346,0.4458498336854959,0.44788986480168963,0.4479164831498933,0.4061754291218683
0022200587,2023-01-06,2022-23,MIN,LAC,1,0.6206154707360373,0.714645880874775,0.702187075487958,0.7022408184260445,0.7159633698158883
0022200588,2023-01-06,2022-23,DEN,CLE,1,0.4742078450581654,0.5953785091884161,0.5974973786957358,0.5975169735181298,0.554258738388368
0022200589,2023-01-06,2022-23,PHX,MIA,0,0.5322830713759986,0.52006591711532,0.5689145919631619,0.5689948002815923,0.4985800129262784
0022200590,2023-01-06,2022-23,LAL,ATL,1,0.57965379183978,0.5672596661340706,0.5673660510512377,0.5672693828344277,0.6517932872293826
0022200591,2023-01-07,2022-23,SAS,BOS,0,0.21537710064999124,0.17204568670770198,0.17310960170836556,0.17306956263374568,0.15483277258062317
0022200592,2023-01-07,2022-23,CHI,UTA,1,0.46582077599527255,0.4768383997280465,0.47476067552439816,0.47478512718407384,0.4709570711321916
0022200593,2023-01-07,2022-23,DAL,NOP,1,0.5947203590324552,0.6836207373070055,0.6551534410603419,0.6551969477709116,0.6233215466358633
0022200594,2023-01-07,2022-23,GSW,ORL,0,0.681223985006943,0.6914856177072324,0.6902896484652323,0.6903014729626157,0.6751470961373619
0022200595,2023-01-07,2022-23,SAC,LAL,0,0.6215347409880398,0.6452361791712888,0.60980288955653,0.6097737489421234,0.6074780986811179
0022200596,2023-01-08,2022-23,DET,PHI,0,0.2942250085084909,0.31416589874763706,0.29969345196256136,0.29965648853077603,0.3028449702254685
0022200597,2023-01-08,2022-23,TOR,POR,1,0.5795328308342945,0.5825218839516947,0.5827194759992603,0.5827260752305187,0.5950234617240048
0022200598,2023-01-08,2022-23,IND,CHA,1,0.6670703661940399,0.6572411126863278,0.6721498991824932,0.672149227437127,0.6591949201972459
0022200599,2023-01-08,2022-23,MIA,BKN,0,0.4054802572142686,0.4065623372859093,0.41845502475275564,0.4184555577203139,0.4002488228607854
0022200600,2023-01-08,2022-23,MEM,UTA,1,0.7462649174230582,0.6704185139466041,0.6773268683918702,0.6772943588623358,0.7530682067938023
0022200601,2023-01-08,2022-23,HOU,MIN,0,0.35432555974828117,0.34737787722498825,0.34726427536391163,0.34727329161604237,0.3224342918055413
0022200602,2023-01-08,2022-23,OKC,DAL,1,0.5895486389170688,0.6688545238793716,0.6665149398350757,0.6665095338483645,0.6407613159008942
0022200603,2023-01-08,2022-23,PHX,CLE,0,0.4681353578968504,0.4020035878275215,0.3967373841384321,0.39672317279771496,0.3508969711369212
0022200604,2023-01-08,2022-23,LAC,ATL,0,0.5397069026981296,0.5257809791159619,0.5270550387286472,0.5270388007197893,0.6370436036569579
0022200605,2023-01-09,2022-23,WAS,NOP,0,0.5380756086931159,0.5762740870450921,0.5731461939832736,0.5730917368113859,0.5679705040060539
0022200606,2023-01-09,2022-23,BOS,CHI,1,0.710801968341519,0.6883576284786573,0.6885328229254705,0.6884746152477516,0.7220612175755916
0022200607,2023-01-09,2022-23,NYK,MIL,0,0.6298318062096661,0.5900993660772558,0.5923323130567051,0.5923751817087722,0.5532339442395692
0022200608,2023-01-09,2022-23,MEM,SAS,1,0.8112369848285549,0.7886952811054403,0.8045640886870369,0.8045764131007768,0.8120364957346284
0022200609,2023-01-09,2022-23,DEN,LAL,1,0.6288698999698832,0.6950218480111842,0.6933046300303326,0.6933647927461476,0.6682276034588616
0022200610,2023-01-09,2022-23,SAC,ORL,1,0.6639103727108608,0.6611018685964778,0.6607048728982762,0.6606886105245275,0.6575183679046174
0022200611,2023-01-10,2022-23,MIA,OKC,1,0.5963380617475927,0.4545426480505869,0.45874856006899645,0.4586180918711953,0.5750852185944599
0022200612,2023-01-10,2022-23,PHI,DET,1,0.8010941631468408,0.8644828485753735,0.8628537268587688,0.8628586038057862,0.8142657846001197
0022200613,2023-01-10,2022-23,TOR,CHA,1,0.6637689177748313,0.6724124233860255,0.6720742411163767,0.672071852771977,0.6572276117179977
0022200614,2023-01-10,2022-23,UTA,CLE,1,0.466381061901747,0.4383179130033961,0.43964216128942696,0.439588612242279,0.4514500195359171
0022200615,2023-01-10,2022-23,GSW,PHX,0,0.6067114494499501,0.7366643877852015,0.7546438721220419,0.7546500970893332,0.7780859672648354
0022200616,2023-01-10,2022-23,POR,ORL,0,0.7005920067458677,0.6850842844566849,0.685524243648011,0.6854998953285196,0.7554828291561946
0022200617,2023-01-10,2022-23,LAC,DAL,1,0.5508055273573194,0.5247284386434362,0.5231564762589355,0.5231355807625144,0.5203140871555237
0022200618,2023-01-11,2022-23,DET,MIN,1,0.26907579310684104,0.3152844183827279,0.33529650837941777,0.33529966706195535,0.3181141941507233
0022200619,2023-01-11,2022-23,WAS,CHI,1,0.5239648129809337,0.4702498440523567,0.4680364463152028,0.468017990593412,0.4805996078952803
0022200620,2023-01-11,2022-23,ATL,MIL,0,0.45206873901118116,0.41403904119749707,0.41700336237068486,0.4169842088089286,0.45406625835864034
0022200621,2023-01-11,2022-23,BOS,NOP,1,0.6790888762506032,0.6729696207274802,0.6709854549228473,0.670956956410616,0.6945029270099352
0022200622,2023-01-11,2022-23,NYK,IND,1,0.602342177444962,0.6585415129536148,0.6580946803778243,0.6581309997229915,0.6894392547205871
0022200623,2023-01-11,2022-23,MEM,SAS,1,0.8365776734760814,0.832965643834359,0.83380599889163,0.8338139705914268,0.7901482726455631
0022200624,2023-01-11,2022-23,DEN,PHX,1,0.7781495091813276,0.7804670085610185,0.7792646675699132,0.7792321039292253,0.8121781653791353
0022200625,2023-01-11,2022-23,SAC,HOU,1,0.7639197467674056,0.7500161791181789,0.7170117545593931,0.716982015724992,0.7503211526490532
0022200626,2023-01-12,2022-23,PHI,OKC,0,0.674621916813635,0.6654862006620372,0.6650393518415142,0.6650524875813526,0.7147082372280606
0022200627,2023-01-12,2022-23,BKN,BOS,0,0.6272609057356249,0.5859239475650783,0.5846340649767363,0.584713557564049,0.5497453298331405
0022200628,2023-01-12,2022-23,MIA,MIL,1,0.5949982161833908,0.6684709342862937,0.6669254620797179,0.6670228830140966,0.6282922005320314
0022200629,2023-01-12,2022-23,TOR,CHA,1,0.6859032343262542,0.6842083426600597,0.6840769816737244,0.6840764787723436,0.6905712155018914
0022200630,2023-01-12,2022-23,LAL,DAL,0,0.5354544161506567,0.5179025384390594,0.4995069517790851,0.499464015242131,0.5290826871823147
0022200631,2023-01-12,2022-23,POR,CLE,0,0.44444343737301334,0.4209877269767084,0.43848929121939284,0.43845413651671217,0.4368786332277294
0022200632,2023-01-13,2022-23,DET,NOP,0,0.33988754088651657,0.35064205838559626,0.34359069566732464,0.343562782843061,0.34553921912398006
0022200633,2023-01-13,2022-23,IND,ATL,0,0.5794037478588235,0.5611649816848503,0.5303161073051502,0.5302897623713424,0.6015262723359641
0022200634,2023-01-13,2022-23,WAS,NYK,0,0.4058298893023395,0.3802922205473668,0.3818518112984357,0.38181127369782186,0.4200822126524117
0022200635,2023-01-13,2022-23,SAS,GSW,0,0.39919794879635384,0.3941577487663932,0.3950109440220175,0.3949911787180207,0.31771554583370293
0022200636,2023-01-13,2022-23,CHI,OKC,0,0.6391899763866276,0.6165469690450771,0.6335389987857901,0.6335440740767055,0.607424735370722
0022200637,2023-01-13,2022-23,MIN,PHX,1,0.6138994543735338,0.6224169672015804,0.6391338332966962,0.6390777965176349,0.683073166793788
0022200638,2023-01-13,2022-23,UTA,ORL,1,0.6669317442130946,0.6346691172205464,0.5833672826536511,0.5833511927762264,0.602462414508136
0022200639,2023-01-13,2022-23,LAC,DEN,0,0.40673778975069264,0.47773211333004745,0.4739881207787214,0.4740018971882883,0.454148312548298
0022200640,2023-01-13,2022-23,SAC,HOU,1,0.7648109562406593,0.8128320366689848,0.7991675606914708,0.7991934036108123,0.7740807397659258
0022200641,2023-01-14,2022-23,MIA,MIL,1,0.5833214388677065,0.5217555511539246,0.5772639202799509,0.5772752880470322,0.5855114980327631
0022200642,2023-01-14,2022-23,CHA,BOS,0,0.2314352423325969,0.22737307662148137,0.22765598322407368,0.22767253234507956,0.19124631921351537
0022200643,2023-01-14,2022-23,IND,MEM,0,0.29848329105349114,0.3723523484478586,0.3945015525991742,0.39454840652046763,0.3504553117301016
0022200644,2023-01-14,2022-23,TOR,ATL,0,0.7204008710060311,0.723820893832861,0.7234314601718581,0.7234143178920023,0.7271717803635822
0022200645,2023-01-14,2022-23,MIN,CLE,1,0.3641515433911898,0.36845450504181504,0.3736626866595746,0.37366569407905387,0.35692189761056836
0022200646,2023-01-14,2022-23,UTA,PHI,0,0.39087395351605525,0.32765226421830773,0.33847828117945244,0.3384593097613071,0.34180581925363396
0022200647,2023-01-14,2022-23,POR,DAL,1,0.523667153483151,0.5145503719845862,0.5386213829617793,0.5386314217101306,0.436450209283814
0022200648,2023-01-15,2022-23,DET,NYK,0,0.2899236802813623,0.23861837648500783,0.2396655574196737,0.2396617667103811,0.19267468545035288
0022200649,2023-01-15,2022-23,LAC,HOU,1,0.7680314085662254,0.7609675600153056,0.7599645673383371,0.7599598548346712,0.7060621981678383
0022200650,2023-01-15,2022-23,CHI,GSW,1,0.4567313174522558,0.45585597607645684,0.45749648268747783,0.45756036234802167,0.4801492431922539
0022200651,2023-01-15,2022-23,BKN,OKC,0,0.6412114082416811,0.6422821154407162,0.6255044061401384,0.6255030186274495,0.6161723118873358
0022200652,2023-01-15,2022-23,SAS,SAC,0,0.362197033904213,0.3419256919579974,0.3210247928473357,0.32099242040532766,0.358131938624046
0022200653,2023-01-15,2022-23,DEN,ORL,1,0.7707385041612212,0.759404062203343,0.7428099111242669,0.7428119894499247,0.7862278519291597
0022200654,2023-01-15,2022-23,POR,DAL,1,0.5255707330499226,0.72891895741934,0.7236258442223705,0.7236478244461843,0.6437905641380511
0022200655,2023-01-15,2022-23,LAL,PHI,0,0.4859116539784766,0.4928936866568257,0.493473250423232,0.493488484548228,0.4648189323368192
0022200656,2023-01-16,2022-23,CHA,BOS,0,0.2088080550788034,0.18972850788131287,0.1748950045941893,0.17490376893068346,0.1681912216330592
0022200657,2023-01-16,2022-23,MIL,IND,1,0.5703547562109725,0.5245971390008771,0.52525556382541,0.5252483674380138,0.574140139156681
0022200658,2023-01-16,2022-23,CLE,NOP,1,0.5814553793267576,0.5958411806229941,0.5876608951440252,0.5876318947849839,0.6094447539261996
0022200659,2023-01-16,2022-23,NYK,TOR,0,0.5977940144384348,0.6079741383380999,0.6067343540751367,0.6067610442201319,0.5882834043557035
0022200660,2023-01-16,2022-23,WAS,GSW,0,0.6038908566332727,0.6127303563314164,0.6126161829857982,0.6126657926598361,0.5769874614049302
0022200661,2023-01-16,2022-23,ATL,MIA,1,0.4695861879036625,0.5010747296023431,0.5002874109022456,0.5002621892539699,0.5061192952631307
0022200662,2023-01-16,2022-23,MIN,UTA,0,0.5744808153450824,0.5184585531061852,0.5623420742557952,0.5623258588555802,0.6207505391366067
0022200663,2023-01-16,2022-23,MEM,PHX,1,0.7714494882539962,0.7733938178203101,0.7738628970918777,0.773843633198559,0.7851589283534847
0022200664,2023-01-16,2022-23,LAL,HOU,1,0.7543308612366297,0.7312756067454543,0.7318702125555238,0.7318761858914619,0.8290848991718659
0022200665,2023-01-17,2022-23,MIL,TOR,1,0.559828723723663,0.5489487467295973,0.549335498405367,0.5493414120890359,0.5169864518978899
0022200666,2023-01-17,2022-23,SAS,BKN,1,0.30424233143828994,0.3766717086384906,0.37242436484259117,0.37240769688435077,0.347934337266642
0022200667,2023-01-17,2022-23,DEN,POR,1,0.7260572638117112,0.6677909973023121,0.6861557415910696,0.6861807878331952,0.7210344920035997
0022200668,2023-01-17,2022-23,LAC,PHI,0,0.4218457009549246,0.47729727487574053,0.47677274043890516,0.4767297077023536,0.5042696116406055
0022200669,2023-01-18,2022-23,NYK,WAS,0,0.685943422983342,0.6806182904759064,0.6802163019904,0.6802252206488858,0.6586018632522529
0022200670,2023-01-18,2022-23,DAL,ATL,0,0.4539504754476843,0.5137416870571241,0.5149005137340127,0.5148960494642124,0.5525894416227649
0022200671,2023-01-18,2022-23,HOU,CHA,0,0.4341125882531356,0.4243315462926025,0.425322579188636,0.4253362382327888,0.4124813035970401
0022200672,2023-01-18,2022-23,MEM,CLE,1,0.6093594279538954,0.6720484762203791,0.6706403177724211,0.6706634634400224,0.6727538913100926
0022200673,2023-01-18,2022-23,NOP,MIA,0,0.579612357744724,0.5802772049884628,0.580824274638108,0.5808377379243066,0.5461599186876112
0022200674,2023-01-18,2022-23,OKC,IND,1,0.6314067124066715,0.6347757598782746,0.6354560610472033,0.6354693483663144,0.6648377646211595
0022200675,2023-01-18,2022-23,UTA,LAC,1,0.6048988669496779,0.75452250436986,0.7344166296813248,0.7344707053163622,0.6976426367897154
0022200676,2023-01-18,2022-23,DEN,MIN,1,0.6590044607950103,0.7445346513373643,0.7425702658134639,0.742619335243852,0.7148902204595579
0022200677,2023-01-18,2022-23,LAL,SAC,0,0.49082842117339126,0.5374410153074862,0.5358061706643948,0.5358229919328543,0.5498031754481996
0022200678,2023-01-19,2022-23,DET,CHI,0,0.3063990983259791,0.29528584638822536,0.2970348403603691,0.2970621087630944,0.3511089433783961
0022200679,2023-01-19,2022-23,BOS,GSW,1,0.7405642897500214,0.7088709387442043,0.7092801643724466,0.7092810357103748,0.668590666496946
0022200680,2023-01-19,2022-23,MIN,TOR,1,0.4171062729044187,0.40668191288707545,0.4077817341593343,0.40782236262718674,0.37813954343489253
0022200681,2023-01-19,2022-23,PHX,BKN,1,0.4111842174381966,0.34696008834319464,0.3491600533269835,0.3491229563096747,0.37699351896923083
0022200682,2023-01-19,2022-23,POR,PHI,0,0.424317817351893,0.4592805019543832,0.4342957365880701,0.4342439449019757,0.4553671802734232
0022200683,2023-01-20,2022-23,ORL,NOP,1,0.4556221792740858,0.4795294653420233,0.49610184890441605,0.4961125208668986,0.4301661021256946
0022200684,2023-01-20,2022-23,ATL,NYK,1,0.4856176738462915,0.5139913837961707,0.5116899235056391,0.5116994501454164,0.48729368804754203
0022200685,2023-01-20,2022-23,CLE,GSW,0,0.6295672472244861,0.8253592543483942,0.8220744997566969,0.8221387027472189,0.8159509758829262
0022200686,2023-01-20,2022-23,DAL,MIA,1,0.47187626831096013,0.46902414551441846,0.4694523764325183,0.4693698404562514,0.49266722568571114
0022200687,2023-01-20,2022-23,SAS,LAC,0,0.5047708176145161,0.5174936911898758,0.5138871427815624,0.5138562613825982,0.3928572705653537
0022200688,2023-01-20,2022-23,DEN,IND,1,0.7694065919255973,0.7311364998573219,0.6833299372215927,0.6832971490667258,0.7190062609758235
0022200689,2023-01-20,2022-23,UTA,BKN,0,0.5934447598984249,0.584300262575862,0.5851800160430822,0.5851619983949755,0.5936887147317086
0022200690,2023-01-20,2022-23,LAL,MEM,1,0.3371177642885365,0.3324099562069884,0.35192009455289885,0.3519136635662026,0.33123065746260427
0022200691,2023-01-20,2022-23,SAC,OKC,1,0.512254695229244,0.5233460202659787,0.523244092764254,0.5232352880732472,0.5509936717742608
0022200692,2023-01-21,2022-23,TOR,BOS,0,0.36949314303707165,0.4290063232931809,0.4014630280740409,0.4014263045655033,0.3912042352848859
0022200693,2023-01-21,2022-23,WAS,ORL,1,0.7241402125602139,0.6924219709732082,0.6926513520612361,0.6926467563054999,0.7091331546962264
0022200694,2023-01-21,2022-23,ATL,CHA,0,0.6623180583120996,0.6405268538011015,0.6399266546665211,0.6399442802948037,0.6452711546454437
0022200695,2023-01-21,2022-23,CLE,MIL,1,0.4980204775677729,0.49110102984760606,0.4936611580125246,0.49370442607281356,0.5089927600544192
0022200696,2023-01-21,2022-23,MIN,HOU,1,0.7788912381207541,0.8135241667704273,0.8095267927448575,0.8095348254335137,0.8126037341169041
0022200697,2023-01-21,2022-23,PHX,IND,1,0.6323646808575704,0.5090767520069818,0.505764483314358,0.5057360712005374,0.5143423323919629
0022200698,2023-01-21,2022-23,SAC,PHI,0,0.4375586658720395,0.5404934536313483,0.5813507242985883,0.5814015322408271,0.5315186626745838
0022200699,2023-01-22,2022-23,MIA,NOP,1,0.5933201732640513,0.5964049521723116,0.5952635294300835,0.5952501022174129,0.628053666849222
0022200700,2023-01-22,2022-23,TOR,NYK,1,0.4622184576585352,0.4233634974093012,0.44967517484536423,0.4496635721298737,0.4661435648855909
0022200701,2023-01-22,2022-23,DAL,LAC,0,0.5719715803380933,0.5656205933682059,0.5662623937319434,0.5662845968928312,0.5827021691216769
0022200702,2023-01-22,2022-23,DEN,OKC,0,0.6402415749239957,0.6281040725794486,0.6106802943645315,0.6106555357621426,0.6277598632941542
0022200703,2023-01-22,2022-23,PHX,MEM,1,0.2417285087012848,0.2767214582945945,0.27692213153883266,0.27692906097897446,0.2783620422193513
0022200704,2023-01-22,2022-23,GSW,BKN,0,0.3789413600761715,0.36385754092340183,0.3661817206558589,0.36623377971067117,0.557497908900422
0022200705,2023-01-22,2022-23,POR,LAL,0,0.5733858064440405,0.6105071989163758,0.5874180911660175,0.5873924966746459,0.5989589813588991
0022200706,2023-01-23,2022-23,DET,MIL,0,0.33394570586894545,0.2652830493000141,0.26821763884161953,0.26817971668239715,0.35068427792430745
0022200707,2023-01-23,2022-23,ORL,BOS,1,0.2763733368078185,0.36567496453262865,0.3613685462826657,0.3614526871794505,0.28070797868513886
0022200708,2023-01-23,2022-23,CHI,ATL,1,0.5599465817455915,0.5592173275879004,0.62235228911802,0.6224264094899812,0.5452939369125548
0022200709,2023-01-23,2022-23,HOU,MIN,1,0.2837983479011443,0.2841066876338274,0.3006398298457706,0.30067633278072736,0.25005397521341666
0022200710,2023-01-23,2022-23,UTA,CHA,1,0.6593143636158114,0.6554355114369977,0.6485519608151642,0.6485856667872338,0.6241154339284755
0022200711,2023-01-23,2022-23,POR,SAS,1,0.6328428617905474,0.6449446699433095,0.6449307825642518,0.6449342507956172,0.623430654663744
0022200712,2023-01-23,2022-23,SAC,MEM,1,0.5064933601715584,0.518537658334141,0.518124630356212,0.5181233625394257,0.5537870669697247
0022200713,2023-01-24,2022-23,IND,CHI,1,0.5551053181470343,0.5242957502512,0.5049851428189538,0.5049241169616414,0.5237252778436179
0022200714,2023-01-24,2022-23,MIA,BOS,1,0.52554145275591,0.4686302958241906,0.4686089038571077,0.46869062187855276,0.35228620741472844
0022200715,2023-01-24,2022-23,NYK,CLE,1,0.501640984305955,0.45883708468640877,0.46073503805170785,0.4607163423006398,0.47762364754107633
0022200716,2023-01-24,2022-23,NOP,DEN,0,0.41618598952184765,0.4014007082408148,0.4042051828886515,0.4042330840165559,0.35842801280527875
0022200717,2023-01-24,2022-23,DAL,WAS,0,0.5696739592910532,0.6174293554008793,0.6152117297923233,0.6152249617716636,0.6261033163776503
0022200718,2023-01-24,2022-23,PHX,CHA,1,0.7291493549457088,0.7733513030898808,0.7725228656777966,0.7725455760297333,0.7788906451218518
0022200719,2023-01-24,2022-23,LAL,LAC,0,0.4972954376328823,0.45525615695316907,0.47959094976120575,0.4796357028937768,0.4681635995979119
0022200720,2023-01-25,2022-23,ORL,IND,1,0.6609918169780635,0.6593720094091768,0.6399495749007987,0.6399379665473207,0.6834703128722789
0022200721,2023-01-25,2022-23,PHI,BKN,1,0.5301988414232092,0.5356748076593014,0.5364526017838778,0.5364647562530224,0.5990489272921841
0022200722,2023-01-25,2022-23,HOU,WAS,0,0.36587734894043905,0.37237843866911596,0.40479941198391267,0.404818334275112,0.38634124625640115
0022200723,2023-01-25,2022-23,MIL,DEN,1,0.5239431574803566,0.5736985473964553,0.6798965844228922,0.6798652477545333,0.6867760639383634
0022200724,2023-01-25,2022-23,NOP,MIN,0,0.5062594492258518,0.5600603427069015,0.5396673323286706,0.5396351725556543,0.5789702029309659
0022200725,2023-01-25,2022-23,OKC,ATL,0,0.6284917402145156,0.6252714977536267,0.6304404179701457,0.6304546980247753,0.6037100762053372
0022200726,2023-01-25,2022-23,GSW,MEM,1,0.5014099398622665,0.4675320659373611,0.4653860315573737,0.4653391813499392,0.5391304373274514
0022200727,2023-01-25,2022-23,POR,UTA,1,0.5136557013651099,0.5484642271948189,0.5465325034047747,0.546493071175662,0.5815108024557077
0022200728,2023-01-25,2022-23,SAC,TOR,0,0.6359272491921241,0.6213868574255472,0.6099471592686724,0.6099815460958256,0.5704673817462649
0022200729,2023-01-25,2022-23,LAL,SAS,1,0.646311570178528,0.663137527033204,0.6622197584899869,0.6622517210342888,0.694767491445392
0022200730,2023-01-26,2022-23,BOS,NYK,0,0.6991565884180063,0.70926952316328,0.7081372201542719,0.7081051638008288,0.6888032751382183
0022200731,2023-01-26,2022-23,BKN,DET,0,0.7535785633783588,0.7681548911215733,0.7681820624379458,0.7681714457489255,0.7726264758714954
0022200732,2023-01-26,2022-23,CHA,CHI,1,0.32449713862494534,0.37631410595541986,0.37646176218833166,0.37641743836834146,0.42862696002584394
0022200733,2023-01-26,2022-23,HOU,CLE,0,0.17938597877647813,0.1445670199451917,0.18062306686532556,0.18063163754396716,0.18652604212192492
0022200734,2023-01-26,2022-23,PHX,DAL,0,0.5140016834923511,0.4861940089060395,0.4875704328567626,0.4876171187627489,0.4937159356820638
0022200735,2023-01-26,2022-23,LAC,SAS,1,0.8269553063671363,0.824143812538096,0.823670893692201,0.8236873101627407,0.8034314254717797
0022200736,2023-01-27,2022-23,IND,MIL,0,0.35557822438359005,0.31238082318532745,0.3610530548747557,0.36108695843094085,0.31555050091487286
0022200737,2023-01-27,2022-23,MIN,MEM,1,0.44278440190923796,0.44369162008216023,0.44277807901037786,0.4427400292201511,0.4880584668350343
0022200738,2023-01-27,2022-23,MIA,ORL,1,0.6216837481934983,0.6289279275772687,0.6287036223261804,0.6287685743738295,0.6395109993627464
0022200739,2023-01-27,2022-23,OKC,CLE,1,0.6204328050494256,0.5760664463871569,0.5771699878158459,0.5771419228769294,0.5894670593116729
0022200740,2023-01-27,2022-23,GSW,TOR,1,0.5411840289727,0.5421569085686408,0.5383496583028058,0.5383526491850399,0.5458668751682924
0022200741,2023-01-28,2022-23,PHI,DEN,1,0.5779898900054968,0.5425404420201357,0.5253186862615461,0.525303359810343,0.5206243100702549
0022200742,2023-01-28,2022-23,BKN,NYK,1,0.5229804478127572,0.43151449420819543,0.4350458973385543,0.4350285831981298,0.4938756376775357
0022200743,2023-01-28,2022-23,DET,HOU,0,0.6507563134233012,0.708326551553229,0.7347899037090736,0.7348526396221936,0.6048822255066453
0022200744,2023-01-28,2022-23,ORL,CHI,0,0.46216004894442386,0.4726247754270769,0.4711186005272842,0.47110360531755047,0.4676346690557009
0022200745,2023-01-28,2022-23,ATL,LAC,0,0.5178167971692689,0.4938399442587597,0.4934114702345741,0.4934737661063935,0.45845973215831587
0022200746,2023-01-28,2022-23,MIN,SAC,1,0.45509910411430793,0.4426447324727699,0.4636838281507929,0.4636743770533941,0.4551402825137733
0022200747,2023-01-28,2022-23,NOP,WAS,0,0.5945346550187248,0.6032679979701967,0.6014817710446678,0.6014739108486321,0.5751225213222653
0022200748,2023-01-28,2022-23,SAS,PHX,0,0.3575605961535001,0.3545001199554626,0.3277609108794622,0.32774543384163424,0.3339922111797662
0022200749,2023-01-28,2022-23,BOS,LAL,1,0.7034549651667159,0.6849727032722592,0.6864619928373237,0.6864506671876097,0.6554107006424746
0022200750,2023-01-28,2022-23,UTA,DAL,1,0.5385106424939439,0.6098429431850845,0.6080542686942871,0.6081095830468725,0.5752131899419706
0022200751,2023-01-28,2022-23,POR,TOR,0,0.5881442054731901,0.6024587497341464,0.5576835329240811,0.5576399686449786,0.5925070764955952
0022200752,2023-01-29,2022-23,CHA,MIA,1,0.3997801607595457,0.4003478885887622,0.3990648929345475,0.399037276666472,0.390600463133352
0022200753,2023-01-29,2022-23,MEM,IND,1,0.7037494590562862,0.6896142869873076,0.6909763406368595,0.6910019815687302,0.6872264987601489
0022200754,2023-01-29,2022-23,CLE,LAC,1,0.5678968207522007,0.7867396794283825,0.7926971104216343,0.7927451717605821,0.8082099835305817
0022200755,2023-01-29,2022-23,MIL,NOP,1,0.7409262295541559,0.8163097578342834,0.8129092251450786,0.8129161088788625,0.7851036801084742
0022200756,2023-01-30,2022-23,PHI,ORL,0,0.7531802493756323,0.7209722768376297,0.7213109075519704,0.7213173318240069,0.7429433747600004
0022200757,2023-01-30,2022-23,BKN,LAL,1,0.5792210212471026,0.6701017861848959,0.6687948396143305,0.6689030424868063,0.6228158367568981
0022200758,2023-01-30,2022-23,MIN,SAC,0,0.5222139775901198,0.5008040201145534,0.5221906327102851,0.5221763796517642,0.5313728023192515
0022200759,2023-01-30,2022-23,OKC,GSW,0,0.5139041096013076,0.49075470411578254,0.49390527301433645,0.49395742017129146,0.44874962193198914
0022200760,2023-01-30,2022-23,SAS,WAS,0,0.28932940222165227,0.32253799791908194,0.3218922721234478,0.321906914106599,0.27067648672791733
0022200761,2023-01-30,2022-23,DAL,DET,1,0.7381814476254644,0.7787459301780439,0.7768609689288519,0.7768563054101165,0.7951872988259152
0022200762,2023-01-30,2022-23,PHX,TOR,1,0.5265751686730127,0.5192190462189443,0.5230049994419778,0.5230135146739778,0.4927703916404412
0022200763,2023-01-30,2022-23,POR,ATL,1,0.480615797635898,0.5063790448279826,0.5297184811919761,0.5297664801901482,0.5012519578512163
0022200764,2023-01-31,2022-23,CLE,MIA,0,0.5984269194198143,0.618371633650752,0.6016234715369694,0.6016314580832943,0.609950129056775
0022200765,2023-01-31,2022-23,NYK,LAL,0,0.7470936901729581,0.7434157412736628,0.7427982410093333,0.7428165806557039,0.7031925958120389
0022200766,2023-01-31,2022-23,CHI,LAC,0,0.6774761001901779,0.6756805669981659,0.6718775049042871,0.6718521847676461,0.4006917019493006
0022200767,2023-01-31,2022-23,MIL,CHA,1,0.7266662637270884,0.7391318644699179,0.7383982549704002,0.7383936283109191,0.7795008103086366
0022200768,2023-01-31,2022-23,DEN,NOP,1,0.7702671561965085,0.7680551070715856,0.7767774603230774,0.7767585264890288,0.7096698585644655
0022200770,2023-02-01,2022-23,PHI,ORL,1,0.7035979667322964,0.7079256550796234,0.6955660026239773,0.6955896832894991,0.6920614449500312
0022200771,2023-02-01,2022-23,MEM,POR,0,0.6519387207409651,0.6476844260313452,0.6535828671847944,0.6536196278931143,0.6809973533778231
0022200772,2023-02-01,2022-23,BOS,BKN,1,0.6623898921190563,0.6812748035438415,0.6789070228131519,0.678882328698552,0.6880657252140353
0022200773,2023-02-01,2022-23,HOU,OKC,1,0.29166676702878463,0.2994747570448529,0.29775788066544845,0.29773198860209643,0.3096172707502799
0022200774,2023-02-01,2022-23,MIN,GSW,1,0.4724209542991601,0.4348208452524317,0.40363552043256656,0.40363586711767446,0.4059972333720772
0022200775,2023-02-01,2022-23,SAS,SAC,0,0.23899321499588455,0.27233726213245835,0.2654512825529651,0.26543594189894004,0.25758621892462247
0022200776,2023-02-01,2022-23,UTA,TOR,1,0.5529433546457408,0.5500980775441642,0.5493987334838815,0.5494173644335911,0.5450708943383907
0022200777,2023-02-01,2022-23,PHX,ATL,0,0.5288073579320032,0.5515179273300723,0.5516245007102961,0.5516419166789797,0.5632857643077716
0022200778,2023-02-02,2022-23,IND,LAL,0,0.48567445486585054,0.5035587775982123,0.49089186991885947,0.49090601249687243,0.44336290567954306
0022200779,2023-02-02,2022-23,CLE,MEM,1,0.6556827740131214,0.7077303722241708,0.7061125902836201,0.7061383023636614,0.6612990600881266
0022200780,2023-02-02,2022-23,NYK,MIA,1,0.5213333539684489,0.5252461884802324,0.5250940747617036,0.5251794792170547,0.4617796963605899
0022200781,2023-02-02,2022-23,CHI,CHA,1,0.6548066162109504,0.6437856826007801,0.6443832139850446,0.6444068030233214,0.6362737935892494
0022200782,2023-02-02,2022-23,DAL,NOP,1,0.6058395851610084,0.6064869324973459,0.6055307900627607,0.6055158807223419,0.60288225188158
0022200783,2023-02-02,2022-23,DEN,GSW,1,0.6911769661154711,0.6787437575484189,0.6557454283074416,0.6557821749551221,0.745525619121167
0022200784,2023-02-02,2022-23,MIL,LAC,1,0.5733096739480147,0.5424653086454273,0.549022291293827,0.5490479090951376,0.5896533233716965
0022200785,2023-02-03,2022-23,DET,CHA,1,0.5383371173833462,0.5118435403383864,0.5135367022576818,0.5135684849315127,0.5087135368461523
0022200786,2023-02-03,2022-23,IND,SAC,1,0.35909495583451034,0.3849743531943992,0.4161540654250555,0.4161866567827066,0.39232936907829163
0022200787,2023-02-03,2022-23,WAS,POR,0,0.6106153105721659,0.6562775800872729,0.6670227637198849,0.6670654789200688,0.641750231395989
0022200788,2023-02-03,2022-23,BOS,PHX,0,0.7646480630732907,0.788678179863993,0.7875229173494351,0.7875364613467415,0.788248886391537
0022200789,2023-02-03,2022-23,HOU,TOR,0,0.3134282736014934,0.30787719965524646,0.3077647756343156,0.307763487695994,0.30818974193069987
0022200790,2023-02-03,2022-23,MIN,ORL,0,0.6146038352672873,0.597562785123534,0.647371155957128,0.6474228094769102,0.6218832179688347
0022200791,2023-02-03,2022-23,SAS,PHI,0,0.2119850539263906,0.21172877000132787,0.21194495467919594,0.21188308794100458,0.24336543897268756
0022200792,2023-02-03,2022-23,UTA,ATL,0,0.5565361976630874,0.5227667247000934,0.5235507319473315,0.5235666110245755,0.5000368832967885
0022200793,2023-02-04,2022-23,BKN,WAS,1,0.612097563445492,0.557742665172015,0.5603104772478356,0.560331571783847,0.5715326060835739
0022200794,2023-02-04,2022-23,DET,PHX,0,0.3970116682601625,0.39951679582117566,0.39986818346408753,0.39985530002771846,0.3570829584670271
0022200795,2023-02-04,2022-23,NYK,LAC,0,0.4696055752452301,0.43873724973984884,0.44174106553271314,0.4418145419117021,0.39705987995335457
0022200796,2023-02-04,2022-23,CHI,POR,1,0.6565157036346245,0.6035249339230977,0.6025458574487745,0.6025121184165747,0.629211836738929
0022200797,2023-02-04,2022-23,MIL,MIA,1,0.6401172805720983,0.6367490790204794,0.6345619960578704,0.6345791602976594,0.6680857619049573
0022200798,2023-02-04,2022-23,NOP,LAL,1,0.4949200963569,0.5192775370413858,0.49136800548543647,0.4913965754215328,0.478336962886662
0022200799,2023-02-04,2022-23,OKC,HOU,1,0.8262002047010965,0.8732623179648402,0.8755307118091135,0.8755561919667886,0.8577734032076912
0022200800,2023-02-04,2022-23,GSW,DAL,1,0.5307836267917896,0.6338622404772377,0.6312719171658491,0.6313297043971979,0.6488278718928018
0022200801,2023-02-04,2022-23,DEN,ATL,1,0.7292069112931217,0.6970145528574087,0.7255484248958791,0.7255934555843819,0.7278356921791577
0022200802,2023-02-05,2022-23,CHA,ORL,0,0.4724581530794642,0.4798032203503246,0.4787131539809063,0.47873385824136055,0.471273110553121
0022200803,2023-02-05,2022-23,IND,CLE,0,0.39566455700745784,0.38912299014883645,0.4013416209295085,0.4013123401580346,0.4028366748301318
0022200804,2023-02-05,2022-23,NYK,PHI,1,0.4080290297050879,0.42765986588352595,0.4077843931409399,0.4077957864433196,0.352033928982986
0022200805,2023-02-05,2022-23,MEM,TOR,0,0.592983479431703,0.5391568643809758,0.5371643211046526,0.5370985214279047,0.600379557758816
0022200806,2023-02-05,2022-23,MIN,DEN,1,0.4517392374095986,0.5451471273825428,0.5754183790600677,0.5755373285813057,0.5154673465543838
0022200807,2023-02-05,2022-23,NOP,SAC,1,0.4095909411790088,0.30014563410839534,0.30264857760875485,0.30262267384050845,0.35547623475704665
0022200808,2023-02-06,2022-23,DET,BOS,0,0.20381531212775125,0.20563258338483795,0.21070192786059944,0.21074928771286436,0.17523129335720858
0022200809,2023-02-06,2022-23,WAS,CLE,0,0.5196536167785226,0.4998886468149271,0.4969691552647185,0.49693090457185213,0.5378997252008934
0022200810,2023-02-06,2022-23,BKN,LAC,0,0.42225806241549824,0.31736260860209464,0.32384640689979327,0.323907994141314,0.28388319400055223
0022200811,2023-02-06,2022-23,CHI,SAS,1,0.7906585771886094,0.7916340349356435,0.7904849473523904,0.7905049358520515,0.7791950655202852
0022200812,2023-02-06,2022-23,HOU,SAC,0,0.30751105205260104,0.26619187965202307,0.26834065057113354,0.268369713609711,0.29883364660726996
0022200813,2023-02-06,2022-23,UTA,DAL,0,0.5693356949147605,0.6093371248521741,0.5567905801028407,0.5567834506695747,0.5665186101570399
0022200814,2023-02-06,2022-23,GSW,OKC,1,0.5982246412555519,0.5205768531273831,0.5201523831339452,0.5201136233109069,0.5372883347016576
0022200815,2023-02-06,2022-23,POR,MIL,0,0.381249315341824,0.36211513380464916,0.364284328033269,0.3643259659763741,0.3735271889772004
0022200816,2023-02-07,2022-23,ORL,NYK,0,0.5016489551128295,0.501739937426423,0.4968342377687917,0.496801706741374,0.5044891936480566
0022200817,2023-02-07,2022-23,BKN,PHX,0,0.4357800181554157,0.3745805704517123,0.3786780618314945,0.37872349196299443,0.3668565681877983
0022200818,2023-02-07,2022-23,NOP,ATL,1,0.4818567487444159,0.5055739810741663,0.5063286936718435,0.5063355414454797,0.5142617873735248
0022200819,2023-02-07,2022-23,MEM,CHI,1,0.6712160228717291,0.6557500259081732,0.6905291674324558,0.6905399560473396,0.6730891994532106
0022200820,2023-02-07,2022-23,DEN,MIN,1,0.5860996053371389,0.6727951312961652,0.6607814176333973,0.6607698467925612,0.7037950687737846
0022200821,2023-02-07,2022-23,LAL,OKC,0,0.640073810010113,0.6018636880268243,0.6202527957663305,0.6202120542672928,0.652817452379499
0022200822,2023-02-08,2022-23,CLE,DET,1,0.8347261965492316,0.8126664436174668,0.772191747079485,0.7721458544748518,0.8255452064582497
0022200823,2023-02-08,2022-23,WAS,CHA,1,0.6520067889645388,0.6403896319692359,0.6170181019379933,0.6170066203160596,0.6323057129498071
0022200824,2023-02-08,2022-23,BOS,PHI,1,0.6338570404110236,0.5825160051772119,0.5841116294268712,0.5841002515861476,0.5527076247891035
0022200825,2023-02-08,2022-23,MIA,IND,1,0.6997879029507411,0.6917978815969028,0.690976992200943,0.690974782124803,0.6901552951164
0022200826,2023-02-08,2022-23,TOR,SAS,1,0.8220275992948691,0.8239491529134976,0.8236883317215474,0.8236949007165275,0.804109517402041
0022200827,2023-02-08,2022-23,HOU,SAC,0,0.2514457151530985,0.2386264610243381,0.23487213899925904,0.2348883591152643,0.2175641317090416
0022200828,2023-02-08,2022-23,UTA,MIN,0,0.6425932489566496,0.612132454355467,0.6138243766973157,0.6138066382275025,0.6506368392407271
0022200829,2023-02-08,2022-23,LAC,DAL,0,0.66689271973817,0.6837164224956931,0.6805983471687939,0.6805670035582734,0.6469497113507622
0022200830,2023-02-08,2022-23,POR,GSW,1,0.48122806592348394,0.4769022118550447,0.48097531157737117,0.48095336888614765,0.4403156079751345
0022200831,2023-02-09,2022-23,ORL,DEN,1,0.3734779759990943,0.33203186810823415,0.33692787181120265,0.3368823505838742,0.3379464836922264
0022200832,2023-02-09,2022-23,ATL,PHX,1,0.5286845348255691,0.6040409806236927,0.6021113491391765,0.60213788278851,0.6501214488848672
0022200833,2023-02-09,2022-23,BKN,CHI,1,0.5137747065582541,0.4221274838428001,0.4265387610183154,0.42652468811876776,0.41157669058847096
0022200834,2023-02-09,2022-23,LAL,MIL,0,0.41724517892544893,0.35796624517748343,0.35775743282276423,0.3577623821040751,0.31731943702691673
0022200835,2023-02-10,2022-23,DET,SAS,1,0.6169795374606843,0.6368888353354298,0.6371418361608009,0.637150309103982,0.6767860689930898
0022200836,2023-02-10,2022-23,IND,PHX,0,0.6130739596118435,0.6094492509907219,0.6085385034292452,0.6084826369930979,0.5664030593516509
0022200837,2023-02-10,2022-23,PHI,NYK,1,0.6059295163806271,0.5560377452343248,0.5768336343339696,0.57683160071094,0.5799475691989734
0022200838,2023-02-10,2022-23,BOS,CHA,1,0.8083229865954323,0.7920629143369616,0.7935615950601951,0.7935366222605514,0.8397249641726816
0022200839,2023-02-10,2022-23,TOR,UTA,0,0.6801534667831866,0.7421885955857142,0.738910257819922,0.7389027270912265,0.7453985826813307
0022200840,2023-02-10,2022-23,MIA,HOU,1,0.8465824668316095,0.8502493249694698,0.8489743143756551,0.8489585199922567,0.8985697294010786
0022200841,2023-02-10,2022-23,MEM,MIN,1,0.6593755888554104,0.6427348591931097,0.6289890532748509,0.6289791495732403,0.5839473555591441
0022200842,2023-02-10,2022-23,NOP,CLE,0,0.440920032847865,0.4875050566309736,0.4843684171000192,0.48436919278979934,0.45487421686353435
0022200843,2023-02-10,2022-23,POR,OKC,0,0.49107330147407535,0.46187184974603024,0.44822504305165195,0.448233464604917,0.4210103847287949
0022200844,2023-02-10,2022-23,SAC,DAL,0,0.5310272974985498,0.5248772217670948,0.525447445544375,0.5254813544960969,0.4974407064584155
0022200845,2023-02-10,2022-23,LAC,MIL,0,0.5810439752663561,0.4760934155045137,0.4791734448692364,0.47914766757051014,0.4378099395105406
0022200846,2023-02-11,2022-23,BKN,PHI,0,0.512828275752426,0.5288535369703374,0.5087430445065493,0.5087698066965828,0.5292775761076938
0022200847,2023-02-11,2022-23,CHA,DEN,0,0.22075926070028942,0.24998096715755233,0.28267415435726356,0.2826819359098884,0.2758511689683641
0022200848,2023-02-11,2022-23,ORL,MIA,0,0.5673847830352202,0.5368628690130872,0.5374555508646376,0.5374446028480748,0.5719304412717854
0022200849,2023-02-11,2022-23,WAS,IND,1,0.7019135494003786,0.7061679854306049,0.7063507721116368,0.7063717502018004,0.687027566512874
0022200850,2023-02-11,2022-23,ATL,SAS,1,0.8800206858560553,0.9062847967716624,0.905568872277205,0.9055639103691865,0.8938742898318975
0022200851,2023-02-11,2022-23,NYK,UTA,1,0.6970262149912055,0.6854447220980603,0.6841296648729634,0.6841099117219543,0.7008754477212745
0022200852,2023-02-11,2022-23,CLE,CHI,1,0.6368701103257864,0.6466236737471963,0.6410535106141518,0.6410772995127614,0.6747684392426758
0022200853,2023-02-11,2022-23,GSW,LAL,0,0.6659693697137675,0.6718139257404367,0.6707695410372088,0.6707797054254692,0.5936349236339842
0022200854,2023-02-11,2022-23,SAC,DAL,1,0.5168061589571421,0.46670090768554423,0.4782118717033386,0.47819930732748633,0.5080115507571608
0022200855,2023-02-12,2022-23,BOS,MEM,1,0.6541085804365686,0.6493135175104133,0.6309179168917022,0.6308837845283334,0.6799748196535783
0022200856,2023-02-12,2022-23,TOR,DET,1,0.7463580540728665,0.7162915753009931,0.718117377929424,0.7180886667362223,0.7340254387730332
0022200857,2023-02-13,2022-23,CHA,ATL,1,0.34260815585786847,0.3987532557966866,0.39523284441306844,0.39525757399199957,0.3626103599468183
0022200858,2023-02-13,2022-23,CLE,SAS,1,0.9155135506371856,0.9287443420848437,0.9352605590607858,0.9352635954774529,0.9352085648009983
0022200859,2023-02-13,2022-23,IND,UTA,0,0.5223121270056155,0.4833068846441809,0.46637494745575103,0.4663171687176299,0.5565027897445903
0022200860,2023-02-13,2022-23,PHI,HOU,1,0.8701470484645347,0.8614985491012737,0.8714501008461732,0.8714399013026143,0.8848476445110112
0022200861,2023-02-13,2022-23,MIA,DEN,0,0.5129771949748705,0.4333367738187542,0.4345493763941394,0.4344843458374888,0.5041753683609257
0022200862,2023-02-13,2022-23,NYK,BKN,1,0.6139124931307881,0.6096503939757181,0.6084193415662085,0.6083934988643184,0.6448859010181888
0022200863,2023-02-13,2022-23,CHI,ORL,0,0.5818640434828636,0.5666803464900707,0.5644228493834459,0.5644415339553068,0.567797503422286
0022200864,2023-02-13,2022-23,OKC,NOP,0,0.6019341562176393,0.5948809545897679,0.6392354952343279,0.6392508070599893,0.600377258746082
0022200865,2023-02-13,2022-23,DAL,MIN,0,0.6232999570057455,0.6182376532035435,0.6174871865656884,0.6174128970952764,0.6439005250914415
0022200866,2023-02-13,2022-23,GSW,WAS,1,0.5798585787860744,0.5691775098531976,0.5690391091191404,0.5690445714026118,0.5439322106701474
0022200867,2023-02-13,2022-23,POR,LAL,1,0.47575588118904455,0.4030176144385994,0.4063783847042887,0.4063861288397984,0.4399923695705807
0022200868,2023-02-14,2022-23,TOR,ORL,1,0.646851449247285,0.633702726979403,0.6353517026053419,0.6353755490027094,0.6291464527734545
0022200869,2023-02-14,2022-23,MIL,BOS,1,0.48974146160747084,0.6394537322707602,0.6331787594552043,0.6332164041256587,0.681532233302007
0022200870,2023-02-14,2022-23,PHX,SAC,1,0.5394954787452441,0.5405645440938943,0.5403823513796133,0.5403853010818299,0.560848926821757
0022200871,2023-02-14,2022-23,LAC,GSW,1,0.5786640909458632,0.6042912935032935,0.603517638932686,0.6035620535596274,0.7250914179074321
0022200872,2023-02-14,2022-23,POR,WAS,0,0.48615253619337107,0.47770017675666054,0.47880165669302266,0.47882544020399587,0.4649561473816178
0022200873,2023-02-15,2022-23,CHA,SAS,1,0.7317977004320088,0.6902183075238901,0.6818113226232105,0.6817762096155578,0.7009882271893952
0022200874,2023-02-15,2022-23,IND,CHI,1,0.4373862813012521,0.5132423224818151,0.5207651962069798,0.5207988964471062,0.4781324490965797
0022200875,2023-02-15,2022-23,PHI,CLE,1,0.4646148974562307,0.4810138354151681,0.48077914281160833,0.4808254929237709,0.46139831398931697
0022200876,2023-02-15,2022-23,ATL,NYK,0,0.4975820674553438,0.49378095947056816,0.49395970082154156,0.49396167573861166,0.4386122961995042
0022200877,2023-02-15,2022-23,BOS,DET,1,0.7951332541769455,0.7699701738039832,0.7721813886005428,0.77217546125221,0.8458694790008372
0022200878,2023-02-15,2022-23,BKN,MIA,1,0.4729960833770936,0.47442328792567223,0.4753633229897892,0.47539643280686733,0.496090889925119
0022200879,2023-02-15,2022-23,MEM,UTA,1,0.699312141525207,0.7532500828870066,0.7871309403062348,0.7871463797365156,0.7875536371474436
0022200880,2023-02-15,2022-23,OKC,HOU,1,0.8407678763271972,0.8443231405010557,0.8432339616479103,0.8432192574175266,0.8558182019855467
0022200881,2023-02-15,2022-23,DEN,DAL,1,0.6243414631651636,0.6441036763164434,0.6677775449414327,0.6678719469390626,0.6084323384037434
0022200882,2023-02-15,2022-23,LAL,NOP,1,0.5231261120265467,0.5485824766843579,0.5435687717384546,0.5435841572748231,0.5207769651640949
0022200883,2023-02-16,2022-23,CHI,MIL,0,0.26428089648347075,0.2678465282183867,0.26975506976290187,0.2698364669177474,0.26502781630044736
0022200884,2023-02-16,2022-23,MIN,WAS,0,0.5569530296564476,0.49403136369707684,0.5304170154284982,0.5304359556274751,0.5168197426946006
0022200885,2023-02-16,2022-23,PHX,LAC,0,0.5431639442711701,0.4917384914397112,0.4924718953680634,0.4925549792828984,0.3782559555712431
0022200886,2023-02-23,2022-23,CLE,DEN,0,0.5738369387246612,0.5623390598340912,0.5606040759283386,0.5605879536268119,0.5678024763801537
0022200887,2023-02-23,2022-23,IND,BOS,0,0.2530589882837927,0.24052523058812933,0.24228148959297566,0.24227808867038564,0.27293267108741454
0022200888,2023-02-23,2022-23,ORL,DET,1,0.7065688962958364,0.7012515361059176,0.702537894626965,0.7025132692284402,0.7399795070983116
0022200889,2023-02-23,2022-23,PHI,MEM,1,0.5622025773258947,0.5705879375535425,0.571817234839702,0.5718266666285651,0.577610235296309
0022200890,2023-02-23,2022-23,TOR,NOP,1,0.5747117956300036,0.5996494978713589,0.6014583571076347,0.6014241991038606,0.6180060362599625
0022200891,2023-02-23,2022-23,DAL,SAS,1,0.8339642601009402,0.8430602306086895,0.8431981090482007,0.8431876824745813,0.8475512708202061
0022200892,2023-02-23,2022-23,UTA,OKC,1,0.4099587264760353,0.3821920326984886,0.38682596202162484,0.386799782115937,0.46451547766009293
0022200893,2023-02-23,2022-23,LAL,GSW,1,0.5799703737582997,0.6021486695286022,0.6011890275067021,0.6011125289615248,0.6476908034703008
0022200894,2023-02-23,2022-23,SAC,POR,1,0.6791277940817176,0.8279008666354442,0.8245365396483996,0.8245282693906032,0.7986852953719649
0022200895,2023-02-24,2022-23,WAS,NYK,0,0.5241967377347899,0.5294691992130118,0.5311736062066814,0.5311434184748575,0.5589398473763156
0022200896,2023-02-24,2022-23,ATL,CLE,1,0.4769351585203595,0.45102921461006734,0.4512786557829395,0.45123263417067194,0.44337987808727136
0022200897,2023-02-24,2022-23,MIL,MIA,1,0.6965503981539383,0.6446062926734119,0.6465729397460297,0.6465074616889978,0.7082148419881323
0022200898,2023-02-24,2022-23,MIN,CHA,0,0.7069279819201393,0.6852834312517903,0.6868354850734059,0.6868495632457212,0.6879533522156108
0022200899,2023-02-24,2022-23,PHX,OKC,1,0.6573975382881342,0.7192550750422753,0.7151264020822137,0.7151280662300484,0.6958880763793858
0022200900,2023-02-24,2022-23,CHI,BKN,1,0.479705997508105,0.5184103474104529,0.5155795474289517,0.5155568247655324,0.5829839991073754
0022200901,2023-02-24,2022-23,GSW,HOU,1,0.7679141048513536,0.7929578904942237,0.7502238870703104,0.7502195505470115,0.7269541104327416
0022200902,2023-02-24,2022-23,LAC,SAC,0,0.7712155488853165,0.75131565695834,0.7489202041502275,0.7488313175697023,0.7456613178519943
0022200903,2023-02-25,2022-23,DET,TOR,0,0.31117737540657253,0.30610764601504237,0.30640280603932174,0.30635002926024935,0.3344281345788412
0022200904,2023-02-25,2022-23,CHA,MIA,1,0.4634697946834482,0.3996246869406435,0.4015162241412153,0.4014448008891652,0.43276580888176885
0022200905,2023-02-25,2022-23,ORL,IND,0,0.6437195475293326,0.6407202175038311,0.6264700305562393,0.6264603161665107,0.6240985890649806
0022200906,2023-02-25,2022-23,NYK,NOP,1,0.603169880081694,0.6037895943104356,0.6028966631582369,0.6029152880780556,0.61621764516451
0022200907,2023-02-25,2022-23,MEM,DEN,1,0.4734883550278478,0.4640426045706884,0.4612773022465605,0.46128663767427636,0.4513757178548964
0022200908,2023-02-25,2022-23,PHI,BOS,0,0.4640225521048402,0.45132424650177616,0.4521237167634335,0.4521484329605528,0.4314953294185212
0022200909,2023-02-25,2022-23,UTA,SAS,1,0.7889688971009051,0.8050169629873771,0.8021386000637493,0.802148132098739,0.795472940015628
0022200910,2023-02-26,2022-23,MIL,PHX,1,0.6645314559808604,0.6456796528056591,0.6459156161674436,0.6458865932799325,0.6673869113808464
0022200911,2023-02-26,2022-23,ATL,BKN,1,0.6302964509948258,0.6227158956496704,0.6177051491555009,0.6176884584132182,0.6224690598434587
0022200912,2023-02-26,2022-23,CHI,WAS,1,0.5145706121854532,0.6197000682645664,0.6161860634022397,0.6162517241620661,0.5971114869910988
0022200913,2023-02-26,2022-23,DAL,LAL,0,0.5925530769420897,0.6191837125524874,0.6180099410869268,0.6180408716124662,0.6003913821214527
0022200914,2023-02-26,2022-23,CLE,TOR,1,0.6996174848430226,0.6873273006529497,0.6880097195818926,0.6880083123913555,0.7387071278183381
0022200915,2023-02-26,2022-23,OKC,SAC,0,0.5432146551047057,0.5254721042682949,0.5265311602370929,0.5265367753970719,0.5215355397454022
0022200916,2023-02-26,2022-23,GSW,MIN,1,0.5099663956556851,0.5780246987511399,0.5769440612050474,0.5770262189377995,0.4947661995379685
0022200917,2023-02-26,2022-23,POR,HOU,1,0.6987584746718956,0.6885530426146015,0.6891623809258091,0.6891890445699803,0.7782541548604889
0022200918,2023-02-26,2022-23,DEN,LAC,1,0.5295317347414993,0.5469380386462642,0.5472533011481134,0.5472860042989133,0.6180626222132999
0022200919,2023-02-27,2022-23,CHA,DET,1,0.637311101977271,0.7297691346745452,0.7184107359046965,0.7185143293702727,0.6193943213647152
0022200920,2023-02-27,2022-23,PHI,MIA,0,0.6472414020142454,0.6365810781720894,0.637438494638506,0.63746317501561,0.6221954322564848
0022200921,2023-02-27,2022-23,NYK,BOS,1,0.4615207874164411,0.4701966464523354,0.4694144974894385,0.46949153881277567,0.4673484869298965
0022200922,2023-02-27,2022-23,NOP,ORL,0,0.5860450775532262,0.572069012766134,0.5725156230212729,0.5724843206074532,0.6015690985716419
0022200923,2023-02-28,2022-23,ATL,WAS,0,0.5694335767946097,0.5680696766364204,0.5673513645659396,0.5673550153935843,0.5614183281576616
0022200924,2023-02-28,2022-23,BKN,MIL,0,0.30970144564862756,0.2763210876952486,0.2781618730201829,0.2782061790138462,0.26306071441467055
0022200925,2023-02-28,2022-23,TOR,CHI,1,0.5097615441629296,0.504093055501025,0.5048207028028961,0.5048313150369712,0.5447378823991806
0022200926,2023-02-28,2022-23,HOU,DEN,0,0.12057181287196309,0.10935280415877871,0.10471012695025839,0.10471684328541209,0.10830985527442744
0022200927,2023-02-28,2022-23,MEM,LAL,1,0.6049006907419876,0.6681105976726118,0.6669721670171276,0.667046079937227,0.6302722766618624
0022200928,2023-02-28,2022-23,OKC,SAC,0,0.5130242205737142,0.5261048696186233,0.5644716097820347,0.5645229743449625,0.5211560778193451
0022200929,2023-02-28,2022-23,DAL,IND,0,0.6831227719031608,0.6889461379188174,0.6883783093263393,0.6883569691022726,0.718443885723939
0022200930,2023-02-28,2022-23,UTA,SAS,0,0.8106942736313698,0.7600782514561747,0.7669804144807021,0.766965101718493,0.7839910716858005
0022200931,2023-02-28,2022-23,GSW,POR,1,0.6089022896830371,0.6363209564253144,0.6362088465759071,0.6362165223823404,0.649257944706551
0022200932,2023-02-28,2022-23,LAC,MIN,0,0.6583449274316147,0.6860048882149579,0.6874055598956177,0.6873604608960858,0.7053118454695543
0022200933,2023-03-01,2022-23,CHA,PHX,0,0.3776690722147532,0.2828229085873423,0.2854831072646169,0.2855009487057829,0.2811088552566874
0022200934,2023-03-01,2022-23,DET,CHI,0,0.3771942342272129,0.396393718544339,0.40162509518634726,0.40154983281034123,0.4261316627523906
0022200935,2023-03-01,2022-23,BOS,CLE,1,0.586802147149948,0.5858881038475001,0.5857436422928102,0.5857318281025776,0.5711440450562859
0022200936,2023-03-01,2022-23,MIA,PHI,0,0.4839813097353519,0.5176635904785828,0.5149382342406493,0.5149211847723175,0.5564863620664144
0022200937,2023-03-01,2022-23,NYK,BKN,1,0.8257865895012958,0.8177252135252081,0.817055759009222,0.8170275934354609,0.8304315182750908
0022200938,2023-03-01,2022-23,HOU,MEM,0,0.17253720539297288,0.16603617926377376,0.16871639297131646,0.16871472860723596,0.15874319277915175
0022200939,2023-03-01,2022-23,MIL,ORL,1,0.6980831146382851,0.7133174322186834,0.7122616700816543,0.7122384181045602,0.7432568674868655
0022200940,2023-03-01,2022-23,OKC,LAL,0,0.5953684688782483,0.6069018274814171,0.6073386229661222,0.6073502419178803,0.5917526006927671
0022200941,2023-03-01,2022-23,POR,NOP,0,0.3898232588338825,0.4563038090919058,0.4753334288196035,0.47541317546795064,0.42647296443024224
0022200942,2023-03-02,2022-23,WAS,TOR,1,0.5120073376016255,0.5003735035069937,0.50141070539567,0.5014344840483967,0.4931497877303434
0022200943,2023-03-02,2022-23,DAL,PHI,1,0.6208153424112576,0.595319586547385,0.5941208557826224,0.5940493165367675,0.6119873837016166
0022200944,2023-03-02,2022-23,SAS,IND,1,0.33009116989527815,0.30384538831951896,0.30520297606041935,0.3051804274579956,0.3429842543877893
0022200945,2023-03-02,2022-23,GSW,LAC,1,0.4864389570546402,0.4988670346354627,0.5347451707546332,0.5348698385340526,0.4600262370644073
0022200946,2023-03-03,2022-23,CHA,ORL,0,0.4964346554069877,0.4753086234605988,0.47531086149477036,0.4753053042184658,0.47400316819639077
0022200947,2023-03-03,2022-23,ATL,POR,1,0.6775584879908227,0.7252158722218413,0.7229085396567418,0.7229366814033622,0.7052607394884874
0022200948,2023-03-03,2022-23,BOS,BKN,0,0.8045554990835643,0.7984224836569536,0.7977383999857558,0.7976841650163329,0.8341111703663106
0022200949,2023-03-03,2022-23,MIA,NYK,0,0.3887370173581873,0.3943506212456026,0.3938480804513287,0.3938363643559252,0.3835724486334011
0022200950,2023-03-03,2022-23,CHI,PHX,0,0.4735166095557353,0.45401710972438086,0.4553945387502463,0.4554474053140757,0.4335062104359465
0022200951,2023-03-03,2022-23,OKC,UTA,1,0.6200577232171145,0.6153750721660328,0.6154393058195358,0.6154060268745826,0.699709145328524
0022200952,2023-03-03,2022-23,DEN,MEM,1,0.6065895832789003,0.5965457428458132,0.5809791941085184,0.5809372738228298,0.6178873574338447
0022200953,2023-03-03,2022-23,GSW,NOP,1,0.5334228425217542,0.5704143061396297,0.5704892677482939,0.5705521566821862,0.5253366463346815
0022200954,2023-03-03,2022-23,SAC,LAC,1,0.6706029880194453,0.7311372833693706,0.7404137745620305,0.7404712472755781,0.7148256896765754
0022200955,2023-03-03,2022-23,LAL,MIN,0,0.5478246856063456,0.5593794678901378,0.5595745832282694,0.5595506293203344,0.5903413371447572
0022200956,2023-03-04,2022-23,WAS,TOR,0,0.5540826136428229,0.5488330551761954,0.5490728829271238,0.5490880189694769,0.5178733471542435
0022200957,2023-03-04,2022-23,CLE,DET,1,0.8276072986496692,0.8907693667340718,0.8894008790558147,0.8894287495449001,0.8487990172090576
0022200958,2023-03-04,2022-23,MIA,ATL,1,0.5639130593486579,0.5609242172009632,0.5598257704708424,0.5597995549744756,0.5669646315449444
0022200959,2023-03-04,2022-23,SAS,HOU,0,0.6265407392154652,0.5979212230731036,0.5988306130347603,0.5987080191592313,0.6956742849544671
0022200960,2023-03-04,2022-23,MIL,PHI,0,0.6350550217091665,0.673213704410229,0.6708240937360885,0.6708006560250764,0.7124607737642958
0022200961,2023-03-04,2022-23,SAC,MIN,0,0.6309773217581017,0.6231987373468864,0.6246496781312252,0.6246348958053858,0.6282855121184568
0022200962,2023-03-05,2022-23,DAL,PHX,0,0.5004355366862995,0.47559172141653033,0.4547988235572529,0.4547811832948702,0.4653526079612806
0022200963,2023-03-05,2022-23,CHI,IND,0,0.6736364362625952,0.692436825366923,0.6919216860410419,0.6919280177289389,0.7092548434074898
0022200964,2023-03-05,2022-23,LAL,GSW,1,0.5146937659624296,0.48200610164353724,0.48187274981125394,0.4818604373413736,0.4089761899794294
0022200965,2023-03-05,2022-23,BKN,CHA,1,0.6433203109707166,0.6280444877411625,0.6282116973476097,0.6282497661929637,0.624615415587943
0022200966,2023-03-05,2022-23,ORL,POR,0,0.6733691407652368,0.6519935870038606,0.6139548779683007,0.6138604353182825,0.6676799901636589
0022200967,2023-03-05,2022-23,HOU,SAS,1,0.5427108030272452,0.7008147246707428,0.6975075633633181,0.6976138135842834,0.5561695353479733
0022200968,2023-03-05,2022-23,OKC,UTA,1,0.7237834723401996,0.7757330719996446,0.7728573158780726,0.7728457326469812,0.7243062598079074
0022200969,2023-03-05,2022-23,BOS,NYK,0,0.5696651602059809,0.5855126410596122,0.5848250115790536,0.5848210918813136,0.5848157430999819
0022200970,2023-03-05,2022-23,LAC,MEM,1,0.4464213620363568,0.5270390962492318,0.5310372534198519,0.5311252136668664,0.5819309266995388
0022200973,2023-03-05,2022-23,WAS,MIL,0,0.37147260835311696,0.34625541955168176,0.34899449375399194,0.34899363408623324,0.35431093310023454
0022200971,2023-03-06,2022-23,CLE,BOS,1,0.607244525578,0.6877422053825277,0.7049311623264705,0.7049909581446798,0.6778193205137552
0022200972,2023-03-06,2022-23,IND,PHI,0,0.2794224277689033,0.2770799107471122,0.34415563002275795,0.344209592080199,0.3089427256052633
0022200974,2023-03-06,2022-23,MIA,ATL,1,0.5509733215353878,0.5385961833584569,0.5382681625848634,0.5382253727745073,0.5791360803288816
0022200975,2023-03-06,2022-23,DEN,TOR,1,0.6639685220443052,0.6510430076402319,0.663724979175033,0.6637428801148394,0.6956775911798451
0022200976,2023-03-06,2022-23,SAC,NOP,1,0.6262333959801786,0.60076470520566,0.5656990327531485,0.565667955665284,0.5998637131579461
0022200977,2023-03-06,2022-23,DET,POR,0,0.5263839696143262,0.49736394137230516,0.4855832142434355,0.4854759059688431,0.5799842113899608
0022200769,2023-03-07,2022-23,DET,WAS,0,0.28311410298514134,0.24617351957723807,0.24660320707983843,0.24654368310627706,0.2780828937646212
0022200978,2023-03-07,2022-23,ORL,MIL,0,0.29047631656080763,0.42725891820439377,0.4238801482064801,0.4239065926145892,0.36540770593477034
0022200979,2023-03-07,2022-23,NYK,CHA,0,0.8312830056406678,0.8284866284141578,0.8277250672458044,0.8277258915175303,0.8388527170925835
0022200980,2023-03-07,2022-23,MIN,PHI,0,0.5541470251454568,0.5600895076326867,0.5592096449458537,0.5592079482223125,0.5572174846384093
0022200981,2023-03-07,2022-23,HOU,BKN,0,0.3070111775329122,0.2992440045922093,0.30021916251625735,0.3002229809035009,0.248306215307551
0022200982,2023-03-07,2022-23,OKC,GSW,1,0.48136945165909784,0.44262262216254783,0.42884884819579794,0.42884243905468056,0.41479281636133347
0022200983,2023-03-07,2022-23,DAL,UTA,1,0.7251842657293103,0.8177469562917847,0.8132371697222889,0.8132356148065667,0.7815988947633642
0022200984,2023-03-07,2022-23,LAL,MEM,1,0.48271869659798305,0.48760090464386013,0.4817079851759796,0.4816639264200037,0.5070650323330569
0022200985,2023-03-08,2022-23,WAS,ATL,0,0.5135871346009339,0.5388658663718744,0.5372816398523641,0.5372658670471191,0.5862195261958936
0022200986,2023-03-08,2022-23,BOS,POR,1,0.7669627732983036,0.7319697001928338,0.733318068955562,0.7333120220629383,0.7910960521810586
0022200987,2023-03-08,2022-23,MIA,CLE,0,0.4125623298888205,0.40704128877368095,0.40601491742058915,0.4060105826143162,0.3946869311455122
0022200988,2023-03-08,2022-23,NOP,DAL,1,0.5515957983080163,0.600702700814435,0.5991177295217672,0.5991923170278514,0.5869281570332234
0022200989,2023-03-08,2022-23,DEN,CHI,0,0.7151330647837916,0.7106486519981793,0.7108928969472128,0.7108924251619949,0.7056082756508117
0022200990,2023-03-08,2022-23,PHX,OKC,1,0.7200430777959026,0.7643146908551824,0.7610040489970484,0.7609949066592974,0.7203792790388692
0022200991,2023-03-08,2022-23,LAC,TOR,1,0.5898070669681363,0.6025266006197941,0.6020626668943412,0.6020485153388689,0.6093285533968416
0022200992,2023-03-09,2022-23,DET,CHA,0,0.4466199323074703,0.40564987649798434,0.40651714336310374,0.40651514220440166,0.417630769601006
0022200993,2023-03-09,2022-23,IND,HOU,1,0.7558502040858396,0.8260161135038316,0.8247905140296495,0.8247923050900748,0.822385817238886
0022200994,2023-03-09,2022-23,ORL,UTA,0,0.6088045283523101,0.6128637718779979,0.6110571940852111,0.6110398044961346,0.6861675879044236
0022200995,2023-03-09,2022-23,MIL,BKN,1,0.6933215420443106,0.7711979087767078,0.7690437172801506,0.7691816820254676,0.8103497235653532
0022200996,2023-03-09,2022-23,MEM,GSW,1,0.5367280430004532,0.5169275762729233,0.5186222275487182,0.5187107724312644,0.49328983658081826
0022200997,2023-03-09,2022-23,SAC,NYK,1,0.4717924542596362,0.4673168663968504,0.46464418955390957,0.46464937904093506,0.4574255655655346
0022200998,2023-03-10,2022-23,PHI,POR,1,0.7813508041870586,0.7560164161152377,0.7526968895098398,0.7527195574800674,0.7429768187020259
0022200999,2023-03-10,2022-23,WAS,ATL,0,0.5872835593769711,0.5899389916596341,0.5887507176104533,0.5887277517003671,0.5708360840062198
0022201000,2023-03-10,2022-23,MIA,CLE,1,0.38788080054773816,0.3858608459190081,0.3808351903837641,0.38089878502130725,0.35238672354927947
0022201001,2023-03-10,2022-23,MIN,BKN,0,0.6751020465395613,0.6561673926791359,0.6501576137173134,0.6501245680932776,0.6600184232038937
0022201002,2023-03-10,2022-23,SAS,DEN,1,0.142408899432488,0.1526908627928579,0.13376944154122114,0.13374873157742959,0.1442387188282315
0022201003,2023-03-10,2022-23,LAL,TOR,1,0.5634332667913518,0.5663671576247352,0.5654234142968093,0.5654175455637256,0.5848605083767319
0022201004,2023-03-11,2022-23,LAC,NYK,1,0.5118026923941886,0.5826482448619452,0.5780708672547802,0.578070272129346,0.5332694987308939
0022201005,2023-03-11,2022-23,CHA,UTA,0,0.561307004122679,0.5555766165413296,0.5358901966691001,0.5358150921561204,0.6010751068515141
0022201006,2023-03-11,2022-23,DET,IND,0,0.36899627297878235,0.43049792482002164,0.5441024192048921,0.54416305483282,0.4321003522393695
0022201007,2023-03-11,2022-23,ORL,MIA,1,0.5483760282961616,0.5282137930162435,0.5290459146230592,0.5290934524456811,0.4880710813907621
0022201008,2023-03-11,2022-23,ATL,BOS,0,0.37331833995647246,0.34702316280415324,0.3480951432164502,0.3480695316319109,0.35060393652532085
0022201009,2023-03-11,2022-23,HOU,CHI,0,0.2011170486875598,0.20979984003342722,0.21140870710875354,0.21142428695270354,0.18206818972441105
0022201010,2023-03-11,2022-23,MEM,DAL,1,0.6544029686649543,0.6942237346322123,0.7257345720804779,0.7258096424602395,0.67222263875527
0022201011,2023-03-11,2022-23,NOP,OKC,0,0.569268677744314,0.5248403427627297,0.5243357616256132,0.5242943019699804,0.45789378441641926
0022201012,2023-03-11,2022-23,GSW,MIL,1,0.4042269358338285,0.40761704353830835,0.4073468499715747,0.4073226460562321,0.4073715870092495
0022201013,2023-03-11,2022-23,PHX,SAC,0,0.5909870427858561,0.6216597517291547,0.6207977758939005,0.6207827067345982,0.621335275126654
0022201014,2023-03-12,2022-23,DEN,BKN,0,0.6800030668042636,0.6897088034564708,0.6890191428564858,0.689003374257548,0.6739888073143705
0022201015,2023-03-12,2022-23,CHA,CLE,0,0.21748361016514006,0.2977772540144314,0.2655838413462043,0.2655638495179474,0.27431455061871646
0022201016,2023-03-12,2022-23,PHI,WAS,1,0.6821467567591112,0.6751891282654506,0.6750037429683597,0.6750183315239752,0.6770201603099558
0022201017,2023-03-12,2022-23,NOP,POR,1,0.505573909215334,0.5038301056881697,0.5796828371960797,0.5797394970128537,0.593370585312174
0022201018,2023-03-12,2022-23,SAS,OKC,0,0.2908462845793501,0.25912113915869606,0.22467677653677526,0.22463396173190336,0.3255283596658452
0022201019,2023-03-12,2022-23,LAL,NYK,0,0.5913484827336797,0.5797830268605915,0.5795210307698277,0.579487639459132,0.5998485418587101
0022201020,2023-03-13,2022-23,DET,IND,1,0.3989664905304635,0.35431154426046385,0.35010222407967495,0.3500838922778039,0.37415803906239425
0022201021,2023-03-13,2022-23,ATL,MIN,0,0.564673083466091,0.5776550670914176,0.5778902197186585,0.577892843228088,0.5465744339115594
0022201022,2023-03-13,2022-23,MIA,UTA,1,0.665824830537781,0.6599451801292125,0.6578455733541695,0.6577924402030628,0.7039810504687662
0022201023,2023-03-13,2022-23,DAL,MEM,0,0.4315031184120769,0.42804761139358277,0.4285481713613911,0.4285237569581778,0.4559793322401498
0022201024,2023-03-13,2022-23,HOU,BOS,1,0.14858328046504118,0.12116691832464353,0.12264209132090263,0.12263791157359044,0.1133400164653301
0022201025,2023-03-13,2022-23,GSW,PHX,1,0.5404167837688781,0.535896260178195,0.534653610500678,0.5346382426209079,0.6023653131033245
0022201026,2023-03-13,2022-23,SAC,MIL,0,0.44038190268302074,0.4422661627580026,0.43202432194725976,0.43207601011778357,0.37118909961528707
0022201027,2023-03-14,2022-23,CHA,CLE,0,0.2950299155496537,0.39932775246980834,0.39521156438342103,0.3952000895861181,0.39024014412017954
0022201028,2023-03-14,2022-23,WAS,DET,1,0.8195272836428006,0.8286677042735588,0.815719379372077,0.8157053789779546,0.8128391257941474
0022201029,2023-03-14,2022-23,TOR,DEN,1,0.4679249823391606,0.46828618491009166,0.4674237821194656,0.4674199737244635,0.4485367224484086
0022201030,2023-03-14,2022-23,NOP,LAL,0,0.44910684365917397,0.45372176793062,0.46030788712855014,0.46032127120007055,0.47696512468512736
0022201031,2023-03-14,2022-23,OKC,BKN,1,0.5887166033196601,0.5863175599960144,0.5874132056106673,0.5874134463752065,0.6279610963162444
0022201032,2023-03-14,2022-23,SAS,ORL,1,0.32909248081656245,0.29594380387138103,0.2884118335828032,0.2883361367022441,0.3424058143517193
0022201033,2023-03-14,2022-23,PHX,MIL,0,0.4424316848582594,0.47247025540056137,0.47233076163841486,0.4724125838057353,0.4290445822089914
0022201034,2023-03-14,2022-23,POR,NYK,0,0.28388460833788876,0.29959462822735133,0.2881960956433648,0.28815119519714616,0.30070870578217546
0022201035,2023-03-15,2022-23,CLE,PHI,0,0.4242232150557874,0.41977179710472956,0.4217156192381984,0.42177094485914807,0.40132738730921874
0022201036,2023-03-15,2022-23,MIA,MEM,1,0.4359035390836401,0.43028400634364306,0.4293853313605218,0.42937525667616455,0.45408151229358934
0022201037,2023-03-15,2022-23,CHI,SAC,0,0.5590115443964557,0.5648611140980101,0.5631801705244222,0.5631643227603225,0.5712199037017374
0022201038,2023-03-15,2022-23,HOU,LAL,1,0.2890984837765843,0.29423946581512606,0.2961219000699646,0.29617718876376176,0.2465462819374534
0022201039,2023-03-15,2022-23,MIN,BOS,0,0.43060985417982556,0.4040207438605107,0.4159638514060203,0.41597535434107724,0.4140847683976331
0022201040,2023-03-15,2022-23,SAS,DAL,0,0.30487513279534423,0.25199367373651244,0.2529146939380937,0.2527805071301123,0.33207644956232624
0022201041,2023-03-15,2022-23,LAC,GSW,1,0.5357985265929436,0.5736336526824066,0.5713181321543523,0.5713314509759211,0.563619836445134
0022201042,2023-03-16,2022-23,DET,DEN,0,0.23051514600302042,0.20584324292984768,0.20662290746402973,0.20663912515608313,0.2024648734984926
0022201043,2023-03-16,2022-23,BKN,SAC,0,0.5538955861815233,0.5303361242942292,0.5309924147847372,0.5309876714508845,0.5393408377004081
0022201044,2023-03-16,2022-23,TOR,OKC,1,0.5087165159023966,0.5101637036232111,0.5098104035168061,0.5098127362887344,0.5583252553017065
0022201045,2023-03-16,2022-23,MIL,IND,0,0.8706490977915039,0.8107486747083188,0.8134602358334508,0.8134386207482023,0.7970299080843377
0022201046,2023-03-16,2022-23,PHX,ORL,1,0.7128436197742117,0.7164808341069612,0.7051821834562589,0.7051759351225815,0.7136342160122499
0022201047,2023-03-17,2022-23,CHA,PHI,0,0.24174821703173968,0.24568082148073422,0.24009764728540886,0.24008725877695364,0.23620504852690424
0022201048,2023-03-17,2022-23,ATL,GSW,1,0.4427432712336117,0.5079769158904118,0.5064787958369371,0.5065217655540845,0.48883697862300646
0022201049,2023-03-17,2022-23,CLE,WAS,1,0.6346457057107077,0.6109510133316877,0.6132797698734541,0.6133229457553939,0.6412344183355089
0022201050,2023-03-17,2022-23,CHI,MIN,1,0.5821905324486607,0.602438811388101,0.5827817970532834,0.5827679104315582,0.5952935991319968
0022201051,2023-03-17,2022-23,HOU,NOP,1,0.3371895624782048,0.3269088783855115,0.3282831287728299,0.32829129130694396,0.319260950593975
0022201052,2023-03-17,2022-23,SAS,MEM,0,0.2257889323641479,0.1068434559352321,0.10569200941883754,0.10567898038353134,0.1724727343120248
0022201053,2023-03-17,2022-23,POR,BOS,0,0.2681135263037697,0.2913038865908608,0.2684626364738686,0.2684884054471071,0.2356983065033101
0022201054,2023-03-17,2022-23,LAL,DAL,0,0.6211754119687776,0.6240928637573627,0.6226767222613524,0.6226742425457733,0.6435518825261516
0022201055,2023-03-18,2022-23,NYK,DEN,1,0.6008110212754324,0.5978625732420915,0.5993360892665238,0.5993413867831472,0.6062186696501862
0022201056,2023-03-18,2022-23,LAC,ORL,0,0.7305717135418611,0.6494475640131756,0.6496783240292131,0.6496840816111946,0.6904862687779025
0022201057,2023-03-18,2022-23,IND,PHI,0,0.3777520625776389,0.4790713121753549,0.4755147758194522,0.47553761813981626,0.4662525593972103
0022201058,2023-03-18,2022-23,TOR,MIN,1,0.6668152588905604,0.6800942013646455,0.6651620629852887,0.6651956540599965,0.6585027406998492
0022201059,2023-03-18,2022-23,WAS,SAC,0,0.3991207224032873,0.4371075764416941,0.43562690710190544,0.4356325109482728,0.41268930153047634
0022201060,2023-03-18,2022-23,CHI,MIA,1,0.5225979826215051,0.5566083429477189,0.5556796384177797,0.5557086706786275,0.5593134339062839
0022201061,2023-03-18,2022-23,MEM,GSW,1,0.6483546755433207,0.6401792530869607,0.640045936711282,0.6400378571746096,0.6036940617217774
0022201062,2023-03-18,2022-23,UTA,BOS,1,0.3680642206508944,0.4394635239548179,0.4372833830278185,0.4373885954936086,0.37733704444855837
0022201063,2023-03-19,2022-23,BKN,DEN,0,0.525868869149999,0.4958738787587544,0.4971429977438233,0.4971521183172235,0.46764013881675087
0022201064,2023-03-19,2022-23,OKC,PHX,1,0.4810080851898446,0.5476606196955948,0.5465443853259513,0.5465918157220729,0.49724522943506366
0022201065,2023-03-19,2022-23,SAS,ATL,1,0.27181216587573775,0.24932067537906624,0.24729845835746267,0.24727030526241783,0.27579387591813975
0022201066,2023-03-19,2022-23,DET,MIA,0,0.35051944961876585,0.33479406756685826,0.33742255548290156,0.33739507298178195,0.34316608315024866
0022201067,2023-03-19,2022-23,HOU,NOP,0,0.3627174214487313,0.3518235362955835,0.3524796945287377,0.35248262903666977,0.3381031939379678
0022201068,2023-03-19,2022-23,MIL,TOR,1,0.6975237859757873,0.7154402086329827,0.7105100178080371,0.7104934586079469,0.7508456578501316
0022201069,2023-03-19,2022-23,POR,LAC,0,0.429866195231363,0.4199063841481241,0.4241463836656452,0.42413834578534937,0.3313117840023383
0022201070,2023-03-19,2022-23,LAL,ORL,1,0.7236165164436097,0.7062149912242094,0.7064881971164155,0.7064893292177828,0.7192191232494247
0022201071,2023-03-20,2022-23,CHA,IND,1,0.4484000103765014,0.4540458558308142,0.4544717281369878,0.4544872489037004,0.45188882752646903
0022201072,2023-03-20,2022-23,PHI,CHI,0,0.6444366946129191,0.6488852042182807,0.6493189069233645,0.6493847143889866,0.6392618003680395
0022201073,2023-03-20,2022-23,NYK,MIN,0,0.6984240890567024,0.6918073988730671,0.6906794687756308,0.6906822554053906,0.6961075574224952
0022201074,2023-03-20,2022-23,HOU,GSW,0,0.21412178540258717,0.1980940538864581,0.17993818011225612,0.1799089321852487,0.2000831845460807
0022201075,2023-03-20,2022-23,MEM,DAL,1,0.663696768368255,0.6501224471273569,0.6641763405298913,0.6641793026020724,0.6633448674591014
0022201076,2023-03-20,2022-23,UTA,SAC,1,0.38874255764064847,0.31091567363837025,0.31379582659952515,0.31377865148821465,0.3520450966947438
0022201077,2023-03-21,2022-23,ORL,WAS,1,0.5459695279847824,0.5735868825207039,0.5715009268124435,0.5715187822614847,0.549357769061819
0022201078,2023-03-21,2022-23,ATL,DET,1,0.7720892661163856,0.7444103246079042,0.7452884807885733,0.7452875698379648,0.7441581208301211
0022201079,2023-03-21,2022-23,BKN,CLE,0,0.3831754659879279,0.34901959221787826,0.3502169485394228,0.35021221210497505,0.3734289395443119
0022201080,2023-03-21,2022-23,NOP,SAS,1,0.7373842036589047,0.8275716964227247,0.8243964167770792,0.8244714355856868,0.7520792989693523
0022201081,2023-03-21,2022-23,SAC,BOS,0,0.42916080811468504,0.4432369299505581,0.4427555060556008,0.4427493950426121,0.379525650823658
0022201082,2023-03-21,2022-23,LAC,OKC,0,0.6448220020653085,0.6345651178201288,0.6318828590407214,0.6318449845473322,0.664143039849501
0022201083,2023-03-22,2022-23,WAS,DEN,0,0.3395280350230177,0.2927846393840662,0.2952178961241214,0.2951907091165144,0.3267233753319162
0022201084,2023-03-22,2022-23,MIA,NYK,1,0.45948489530402437,0.45620395122623447,0.45551646450410355,0.45550426957598966,0.46300419739827037
0022201085,2023-03-22,2022-23,TOR,IND,0,0.736839903168993,0.7151180711115964,0.7147638157845987,0.7147183885526246,0.7269105317608217
0022201086,2023-03-22,2022-23,DAL,GSW,0,0.5071645195916058,0.41200804906229754,0.4153921128302008,0.4153141438688766,0.466827213326161
0022201087,2023-03-22,2022-23,CHI,PHI,0,0.47877864027059,0.5475353382709295,0.542278977937261,0.5423004271828243,0.5042753694274156
0022201088,2023-03-22,2022-23,MEM,HOU,1,0.8660774331298878,0.8323587377526951,0.8327010539452181,0.8326850441331071,0.8554634813570027
0022201089,2023-03-22,2022-23,MIL,SAS,1,0.934522515495705,0.9690826974379283,0.9695230207190088,0.9695274762252919,0.927237579053224
0022201090,2023-03-22,2022-23,MIN,ATL,1,0.7058185391446599,0.6715793435457915,0.6741836300025338,0.6741333490696932,0.7259148801853372
0022201091,2023-03-22,2022-23,UTA,POR,0,0.6269847246854301,0.7044725189676444,0.7040833180625709,0.7041289113583359,0.6401969362508976
0022201092,2023-03-22,2022-23,LAL,PHX,1,0.5409527217793179,0.5256544159091963,0.525242367680836,0.5252397981794399,0.5397516379577438
0022201093,2023-03-23,2022-23,ORL,NYK,1,0.475023971959589,0.4878348018571162,0.5071372265534869,0.507150754439121,0.47261926593504067
0022201094,2023-03-23,2022-23,BKN,CLE,0,0.36475842028846356,0.35826345125932535,0.35831219286022564,0.3583059374126616,0.3570296518137648
0022201095,2023-03-23,2022-23,NOP,CHA,1,0.6892283577973453,0.6875218382444007,0.6875533146523932,0.6875396889899874,0.7022748259440691
0022201096,2023-03-23,2022-23,LAC,OKC,1,0.6051396406944198,0.5322898502698411,0.5326338162921038,0.5325714794510407,0.6115723610809182
0022201097,2023-03-24,2022-23,BOS,IND,1,0.7998680467284375,0.7971764706166449,0.7796333163319777,0.7796098605246778,0.7966263152710418
0022201098,2023-03-24,2022-23,WAS,SAS,1,0.7722424564500746,0.8465404004663121,0.8441253209417694,0.8441736787546053,0.7552576011182734
0022201099,2023-03-24,2022-23,TOR,DET,1,0.8258464594106123,0.8854877052601443,0.883816659583224,0.8838345932080526,0.8596581251920964
0022201100,2023-03-24,2022-23,MEM,HOU,1,0.846929568796006,0.8418714247313412,0.8421584823250059,0.8421678780296943,0.8528172748409042
0022201101,2023-03-24,2022-23,DAL,CHA,0,0.7826649551185607,0.8331183980921365,0.8310760719912582,0.8311122497211361,0.8100720858580504
0022201102,2023-03-24,2022-23,UTA,MIL,0,0.2853237636133285,0.19473413106078769,0.19821061232491113,0.19823763394421703,0.21105729321761627
0022201103,2023-03-24,2022-23,GSW,PHI,1,0.42571011803263775,0.4532657466280186,0.4561494267574835,0.45614801807447397,0.423530725979614
0022201104,2023-03-24,2022-23,POR,CHI,0,0.34801983572204287,0.3288447097360517,0.2670607046959374,0.26709330126337,0.24954414596425534
0022201105,2023-03-24,2022-23,SAC,PHX,1,0.5315349368262362,0.5415879378918167,0.5450975162844226,0.5451170297029271,0.5338362968091642
0022201106,2023-03-24,2022-23,LAL,OKC,1,0.6944750541221493,0.6483324510983876,0.6488943895849941,0.6488408900857792,0.6704232740862226
0022201107,2023-03-25,2022-23,ATL,IND,1,0.6899335635143282,0.6765481036524484,0.6660005795666165,0.6660065907252041,0.7128311297119964
0022201108,2023-03-25,2022-23,MIA,BKN,0,0.6419585620075843,0.6788890343186758,0.6761020968250857,0.6760963838444701,0.68731744187506
0022201109,2023-03-25,2022-23,DEN,MIL,1,0.5674888090881233,0.5479518927877912,0.5483492491308659,0.5483322090830093,0.5334227405494811
0022201110,2023-03-25,2022-23,PHX,PHI,1,0.4449861994237846,0.47793639512197666,0.4625713584522678,0.46252661306786125,0.46320059813300024
0022201111,2023-03-25,2022-23,SAC,UTA,1,0.7788659476735565,0.7820797846746642,0.7626105402508865,0.7625434403413851,0.806103637932543
0022201112,2023-03-25,2022-23,LAC,NOP,0,0.6633753577960173,0.6780942685338974,0.6768223044776283,0.6768265747855321,0.6426648830476946
0022201113,2023-03-26,2022-23,CHA,DAL,1,0.41505548941511794,0.3993101406450179,0.3968823981025121,0.396895566339598,0.3606931188731902
0022201114,2023-03-26,2022-23,LAL,CHI,0,0.5655556717424867,0.5806384734763764,0.5792169173986813,0.5791960601986782,0.5497631491730699
0022201115,2023-03-26,2022-23,ATL,MEM,0,0.38141641963636225,0.36364395898911295,0.3773552932258159,0.37734935480476006,0.3760314723574578
0022201116,2023-03-26,2022-23,BOS,SAS,1,0.9161750235028817,0.9146541755782155,0.8992687442573464,0.8992605038646446,0.8807393342009615
0022201117,2023-03-26,2022-23,CLE,HOU,1,0.8862429042781897,0.8870553008324754,0.8863638145922895,0.8863706030187494,0.877014346340209
0022201118,2023-03-26,2022-23,ORL,BKN,1,0.6142184354991448,0.612991171903404,0.6313897047288667,0.6314132946827552,0.6488028723335132
0022201119,2023-03-26,2022-23,TOR,WAS,1,0.6755682113255903,0.7212707287481748,0.719487307463354,0.7194899974197639,0.7097265557259306
0022201120,2023-03-26,2022-23,POR,OKC,0,0.28003547992804995,0.254859210272265,0.25595126089595366,0.2560262015049406,0.22548105310892078
0022201121,2023-03-26,2022-23,GSW,MIN,0,0.5889322068468751,0.6224919978145466,0.6222407385012556,0.6222394358779854,0.6569592448643138
0022201122,2023-03-27,2022-23,DET,MIL,0,0.13594308866123836,0.20840782172059588,0.21061470164643292,0.21066847845084696,0.17195255562023393
0022201123,2023-03-27,2022-23,IND,DAL,0,0.5477893956643035,0.49325805650220456,0.4513101584247795,0.4512409441458668,0.5355175263032816
0022201124,2023-03-27,2022-23,NYK,HOU,1,0.8980812874493554,0.8961125122507629,0.8956527423243527,0.895649480534439,0.8967174366123641
0022201125,2023-03-27,2022-23,UTA,PHX,0,0.3221038692973419,0.3283005305141669,0.3302845357513916,0.3302745334932482,0.33345119339278456
0022201126,2023-03-27,2022-23,DEN,PHI,1,0.5565075445091041,0.6223771678692394,0.6184195452629785,0.618421676151309,0.6495273905371763
0022201127,2023-03-27,2022-23,POR,NOP,0,0.24133109779044584,0.23091034229984908,0.23267576932783915,0.2326828389821405,0.24295263635429376
0022201128,2023-03-27,2022-23,SAC,MIN,0,0.6726110732598807,0.70504728936244,0.7161147864391815,0.7161621531845024,0.6787107940909638
0022201129,2023-03-27,2022-23,LAC,CHI,1,0.5781829610499039,0.5814143415910281,0.582519249449767,0.5824919867300195,0.566005414391053
0022201130,2023-03-28,2022-23,WAS,BOS,1,0.2629655761746718,0.24971953175121767,0.24203692796492085,0.24202725021448956,0.2495235844115625
0022201131,2023-03-28,2022-23,ATL,CLE,1,0.40279293625882917,0.4547129274795876,0.4518235847762651,0.45187197538781426,0.38631801735177485
0022201132,2023-03-28,2022-23,TOR,MIA,1,0.5934281295173449,0.680772399477801,0.6795062263651699,0.679526376956525,0.6886180056474782
0022201133,2023-03-28,2022-23,MEM,ORL,1,0.7229371276847029,0.6897222635222925,0.6905435763541962,0.6905178088650844,0.7295183911916752
0022201134,2023-03-28,2022-23,OKC,CHA,0,0.7291620904446215,0.7625038314931659,0.7687726442610221,0.768742372233355,0.8036178199790133
0022201135,2023-03-28,2022-23,GSW,NOP,1,0.6849015697056906,0.6659882318840377,0.665793762536314,0.6657674332361098,0.6602282858549952
0022201136,2023-03-29,2022-23,IND,MIL,0,0.26993124746876196,0.2897071797314992,0.27656045927200146,0.27662292396345806,0.21440390674535642
0022201137,2023-03-29,2022-23,BKN,HOU,1,0.7619381762886,0.7675705196980352,0.7674652584574543,0.7674887214424694,0.8244392152461031
0022201138,2023-03-29,2022-23,NYK,MIA,1,0.7737804043951303,0.743046769407783,0.7434450719227336,0.7434534580695459,0.7454655792376383
0022201139,2023-03-29,2022-23,PHI,DAL,1,0.6883247288400844,0.6924621846281532,0.692903745387954,0.6929218147893343,0.6874077661544725
0022201140,2023-03-29,2022-23,CHI,LAL,0,0.565941567512702,0.5741082505063727,0.551918789206857,0.5519095878473272,0.5540240262607886
0022201141,2023-03-29,2022-23,MEM,LAC,0,0.5828504429965947,0.4009281885427629,0.5482280203795793,0.5481322723801442,0.6150743786881125
0022201142,2023-03-29,2022-23,OKC,DET,1,0.768229709175425,0.7688597978088857,0.7685957718762353,0.768598405241947,0.7568677124603459
0022201143,2023-03-29,2022-23,SAS,UTA,0,0.40330665804058485,0.5312553025426973,0.5245418086610749,0.524518425434211,0.4797007628581557
0022201144,2023-03-29,2022-23,PHX,MIN,1,0.6003751745895212,0.6930741412162587,0.675923719345557,0.675910918321924,0.7175259108827053
0022201145,2023-03-29,2022-23,POR,SAC,0,0.23274741540255775,0.22345186031873665,0.22678930990858956,0.22680168968338948,0.24549225221082183
0022201146,2023-03-30,2022-23,MIL,BOS,0,0.5080475834555743,0.5387404521215119,0.5365803703709159,0.5365963304064361,0.541860360088472
0022201147,2023-03-30,2022-23,DEN,NOP,0,0.6888615039383889,0.6677173902830303,0.6217141508753583,0.6216831735348671,0.6266712845847506
0022201148,2023-03-31,2022-23,CHA,CHI,0,0.30061759248705283,0.2886364230723828,0.28212436273809377,0.2821671708439069,0.3241653799231841
0022201149,2023-03-31,2022-23,IND,OKC,1,0.4145356908549468,0.4128678038595102,0.41213839284773934,0.4121204022971032,0.3251410539615048
0022201150,2023-03-31,2022-23,PHI,TOR,1,0.6284149645241595,0.5942165705155176,0.5924145514096815,0.5923806996726028,0.6322087602073376
0022201151,2023-03-31,2022-23,WAS,ORL,0,0.5569319463442096,0.5093962817392603,0.47413723907988387,0.47412038941665097,0.49785122699460793
0022201152,2023-03-31,2022-23,BOS,UTA,1,0.8257994737795221,0.7954457108921433,0.7948228509149576,0.7947594724294083,0.8516287078554851
0022201153,2023-03-31,2022-23,BKN,ATL,1,0.5535833446015851,0.5940139918265699,0.5924054862025949,0.5924361120844985,0.5405562348910856
0022201154,2023-03-31,2022-23,CLE,NYK,0,0.5946491916553946,0.6241575782509581,0.622528641302329,0.6225829866605421,0.5703039026938578
0022201155,2023-03-31,2022-23,HOU,DET,1,0.5598165513828935,0.5671272486350099,0.5666011994111096,0.5665879215655555,0.5634310249653184
0022201156,2023-03-31,2022-23,MEM,LAC,1,0.5930412747005599,0.540261125665209,0.5123474528519912,0.5123838873258092,0.6298706593286203
0022201157,2023-03-31,2022-23,MIN,LAL,0,0.5023253858167139,0.4791014655546003,0.4709370778294383,0.4709326729258764,0.4930866929195815
0022201158,2023-03-31,2022-23,GSW,SAS,1,0.8771474414439936,0.909430786642364,0.9078594112789162,0.9078626593959295,0.9056980776222806
0022201159,2023-03-31,2022-23,POR,SAC,0,0.19542291866697153,0.17428644103560176,0.17391991831110246,0.17395783288724412,0.1773788179910204
0022201160,2023-03-31,2022-23,PHX,DEN,1,0.7053143755989876,0.810499674587987,0.8053815808142726,0.8054067270127139,0.7766090447522129
0022201161,2023-04-01,2022-23,MIA,DAL,1,0.5273066732665164,0.48868429194315616,0.49034857638236334,0.4903020815129429,0.5935315605058941
0022201162,2023-04-01,2022-23,NOP,LAC,1,0.6581387695186584,0.6532178402326891,0.6522439741479311,0.6522665873867014,0.6381748713203004
0022201163,2023-04-02,2022-23,CHA,TOR,0,0.2812962370603299,0.25756670910493157,0.22403118088015772,0.22403719294989405,0.25639739112290477
0022201164,2023-04-02,2022-23,BKN,UTA,1,0.7058409788186571,0.7258834037715578,0.7237431047647988,0.7237163052312009,0.6958249061919531
0022201165,2023-04-02,2022-23,CHI,MEM,1,0.49336082828209843,0.4995339045706632,0.4993288476730351,0.49931536682321526,0.5359469362695567
0022201166,2023-04-02,2022-23,MIN,POR,0,0.8441271275591612,0.8666997511706878,0.8650590938997198,0.8650233497601955,0.8721047882899617
0022201167,2023-04-02,2022-23,ATL,DAL,1,0.6261733147799201,0.6106067457043182,0.6167638930733916,0.6167661345326596,0.5824546565337472
0022201168,2023-04-02,2022-23,NYK,WAS,1,0.7682429842053387,0.7940811194238093,0.7923364822064773,0.7922986149924938,0.8019130610915409
0022201169,2023-04-02,2022-23,ORL,DET,1,0.7967791500490901,0.7993563569863771,0.7984176396355274,0.7984094895529515,0.7873889158111756
0022201170,2023-04-02,2022-23,SAC,SAS,0,0.8898181553445588,0.9091135035798803,0.9081266203997052,0.9081388383087358,0.8729991086469302
0022201171,2023-04-02,2022-23,HOU,LAL,0,0.20385852431411036,0.2093578675710025,0.19790498284145708,0.19791682539846472,0.2083324978818076
0022201172,2023-04-02,2022-23,OKC,PHX,0,0.40226784363289453,0.3887310717807236,0.3906382275089692,0.39066939802352557,0.42789026917850903
0022201173,2023-04-02,2022-23,CLE,IND,1,0.8100103432374244,0.8068329169567978,0.8258410210454331,0.825824859825997,0.8487738511285495
0022201174,2023-04-02,2022-23,MIL,PHI,1,0.5427493824950719,0.5783358909502244,0.5753135714273234,0.5752725672259377,0.5815873129500579
0022201175,2023-04-02,2022-23,DEN,GSW,1,0.524335219746137,0.5052116625736114,0.5074382322441366,0.5074452169412715,0.4851466341271241
0022201176,2023-04-04,2022-23,CHA,TOR,0,0.2482021995774437,0.2025442974396342,0.18971950933048623,0.18974240053600852,0.19830502097721975
0022201177,2023-04-04,2022-23,DET,MIA,0,0.24134221010666532,0.20904903525282875,0.20311424989496482,0.20311345134823064,0.19144685867709454
0022201178,2023-04-04,2022-23,ORL,CLE,0,0.35923494191307065,0.37170885665163417,0.3716636737278312,0.37166315796372484,0.3772395479584933
0022201179,2023-04-04,2022-23,WAS,MIL,0,0.2900191101783868,0.20885449240589357,0.1703941213982316,0.17048823116065748,0.11413432806765005
0022201180,2023-04-04,2022-23,BKN,MIN,0,0.5624207298093544,0.5707270248951791,0.5699930280991806,0.5700132628824518,0.5418945569481309
0022201181,2023-04-04,2022-23,PHI,BOS,1,0.5014718978805959,0.5163239690392551,0.5251879080327828,0.5252306628164988,0.47596950564151885
0022201182,2023-04-04,2022-23,CHI,ATL,0,0.6647937674099272,0.6927833358712638,0.6905648165152658,0.6906004785799104,0.6853269809820679
0022201183,2023-04-04,2022-23,HOU,DEN,1,0.2159182265664252,0.1937691646640655,0.18568964961904882,0.18569540823376932,0.16899448915414486
0022201184,2023-04-04,2022-23,MEM,POR,1,0.8597511562234327,0.8917172088229636,0.9017109192165019,0.9016999266545088,0.8934815298805568
0022201185,2023-04-04,2022-23,NOP,SAC,0,0.5688295812502944,0.5814798862190534,0.5796022776312454,0.5795918100360867,0.5841188066351474
0022201186,2023-04-04,2022-23,UTA,LAL,0,0.34080908668398147,0.22839110846566943,0.23588469636583803,0.2359058226474247,0.20877106364790363
0022201187,2023-04-04,2022-23,GSW,OKC,1,0.6371689866081132,0.6293011736232224,0.6054810458506477,0.6054334985274396,0.5885953688477246
0022201188,2023-04-04,2022-23,PHX,SAS,1,0.8765028708452446,0.923390619909098,0.9218567096650343,0.9218604795400779,0.8972962327177613
0022201189,2023-04-05,2022-23,DET,BKN,0,0.2491053361315414,0.2194354448688525,0.2402434470424098,0.24024617814022858,0.22135666690451017
0022201190,2023-04-05,2022-23,IND,NYK,0,0.2587210028272197,0.3177253401110902,0.30278995905955464,0.3028268519137291,0.28136195922627916
0022201191,2023-04-05,2022-23,ATL,WAS,1,0.7674887044909636,0.758556992642513,0.7564826696063577,0.7563947341816796,0.7990861944350232
0022201192,2023-04-05,2022-23,BOS,TOR,1,0.7205146752980958,0.6305316984756908,0.633362436277325,0.6332934782537779,0.6560287552962255
0022201193,2023-04-05,2022-23,MIL,CHI,1,0.7133845638721442,0.6813288984354899,0.6810566861378937,0.6809828737493823,0.6651990967633415
0022201194,2023-04-05,2022-23,NOP,MEM,1,0.528194289168146,0.5821688012278972,0.5865207852200489,0.5866240893779909,0.5156947427544594
0022201195,2023-04-05,2022-23,DAL,SAC,1,0.5590225284449918,0.5364553082338707,0.5360821849277491,0.5360393636055542,0.5559484270504949
0022201196,2023-04-05,2022-23,LAC,LAL,1,0.5652629439864802,0.5899820626677048,0.5550038030593983,0.5550164839266599,0.5218563136786903
0022201197,2023-04-06,2022-23,ORL,CLE,0,0.3756973000138148,0.3105404917745057,0.31093037813601565,0.3109938595444051,0.31571663329816996
0022201198,2023-04-06,2022-23,PHI,MIA,0,0.6906871771247847,0.6454092946437169,0.6473599651926152,0.647342364881248,0.7216664957944126
0022201199,2023-04-06,2022-23,SAS,POR,1,0.5236290631984306,0.5185229587812664,0.5421521233044371,0.5420996793468557,0.5886992312519619
0022201200,2023-04-06,2022-23,UTA,OKC,0,0.3865318072220075,0.3493437259166969,0.3308065457321399,0.33079861788398607,0.39081006182850736
0022201201,2023-04-06,2022-23,PHX,DEN,1,0.6093080900073724,0.8557955225450192,0.8376927224281979,0.8377587839807793,0.7576506026886944
0022201202,2023-04-07,2022-23,CHA,HOU,0,0.4869598193847894,0.4848776876357118,0.4895166121681866,0.48957415292310796,0.44977065609746825
0022201203,2023-04-07,2022-23,IND,DET,0,0.7363952460908687,0.6584227053962959,0.6599057476962696,0.6598848445405899,0.7003738902363422
0022201204,2023-04-07,2022-23,WAS,MIA,1,0.37725333150109236,0.563507823674126,0.5566918897443872,0.5569223179438795,0.5128332420124907
0022201205,2023-04-07,2022-23,ATL,PHI,0,0.5139908555353924,0.7621843180715051,0.7554083528201394,0.7555220226263608,0.6660585092930299
0022201206,2023-04-07,2022-23,BOS,TOR,1,0.6620251712326489,0.6094078864203121,0.6127544603758839,0.6126855480271176,0.68842801426445
0022201207,2023-04-07,2022-23,BKN,ORL,1,0.7864707837156849,0.7441759930873907,0.7430657833225285,0.7430641233602894,0.7516119648883709
0022201208,2023-04-07,2022-23,MIL,MEM,0,0.6161652304581293,0.40340186192773053,0.4096290388108676,0.40962011038917245,0.4377976805037812
0022201209,2023-04-07,2022-23,NOP,NYK,1,0.49155494025506774,0.5254644074146329,0.5196527746733104,0.5196664868080583,0.5065794872987252
0022201210,2023-04-07,2022-23,DAL,CHI,0,0.5122781015702093,0.5194773608954558,0.5184541155434965,0.5183367706306095,0.5591086144119123
0022201211,2023-04-07,2022-23,SAC,GSW,0,0.5672907726277118,0.4370974637839386,0.3319834869294427,0.33190343609446643,0.4168448453916228
0022201212,2023-04-07,2022-23,LAL,PHX,1,0.5961831138032845,0.7905348374301528,0.7858314399904596,0.7858355630842178,0.765532572178135
0022201213,2023-04-08,2022-23,UTA,DEN,1,0.37644314918701016,0.2847576648025987,0.2869871189288988,0.2870396158452833,0.2420377468023597
0022201214,2023-04-08,2022-23,SAS,MIN,0,0.2430392873426915,0.21585660118012095,0.14573876659722057,0.14571760354882377,0.18747902433879074
0022201215,2023-04-08,2022-23,LAC,POR,1,0.8428532267576394,0.863228567992821,0.8588548012063757,0.8588527892809701,0.816194804134977
0022201216,2023-04-09,2022-23,BOS,ATL,1,0.7411826641201394,0.8767710494679117,0.8404336778420998,0.8404585910646647,0.7882344038795374
0022201217,2023-04-09,2022-23,BKN,PHI,0,0.5272333608539747,0.40875555984608036,0.42301419429100656,0.4227245298053325,0.3291219773069082
0022201218,2023-04-09,2022-23,CLE,CHA,0,0.8750689111452586,0.8962704986322331,0.9017049840712918,0.901676305216022,0.9215558741878465
0022201219,2023-04-09,2022-23,MIA,ORL,1,0.6099899214390128,0.5859138881825292,0.6050514396601586,0.6050661894539349,0.5964796504763148
0022201220,2023-04-09,2022-23,NYK,IND,0,0.8278242562525433,0.8129648297280974,0.8219535061121098,0.8219544802620193,0.8483303684058168
0022201221,2023-04-09,2022-23,TOR,MIL,1,0.6381336554018744,0.4555738948395256,0.4582671174493392,0.45811838494162005,0.5442205781081052
0022201222,2023-04-09,2022-23,WAS,HOU,0,0.6436899234235806,0.5422252300773728,0.5473995506461533,0.5474499610008298,0.5322583270289251
0022201223,2023-04-09,2022-23,CHI,DET,1,0.8224395323922673,0.8199513362167723,0.8210702134306863,0.8210804741921692,0.8490272481454215
0022201224,2023-04-09,2022-23,DAL,SAS,0,0.870384974585896,0.8021467921702976,0.8044744237249376,0.8044070303193066,0.7895789756197568
0022201225,2023-04-09,2022-23,MIN,NOP,1,0.43469303754797173,0.4321846469016962,0.4324395775612215,0.4324332148947204,0.44764820349898427
0022201226,2023-04-09,2022-23,OKC,MEM,1,0.4346380914656559,0.44132413545288113,0.4389373292603634,0.43890203432897607,0.4737051828643431
0022201227,2023-04-09,2022-23,DEN,SAC,1,0.5691180404244592,0.2997202797815472,0.30627825636533806,0.3061267525014992,0.36720938758888405
0022201228,2023-04-09,2022-23,LAL,UTA,1,0.8291942435474173,0.8147663478459165,0.8146290119442805,0.8145816918137649,0.8485247943857346
0022201229,2023-04-09,2022-23,PHX,LAC,0,0.5944385089503826,0.43168514805461033,0.43894457648717145,0.43899151296600014,0.4057651448341213
0022201230,2023-04-09,2022-23,POR,GSW,0,0.16002321426022798,0.1522742940781376,0.15337379512582008,0.1534018203618772,0.13147058768765432
0022300061,2023-10-24,2023-24,DEN,LAL,1,0.455771561416239,0.4607229645886274,0.4637363747847974,0.46377016454471504,0.5561882497558678
0022300062,2023-10-24,2023-24,GSW,PHX,0,0.6998661634354095,0.6005192521843876,0.6034743963745467,0.6034069650277606,0.663013229316255
0022300063,2023-10-25,2023-24,CHA,ATL,1,0.40341852846358767,0.3711882440989342,0.373794050108278,0.37376229182919146,0.4396710346766714
0022300064,2023-10-25,2023-24,IND,WAS,1,0.6058395114441221,0.6630787734756416,0.6601761328189755,0.6601608589628581,0.5020903867744351
0022300066,2023-10-25,2023-24,ORL,HOU,1,0.6726465436942559,0.7369990415961822,0.7377842991660293,0.7377343585603771,0.6214985404873774
0022300067,2023-10-25,2023-24,BKN,CLE,0,0.27702436696125543,0.37554776958240593,0.3772567590269992,0.3774138238659651,0.5344086479845721
0022300068,2023-10-25,2023-24,MIA,DET,1,0.7659639042502838,0.7775105247859615,0.7769496659651163,0.7769075841941325,0.8088398151096251
0022300069,2023-10-25,2023-24,TOR,MIN,1,0.5110269604314402,0.5289291275577661,0.5312191337306067,0.5312509412884381,0.621208272990249
0022300070,2023-10-25,2023-24,CHI,OKC,0,0.6522264076373119,0.6900442810265549,0.6885683701319971,0.6885005577854223,0.5846073453725874
0022300071,2023-10-25,2023-24,MEM,NOP,0,0.4047367999701623,0.37807016731354215,0.38370558706110186,0.3838809551445468,0.5731636517321299
0022300072,2023-10-25,2023-24,UTA,SAC,0,0.38338056201738335,0.37340447660271714,0.3760499513082247,0.3761151508877859,0.43947839420745355
0022300073,2023-10-25,2023-24,SAS,DAL,0,0.49109943902915587,0.42982705860627357,0.43137756610024686,0.43139204472932224,0.2961834347034772
0022300074,2023-10-25,2023-24,LAC,POR,1,0.8406887455775205,0.8447404421272717,0.8439409580253447,0.8438421237465289,0.6630336070059561
0022300075,2023-10-26,2023-24,MIL,PHI,1,0.4459232179567303,0.44971684664983125,0.4508295308869483,0.45085733041385456,0.6524676992517885
0022300076,2023-10-26,2023-24,LAL,PHX,1,0.5183988249834326,0.6229242011276914,0.6201004250212123,0.6201179769656042,0.5925556712070542
0022300077,2023-10-27,2023-24,CHA,DET,0,0.6576018183694707,0.6555962511694448,0.6480119990214961,0.6480123654714567,0.6737801382938415
0022300078,2023-10-27,2023-24,MEM,DEN,0,0.5490183368619036,0.5102204882465123,0.5121685242490824,0.5121287335346487,0.558963295935939
0022300079,2023-10-27,2023-24,ATL,NYK,0,0.4513522284332722,0.43997718602624386,0.44141925540924676,0.4414501544093445,0.41168122545827324
0022300080,2023-10-27,2023-24,BOS,MIA,1,0.705213694245457,0.7143349635038405,0.7130056539142232,0.7129855025725369,0.6950467536615957
0022300081,2023-10-27,2023-24,CLE,OKC,0,0.5668934992624717,0.5446505854603023,0.544943623982105,0.5449456773573164,0.5669415593553114
0022300082,2023-10-27,2023-24,CHI,TOR,1,0.47231753947344335,0.46830070673532964,0.4690733694058003,0.4690962167979665,0.4584382291051963
0022300083,2023-10-27,2023-24,SAS,HOU,1,0.521010527491957,0.5149358616007603,0.5163918367952028,0.5164126281626439,0.47758354893592425
0022300084,2023-10-27,2023-24,DAL,BKN,1,0.6013532980937983,0.6937467733039968,0.6892954724127166,0.6893135032377399,0.6703114046529305
0022300085,2023-10-27,2023-24,UTA,LAC,1,0.39985784649526335,0.37189659469686426,0.37324320772570957,0.37327881556711506,0.28791772059164766
0022300086,2023-10-27,2023-24,POR,ORL,0,0.4464124264652069,0.38321750831115126,0.3841386113166534,0.38410786747058373,0.37181207118413034
0022300087,2023-10-27,2023-24,SAC,GSW,0,0.4784871315505849,0.4711325544475526,0.4723108522971305,0.47233873835093476,0.4674381892631846
0022300088,2023-10-28,2023-24,DET,CHI,1,0.42737124407446825,0.43264469018978124,0.4189669267983955,0.4189659448184262,0.4299238690312079
0022300089,2023-10-28,2023-24,WAS,MEM,1,0.5173167815185102,0.49232626946352576,0.4927359078294644,0.4927499417876409,0.5393209588962558
0022300090,2023-10-28,2023-24,NOP,NYK,1,0.6101097789349179,0.5926543650454098,0.5932526640807525,0.5932365148415578,0.5924840618753379
0022300091,2023-10-28,2023-24,CLE,IND,0,0.5849705518561107,0.587104458287673,0.5881347091202941,0.5881033373246543,0.445858000847089
0022300092,2023-10-28,2023-24,TOR,PHI,0,0.45846856281249293,0.4130751967321735,0.41397392457995624,0.41395221045418956,0.43643764541371766
0022300093,2023-10-28,2023-24,MIN,MIA,1,0.60657564887506,0.6920583778515695,0.6890532088369872,0.6891064373274923,0.7035367375367395
0022300094,2023-10-28,2023-24,PHX,UTA,1,0.7377062144642909,0.7236409371428754,0.7242602951408201,0.7242530980977371,0.6485764634962636
0022300095,2023-10-29,2023-24,OKC,DEN,0,0.5255023468577236,0.523436228836696,0.5242933739891499,0.5243121964909986,0.5239082763566988
0022300096,2023-10-29,2023-24,HOU,GSW,0,0.28248774425939155,0.2545842017280764,0.2540349636694265,0.25408282776277724,0.2186778632582906
0022300097,2023-10-29,2023-24,MIL,ATL,0,0.6961618087477845,0.6916790815706948,0.6900315082121339,0.689949756724433,0.6736608580472098
0022300098,2023-10-29,2023-24,PHI,POR,1,0.7288570095525095,0.723716246877587,0.7236429104802946,0.7236250890389898,0.7176329335150924
0022300099,2023-10-29,2023-24,LAC,SAS,1,0.7725028286428077,0.785888470319765,0.7837772678972978,0.7837413048316599,0.7636595663613571
0022300100,2023-10-29,2023-24,SAC,LAL,1,0.5374569447943681,0.5329390619749682,0.5334531555997323,0.5334487100199342,0.5378247630535542
0022300101,2023-10-30,2023-24,CHA,BKN,0,0.4783062852260238,0.4790604681320023,0.47930292356936227,0.47930271631718296,0.47295609711605485
0022300102,2023-10-30,2023-24,IND,CHI,0,0.6003616178740026,0.6082199654392774,0.6067178174499831,0.6067012055532456,0.6187158107334806
0022300103,2023-10-30,2023-24,WAS,BOS,0,0.33116346037831534,0.29687401027913873,0.29891358817352065,0.29889758385528287,0.3290891976904519
0022300104,2023-10-30,2023-24,ATL,MIN,1,0.49901015848837543,0.5101784944207924,0.5094791960819691,0.5094763231726871,0.5059749326267056
0022300105,2023-10-30,2023-24,TOR,POR,0,0.7910111712648028,0.8142011579966978,0.8142918295004161,0.8142700716254014,0.8232746011044931
0022300106,2023-10-30,2023-24,MEM,DAL,0,0.5279715646967562,0.5347774220419621,0.5683080650036806,0.56838772014787,0.4605953604336067
0022300107,2023-10-30,2023-24,MIL,MIA,1,0.620656367559709,0.7038169009048529,0.716672936301465,0.7166263164078793,0.6342103240768355
0022300108,2023-10-30,2023-24,NOP,GSW,0,0.5507952036251059,0.5434241421884172,0.4884218980873654,0.48850361349105126,0.5024528550848221
0022300109,2023-10-30,2023-24,OKC,DET,1,0.5924502168159366,0.6527262509146861,0.6509411085325943,0.6509306566177727,0.6044635445721125
0022300110,2023-10-30,2023-24,DEN,UTA,1,0.7021447945907123,0.7401154701648464,0.7339168447793492,0.7338927582118697,0.7642917437266337
0022300111,2023-10-30,2023-24,LAL,ORL,1,0.5119915230424035,0.48165646465698636,0.483463838151521,0.4834551404946245,0.5092174593011604
0022300112,2023-10-31,2023-24,CLE,NYK,0,0.43216061226972174,0.4208417155049264,0.4239449735130977,0.42397301588210395,0.4280894186960527
0022300113,2023-10-31,2023-24,PHX,SAS,0,0.7370513770358985,0.7685448617638283,0.7679939232306684,0.7679885729547478,0.7863021388106987
0022300114,2023-10-31,2023-24,LAC,ORL,1,0.6767022023643787,0.634719814891246,0.6373038796603135,0.6372484937703565,0.7420073514366102
0022300115,2023-11-01,2023-24,DET,POR,0,0.5782833396330913,0.5421273491231966,0.5440964341938682,0.544052636251244,0.46016258804847204
0022300116,2023-11-01,2023-24,TOR,MIL,1,0.4375695864353162,0.45347775468674417,0.45504203994666886,0.45508472452561644,0.4855569597995655
0022300117,2023-11-01,2023-24,ATL,WAS,1,0.6846139688619439,0.6818244931524104,0.681484861163432,0.6814656861773578,0.6938361664706707
0022300118,2023-11-01,2023-24,BOS,IND,1,0.7031892984077325,0.7855088121164305,0.78311523268941,0.7831565300771224,0.7712388161161348
0022300119,2023-11-01,2023-24,MIA,BKN,0,0.5895966214668766,0.5760963593531436,0.5747640783032539,0.5748070931666123,0.6441474927502082
0022300120,2023-11-01,2023-24,NYK,CLE,0,0.7075787650529182,0.7054985108239662,0.7039618521392004,0.7039042331065101,0.7278615857086846
0022300121,2023-11-01,2023-24,OKC,NOP,0,0.5422990428801052,0.5524637096084698,0.5523119894553326,0.5523154642978674,0.5561149962838476
0022300122,2023-11-01,2023-24,HOU,CHA,1,0.5453711625215134,0.5543231989640731,0.5521889631175185,0.552165062168472,0.5617480544483573
0022300123,2023-11-01,2023-24,MIN,DEN,1,0.42700634689026024,0.4359556399708933,0.43638882314301225,0.436404064642501,0.45694034420425245
0022300124,2023-11-01,2023-24,DAL,CHI,1,0.6121028851690433,0.625638456513753,0.6238524968902005,0.6238272635901367,0.6403335407831173
0022300125,2023-11-01,2023-24,UTA,MEM,1,0.46344333119602654,0.46140848057481837,0.46082947006240665,0.46085454997465836,0.42845291141816094
0022300126,2023-11-01,2023-24,GSW,SAC,1,0.655091079899375,0.6901060357155844,0.682542861605012,0.6825632034023048,0.7258912621616791
0022300127,2023-11-01,2023-24,LAL,LAC,1,0.5687205181385845,0.499624243752039,0.5026302265996998,0.5026243745815279,0.49160894921568116
0022300128,2023-11-02,2023-24,PHI,TOR,1,0.7088925817551686,0.7185821047534191,0.7175407819012701,0.7175454987315465,0.6799957329283993
0022300129,2023-11-02,2023-24,NOP,DET,1,0.7666606130844694,0.7208316712305765,0.7316385965350354,0.731580089064145,0.760277297393129
0022300130,2023-11-02,2023-24,UTA,ORL,0,0.4103313692134722,0.39449039827645377,0.44771202449238356,0.4477798608124592,0.3587822832733309
0022300131,2023-11-02,2023-24,PHX,SAS,0,0.7470046691390795,0.7715175213073818,0.7817159789254746,0.7816959750280175,0.7796929714033962
0022300001,2023-11-03,2023-24,IND,CLE,1,0.40109328918907755,0.40798869776354085,0.4145190423196685,0.41454115321656887,0.4543711549956321
0022300002,2023-11-03,2023-24,MIL,NYK,1,0.4783536564683969,0.5043692433025408,0.5037096829529216,0.503706670961,0.5146546317446266
0022300003,2023-11-03,2023-24,MIA,WAS,1,0.6613544883706871,0.653122450028903,0.6516178288977352,0.6516369066979503,0.6512228748829226
0022300004,2023-11-03,2023-24,CHI,BKN,0,0.5443858891022192,0.5499431955990718,0.5496584391355199,0.5496071779195363,0.5422600974813625
0022300005,2023-11-03,2023-24,OKC,GSW,0,0.35997389193057144,0.2886655258398964,0.29275646625737545,0.2927721404307744,0.27008548066975335
0022300006,2023-11-03,2023-24,DEN,DAL,1,0.5637234286300499,0.5915601890209867,0.589524751917864,0.5895726692099325,0.5925230619443076
0022300007,2023-11-03,2023-24,POR,MEM,1,0.506974160652142,0.4727393833393366,0.4723400580954747,0.47227945154573536,0.5211656682134368
0022300132,2023-11-04,2023-24,PHI,PHX,1,0.6433548482842972,0.6763660675791412,0.7282839398430381,0.7282889340261761,0.7309765710290088
0022300133,2023-11-04,2023-24,IND,CHA,0,0.6295980144587244,0.6137409952182513,0.6473582715483882,0.6473108034601759,0.6746713126965569
0022300134,2023-11-04,2023-24,ORL,LAL,1,0.4923904621369673,0.409394063371184,0.41247977608747405,0.4124221456763839,0.45031741466843733
0022300135,2023-11-04,2023-24,NOP,ATL,0,0.5244797751314788,0.5552323000215371,0.5551389695893695,0.5551145598762817,0.5715150690800167
0022300136,2023-11-04,2023-24,BKN,BOS,0,0.3020847097869114,0.2889418690317768,0.2893863615799701,0.2894172240775656,0.2033564599916613
0022300137,2023-11-04,2023-24,HOU,SAC,1,0.36764808926599957,0.3547707523979336,0.35482843648840423,0.354812337809502,0.40158555026605114
0022300138,2023-11-04,2023-24,MIN,UTA,1,0.683320698907782,0.6897400130096168,0.6882071693451676,0.6881944545869678,0.670785885265494
0022300139,2023-11-04,2023-24,DEN,CHI,1,0.7135163329330395,0.7327046051576568,0.7312290148745835,0.7312159233431844,0.7277248548208062
0022300140,2023-11-05,2023-24,DET,PHX,0,0.5180757623823293,0.48493713553081036,0.47828343273784135,0.47820767483821636,0.5301051163052399
0022300141,2023-11-05,2023-24,SAS,TOR,0,0.39344052821938613,0.36664772599461176,0.3681456940661852,0.3681077669501027,0.38880890722644046
0022300142,2023-11-05,2023-24,CLE,GSW,1,0.41061520669080825,0.4050574998890199,0.39077428058956043,0.39076256632978906,0.4285011838782434
0022300143,2023-11-05,2023-24,DAL,CHA,1,0.7896490849925849,0.7962393574310652,0.7946767613121338,0.794669523903241,0.8085103863683033
0022300144,2023-11-05,2023-24,POR,MEM,0,0.5143744027335573,0.5447315452030141,0.5464525978285338,0.5464533867177583,0.5510174028247647
0022300145,2023-11-06,2023-24,DET,GSW,0,0.2729718449619689,0.22024711806714398,0.20551914185104073,0.20553332875506541,0.15768022566371667
0022300146,2023-11-06,2023-24,IND,SAS,1,0.7290869022548145,0.7331567546781573,0.7322128437367719,0.7321997697732306,0.701707561095052
0022300147,2023-11-06,2023-24,ORL,DAL,0,0.5544401183871746,0.5628994825496247,0.5319972046392932,0.5320178160683345,0.5119661178089945
0022300148,2023-11-06,2023-24,PHI,WAS,1,0.7375259591422961,0.7538543957564381,0.7438221028239961,0.7438181284643517,0.7417605265833737
0022300149,2023-11-06,2023-24,BKN,MIL,0,0.40956356340796807,0.3848675814797959,0.38846534492572116,0.38853437255248474,0.4164959909120555
0022300150,2023-11-06,2023-24,MIA,LAL,1,0.5621123827928323,0.5456563411360161,0.5440640092237716,0.5440694828203403,0.5594137272966546
0022300151,2023-11-06,2023-24,NYK,LAC,1,0.5377023005871043,0.532901990689306,0.534375429501811,0.5343617384122406,0.5542873127718211
0022300152,2023-11-06,2023-24,CHI,UTA,1,0.6053657574490112,0.5918618377962357,0.5920176210638002,0.5919947126673926,0.6263548379414329
0022300153,2023-11-06,2023-24,HOU,SAC,1,0.46355856421134567,0.4527412989019441,0.4515150486740785,0.4515069259319074,0.4936989643849566
0022300154,2023-11-06,2023-24,MIN,BOS,1,0.37057083747097525,0.37863137647486106,0.37905370628770124,0.3790814703935063,0.415408639942223
0022300155,2023-11-06,2023-24,OKC,ATL,1,0.45144417603716996,0.4596303525014934,0.46046216520716143,0.46047910216285554,0.45045055044298304
0022300156,2023-11-06,2023-24,DEN,NOP,1,0.6391950429464377,0.67340099405521,0.6727588537156113,0.6727546805756682,0.649587888067603
0022300157,2023-11-08,2023-24,CHA,WAS,0,0.5435077099040292,0.5317352836233148,0.5317266383576394,0.53172770979881,0.5385345517738391
0022300158,2023-11-08,2023-24,IND,UTA,1,0.6441086850331331,0.6710495406687216,0.6693584334097736,0.6693822929071015,0.7285398840204468
0022300159,2023-11-08,2023-24,PHI,BOS,1,0.48621303097844243,0.46131180064131083,0.46140747036302304,0.4614333176404738,0.4369077701535012
0022300160,2023-11-08,2023-24,BKN,LAC,1,0.44659456229970884,0.39150158765881365,0.3937522984137033,0.3937959648590242,0.32553705720365744
0022300161,2023-11-08,2023-24,NYK,SAS,1,0.8208450884757793,0.8315357400576816,0.8300474852257886,0.8300263128821794,0.8229194082761166
0022300162,2023-11-08,2023-24,CHI,PHX,0,0.5425205011283247,0.5106689730728864,0.5079581533626244,0.5079183636275807,0.5479746533429295
0022300163,2023-11-08,2023-24,HOU,LAL,1,0.49402813751945934,0.49718029418064497,0.5406375571134066,0.5406601912766424,0.5138456764685362
0022300164,2023-11-08,2023-24,MEM,MIA,0,0.5146388749543606,0.5242351419704799,0.5238886606330041,0.523905412461886,0.5048985430168091
0022300165,2023-11-08,2023-24,MIL,DET,1,0.8197920200566408,0.8186297915035076,0.8109391775719187,0.8108783637236511,0.8422701275905728
0022300166,2023-11-08,2023-24,MIN,NOP,1,0.663560139772122,0.7194198420573472,0.7443721488844846,0.7444072263798601,0.6996835644237248
0022300167,2023-11-08,2023-24,OKC,CLE,1,0.505457743397478,0.4669412700964484,0.46962329341037345,0.4696280158835032,0.42804986993056693
0022300168,2023-11-08,2023-24,DAL,TOR,0,0.6043013001947685,0.5945296430679912,0.5940717573417555,0.5939977483285083,0.6288532399261886
0022300169,2023-11-08,2023-24,DEN,GSW,1,0.494591100031774,0.5782031763486393,0.577280238920854,0.5773515333984189,0.5170155202914516
0022300170,2023-11-08,2023-24,SAC,POR,1,0.6362761391865301,0.6944152345466547,0.694155756311987,0.6941548114136076,0.7011896861715773
0022300171,2023-11-09,2023-24,IND,MIL,1,0.529204139221173,0.5481078815736904,0.5807556101819358,0.5807975090478154,0.4621683976948145
0022300172,2023-11-09,2023-24,ORL,ATL,0,0.4449459089802918,0.45963214947565145,0.46039221662488167,0.4603972189030287,0.479867722638499
0022300008,2023-11-10,2023-24,DET,PHI,0,0.21806622389798275,0.20712233183232423,0.20873326854308047,0.20876118635232088,0.17575895695286847
0022300009,2023-11-10,2023-24,WAS,CHA,0,0.621303372547575,0.6405865783178769,0.6392236393715145,0.6392169588765175,0.6813563609659092
0022300010,2023-11-10,2023-24,BOS,BKN,1,0.8006566215122309,0.7818771914804438,0.7805094613583041,0.7804820183812193,0.7386976434414702
0022300011,2023-11-10,2023-24,HOU,NOP,1,0.6405087681802242,0.6197898757370335,0.6387118911918872,0.6386765762840435,0.6515699336702332
0022300012,2023-11-10,2023-24,MEM,UTA,0,0.6597725095687439,0.6650505695089927,0.6630962546092986,0.6630367564266498,0.701223874561704
0022300013,2023-11-10,2023-24,SAS,MIN,0,0.28618641236829756,0.2685985485985801,0.2691645089868281,0.26917717144528186,0.2534815001666357
0022300014,2023-11-10,2023-24,DAL,LAC,1,0.5319008463781035,0.5040024428621952,0.5050017959343298,0.5049686067068605,0.5536856358170816
0022300015,2023-11-10,2023-24,PHX,LAL,0,0.6290494213791722,0.5899391221990146,0.5904633835740641,0.5904863616668803,0.5401984184480954
0022300016,2023-11-10,2023-24,SAC,OKC,1,0.5111009536836905,0.5059669267849014,0.505199558883162,0.5051855803550518,0.511910047951879
0022300173,2023-11-11,2023-24,ORL,MIL,1,0.4703817527171294,0.4645099944240281,0.47119961317272924,0.47122086103772315,0.4595125626497239
0022300174,2023-11-11,2023-24,BOS,TOR,1,0.6374368038739646,0.671824733327971,0.6706579010442341,0.6706838214235284,0.6647202248763564
0022300175,2023-11-11,2023-24,ATL,MIA,0,0.5999969425621127,0.7428894768722193,0.7396080603373406,0.7396399098576533,0.6891216392771948
0022300176,2023-11-11,2023-24,GSW,CLE,0,0.6026543764824216,0.5926015342055595,0.5936165337638521,0.5936279661107468,0.6708483273097677
0022300177,2023-11-12,2023-24,NYK,CHA,1,0.7782134030481106,0.7978842539942594,0.7958201042346728,0.7957990331653386,0.8007012852754861
0022300178,2023-11-12,2023-24,BKN,WAS,1,0.6261766056747246,0.6711765632754748,0.6699322250234573,0.6699483964630831,0.6510154999831451
0022300179,2023-11-12,2023-24,LAC,MEM,0,0.6413907173556068,0.658105792399955,0.6569275348137332,0.6569070304601734,0.6854826328005287
0022300180,2023-11-12,2023-24,PHI,IND,1,0.70891679275319,0.7009125686255758,0.6877260463343968,0.6876799599782888,0.7182908992218169
0022300181,2023-11-12,2023-24,CHI,DET,1,0.7339896746079231,0.7579367632704153,0.740191199402818,0.7402006491690434,0.766013573274435
0022300182,2023-11-12,2023-24,HOU,DEN,1,0.4250311840813003,0.4109443233417122,0.4117477047936464,0.41173656382021023,0.41317901113469957
0022300183,2023-11-12,2023-24,NOP,DAL,0,0.3913385306031556,0.38131806588488987,0.3759545608174152,0.3760095956001581,0.3562678417483338
0022300184,2023-11-12,2023-24,SAS,MIA,0,0.4469111159607511,0.45165342897570077,0.4516960309307171,0.4516782210306747,0.39978690752169266
0022300185,2023-11-12,2023-24,PHX,OKC,0,0.5464722442162308,0.502574875065723,0.5040330919783504,0.5040112630605456,0.5171598242519881
0022300186,2023-11-12,2023-24,GSW,MIN,0,0.5156940214576224,0.5515552309085201,0.5497912905648877,0.549748318602974,0.5620079584779554
0022300187,2023-11-12,2023-24,LAL,POR,1,0.690321250586001,0.6727744590045127,0.6703637423241128,0.6703396247341944,0.6769293604891814
0022300188,2023-11-13,2023-24,BOS,NYK,1,0.730132932722763,0.7278415052349003,0.7281164739102822,0.728120604298504,0.765427310791854
0022300189,2023-11-13,2023-24,TOR,WAS,1,0.7603303477354282,0.7411020721471032,0.7415890895598518,0.7415496983646014,0.7460281803525097
0022300190,2023-11-13,2023-24,MIL,CHI,1,0.6770394167886914,0.6657690576477572,0.6593729776115134,0.6593084175141463,0.72340664733314
0022300191,2023-11-13,2023-24,SAC,CLE,1,0.4878191359143287,0.4860529288290924,0.49557744272491944,0.49557341205305594,0.4774669939127869
0022300017,2023-11-14,2023-24,CHA,MIA,0,0.38695832373266714,0.2849222389676051,0.2881702846676184,0.28812552785092566,0.32034214077771517
0022300018,2023-11-14,2023-24,DET,ATL,0,0.2666833476925599,0.27398720480558414,0.2747255547518132,0.27480257512419964,0.23597560027122536
0022300019,2023-11-14,2023-24,PHI,IND,0,0.7236028512605219,0.6869153816502599,0.6876503318564915,0.6876028096921976,0.7054221399700807
0022300020,2023-11-14,2023-24,BKN,ORL,1,0.5525475698027621,0.5516693346801139,0.5517554149746653,0.5517534629835322,0.6292145334375325
0022300021,2023-11-14,2023-24,OKC,SAS,1,0.762182533876212,0.799737171507391,0.7984012188604586,0.7984204568577656,0.7389180270036848
0022300022,2023-11-14,2023-24,NOP,DAL,1,0.37610569664591514,0.3496650811589388,0.35183184343071555,0.35186122639978396,0.34351093524047366
0022300023,2023-11-14,2023-24,UTA,POR,1,0.5991893922570805,0.604427541760006,0.6029982750462027,0.6030033303004366,0.597321317725409
0022300024,2023-11-14,2023-24,DEN,LAC,1,0.6340539558767236,0.6258165335187758,0.6264022118826271,0.6264133554269758,0.5988327944179689
0022300025,2023-11-14,2023-24,GSW,MIN,0,0.5684467352155255,0.5328225316375904,0.5336170062236443,0.5335497091851796,0.5310250645884703
0022300026,2023-11-14,2023-24,LAL,MEM,1,0.5549278455942547,0.5663721247651249,0.5661266540032838,0.5661267593821595,0.6014720834414929
0022300192,2023-11-15,2023-24,WAS,DAL,0,0.45502141216674186,0.42497526936845287,0.4517875713306831,0.45187313183451894,0.38283027031104405
0022300193,2023-11-15,2023-24,ATL,NYK,0,0.4279181097509708,0.4284156991019338,0.4287072510060396,0.42873828743309544,0.4140014701084184
0022300194,2023-11-15,2023-24,PHI,BOS,0,0.3399912188397104,0.36472900135130304,0.3639829855403204,0.3641034938646447,0.3778263797262242
0022300195,2023-11-15,2023-24,TOR,MIL,0,0.5184042405038988,0.5575363668396529,0.557066407319544,0.5571127137058408,0.6028180489645956
0022300196,2023-11-15,2023-24,CHI,ORL,0,0.6472424264338238,0.5608887165527685,0.5638324449420234,0.5637752764144738,0.595324848477589
0022300197,2023-11-15,2023-24,PHX,MIN,1,0.4958233478000557,0.5236519135164941,0.4890255923825604,0.4889697313231714,0.5206715202161735
0022300198,2023-11-15,2023-24,LAL,SAC,0,0.48030419533656277,0.44024848540064443,0.4614164350332627,0.46145090106058567,0.4317896799609253
0022300199,2023-11-15,2023-24,POR,CLE,0,0.2696262241433071,0.2815927008540621,0.2811631989777706,0.28124251355824925,0.26985604670227453
0022300200,2023-11-16,2023-24,MIA,BKN,1,0.5414244181525448,0.526557507434312,0.5268111241454438,0.5268181210255976,0.5861597546091687
0022300201,2023-11-16,2023-24,GSW,OKC,0,0.602057715631724,0.549898971189079,0.5503186785323917,0.550287031960698,0.5272139749801236
0022300027,2023-11-17,2023-24,CHA,MIL,0,0.3747885024191585,0.3343254573865605,0.3257934956601669,0.32583600680545016,0.30729841219507426
0022300028,2023-11-17,2023-24,WAS,NYK,0,0.2838875807374771,0.279466451146806,0.28572743718516436,0.2858024107853069,0.27713952340269044
0022300029,2023-11-17,2023-24,ATL,PHI,0,0.46192431604451567,0.48115768885638405,0.48034761173603946,0.4803753881809733,0.44951655420296255
0022300030,2023-11-17,2023-24,CLE,DET,1,0.8031136409172881,0.8037731775506888,0.8029228012264368,0.8028736313459611,0.8043734473586428
0022300031,2023-11-17,2023-24,TOR,BOS,0,0.2662545135104812,0.2541705979401829,0.255742000163283,0.25576182705198874,0.20574297223812124
0022300032,2023-11-17,2023-24,SAS,SAC,0,0.26434087682730917,0.2383321971207568,0.24003231543084305,0.2400416282520394,0.2291237664140347
0022300033,2023-11-17,2023-24,CHI,ORL,0,0.522403786009878,0.5273729696529671,0.5337402639638991,0.53378076292896,0.5259433079634949
0022300034,2023-11-17,2023-24,NOP,DEN,1,0.3848547267946351,0.38060165127652956,0.3815030778739726,0.3815275660061752,0.40143556608592057
0022300035,2023-11-17,2023-24,UTA,PHX,0,0.41214856741512834,0.39446879748849645,0.3944820808657178,0.3945019576595711,0.39733000696509857
0022300036,2023-11-17,2023-24,POR,LAL,0,0.3734207673268362,0.36769202213773894,0.34693613414329993,0.3469453613994447,0.3394114190953503
0022300037,2023-11-17,2023-24,LAC,HOU,1,0.5871429856665634,0.591631882655685,0.5921857558242338,0.5921608007814153,0.6069826384207868
0022300202,2023-11-18,2023-24,CHA,NYK,0,0.2888288056746642,0.2742674320858419,0.26606349351345104,0.2660802814294431,0.253625895808063
0022300203,2023-11-18,2023-24,NOP,MIN,0,0.40315182275362976,0.3604383160427077,0.3620396007280284,0.3620076239049313,0.33809640711188604
0022300204,2023-11-18,2023-24,CHI,MIA,1,0.4014004209571354,0.4042535782065873,0.40460807453344305,0.4046081541445374,0.38682539957155304
0022300205,2023-11-18,2023-24,MIL,DAL,1,0.5537435104559025,0.5509473691521791,0.551101267312038,0.5510595554244758,0.5676611523327871
0022300206,2023-11-18,2023-24,SAS,MEM,0,0.33379558920980357,0.4246342730010239,0.42190113366748433,0.4219988669250045,0.3874831785459787
0022300207,2023-11-18,2023-24,GSW,OKC,0,0.4899841491500971,0.5067262129052023,0.5064740247403272,0.5064567655133545,0.5461472167320911
0022300208,2023-11-19,2023-24,BKN,PHI,0,0.41215857629096175,0.40840824497893924,0.4087270654939738,0.40871941139159135,0.45214579709524266
0022300209,2023-11-19,2023-24,IND,ORL,0,0.5812073192539635,0.6011813718802497,0.6000810661269645,0.6000298306203714,0.6076653805157233
0022300210,2023-11-19,2023-24,CLE,DEN,1,0.47055593370845106,0.46956486499144295,0.43908974792789385,0.43905473102512727,0.4708786220015106
0022300211,2023-11-19,2023-24,TOR,DET,1,0.7536846751801365,0.7901129525524886,0.7880464125184485,0.7880560779680092,0.7775945320619205
0022300212,2023-11-19,2023-24,DAL,SAC,0,0.5005974480810657,0.5565360779431474,0.5539108360156655,0.5539243343724145,0.5707536334273523
0022300213,2023-11-19,2023-24,MEM,BOS,0,0.16125771080816784,0.15062878592277434,0.14864446125618505,0.1486728137830631,0.15124889083723714
0022300214,2023-11-19,2023-24,UTA,PHX,0,0.39921619895983657,0.3856444679253124,0.38574794335915313,0.3857969086965397,0.3638507694567094
0022300215,2023-11-19,2023-24,POR,OKC,0,0.3302079457820808,0.3426239704957772,0.34284470022237656,0.3428774401404888,0.36057950274704864
0022300216,2023-11-19,2023-24,LAL,HOU,1,0.5533254004634515,0.5273968897647833,0.5283076690784999,0.5283081730772257,0.5619565457009885
0022300217,2023-11-20,2023-24,CHA,BOS,1,0.2343457269384749,0.2920395254732783,0.2904432409260204,0.2904934673691264,0.2601104861046862
0022300218,2023-11-20,2023-24,DET,DEN,0,0.27394180722123035,0.252345230824408,0.2507104160573567,0.2507296028090154,0.25103848930139094
0022300219,2023-11-20,2023-24,WAS,MIL,0,0.2597712573177748,0.23956932519878596,0.24129333829229907,0.24134790357498534,0.23194265404144115
0022300220,2023-11-20,2023-24,CHI,MIA,0,0.4803126983261309,0.46059566350479114,0.46173571443718825,0.46173471078966943,0.4692851605476587
0022300221,2023-11-20,2023-24,MIN,NYK,1,0.47880023104605096,0.49074284374716337,0.4919285307217812,0.4919546451112731,0.4879565072124993
0022300222,2023-11-20,2023-24,NOP,SAC,1,0.5556402641308574,0.5001489530981549,0.4998890591841449,0.4999169534926113,0.5062476514762819
0022300223,2023-11-20,2023-24,SAS,LAC,0,0.2681049179070215,0.26112967039965973,0.2629788749924274,0.2630018441679277,0.26167462184304
0022300224,2023-11-20,2023-24,GSW,HOU,1,0.68086472358156,0.6806712756801128,0.674827494261605,0.674859479573158,0.6327857235135638
0022300038,2023-11-21,2023-24,ORL,TOR,1,0.5097651628025429,0.5273168202758404,0.5272752947728454,0.5272806187367427,0.4884619518339998
0022300039,2023-11-21,2023-24,ATL,IND,0,0.6327151396911941,0.6367442910145921,0.6355729635927363,0.6355679439951127,0.5965247290769725
0022300040,2023-11-21,2023-24,PHI,CLE,0,0.6683563596441747,0.6583189198225019,0.6574549086032571,0.6574577557357296,0.6878229686567026
0022300041,2023-11-21,2023-24,PHX,POR,1,0.822267536753957,0.8326397112705199,0.825322531418756,0.825323496645584,0.8221367797223369
0022300042,2023-11-21,2023-24,LAL,UTA,1,0.6739870575754155,0.6538512232968774,0.6709274698257242,0.6709154570406415,0.6768006690011511
0022300225,2023-11-22,2023-24,CHA,WAS,1,0.5959122846639263,0.6130983370365486,0.5780239348627224,0.5779460977957781,0.6311330571060919
0022300226,2023-11-22,2023-24,ORL,DEN,1,0.40774201122754034,0.44455884132435924,0.44357093975465356,0.44358294904441886,0.44527576336513497
0022300227,2023-11-22,2023-24,ATL,BKN,1,0.5234003885984002,0.5322865084498279,0.5321923480657329,0.5321921401368905,0.5196845473947307
0022300228,2023-11-22,2023-24,BOS,MIL,1,0.6173024098234503,0.6150376970132698,0.6166199117186553,0.6166356547832853,0.7044678895019061
0022300229,2023-11-22,2023-24,CLE,MIA,0,0.5107591016846068,0.5449683118157321,0.542629732851123,0.5426798544919049,0.4947809860804617
0022300230,2023-11-22,2023-24,IND,TOR,0,0.5790437271172947,0.5870629492680087,0.5864228300434816,0.5863993582820479,0.5699703770555435
0022300231,2023-11-22,2023-24,HOU,MEM,1,0.637057872033394,0.6413609796032744,0.6402290637338519,0.6401911401699031,0.6491445044408385
0022300232,2023-11-22,2023-24,MIN,PHI,1,0.5775523844484932,0.5874376574580614,0.5871006590927279,0.587111421495087,0.60619853235823
0022300233,2023-11-22,2023-24,NOP,SAC,1,0.5620295763421188,0.5911186618072746,0.5855208296145076,0.5855936429381312,0.5719065105699679
0022300234,2023-11-22,2023-24,OKC,CHI,1,0.6987243341132244,0.7286590539124007,0.7613714294576226,0.7614105789370239,0.7160648256607715
0022300235,2023-11-22,2023-24,SAS,LAC,0,0.2546601426620046,0.23546261179868275,0.23662830431543203,0.2366553063753375,0.22316241507130904
0022300236,2023-11-22,2023-24,PHX,GSW,1,0.513676957196461,0.5333839255313244,0.5317122921282925,0.5317111836150523,0.550796196444686
0022300237,2023-11-22,2023-24,POR,UTA,1,0.4837533095032871,0.47636356832577886,0.48010336751123467,0.48008059487111543,0.4727240956627777
0022300238,2023-11-22,2023-24,LAL,DAL,0,0.4961305656105182,0.46558294337812267,0.4673812350280391,0.4673384419526047,0.5441837541741725
0022300043,2023-11-24,2023-24,ORL,BOS,1,0.3234874382577451,0.37732514919463295,0.3764667698133386,0.3765271669685553,0.3783435845421195
0022300044,2023-11-24,2023-24,MEM,PHX,0,0.3878903441830005,0.4600579028178331,0.4773664963863193,0.4774310627823852,0.4167131045184524
0022300045,2023-11-24,2023-24,NYK,MIA,1,0.5813201074241503,0.6540779253784679,0.6496897686415819,0.6497484181052923,0.6205027727241118
0022300046,2023-11-24,2023-24,TOR,CHI,1,0.6453350765431295,0.6516953717739374,0.6500047869362371,0.6500053895062938,0.6402470091729368
0022300047,2023-11-24,2023-24,IND,DET,1,0.7544581169809529,0.7331088931875324,0.7458673584086912,0.745847954339529,0.7624088843520326
0022300048,2023-11-24,2023-24,HOU,DEN,1,0.48013591053311544,0.4776738059386035,0.47696127509847236,0.4769593192642312,0.523370048992639
0022300049,2023-11-24,2023-24,MIL,WAS,1,0.8089005998149235,0.8130592111733898,0.8113762864603676,0.8113788630841807,0.8083786950959584
0022300050,2023-11-24,2023-24,MIN,SAC,0,0.6489896837010145,0.6503903487721232,0.6528328916339825,0.6528451096580304,0.6427049998785725
0022300051,2023-11-24,2023-24,GSW,SAS,1,0.7997322806848767,0.8158824893115614,0.8180509692554845,0.8180507568597842,0.8262103401604205
0022300052,2023-11-24,2023-24,LAC,NOP,0,0.5580052258417222,0.562339454257614,0.5613110657726188,0.5612980588228221,0.5744165536485185
0022300239,2023-11-25,2023-24,OKC,PHI,0,0.5665559570822329,0.540230029064127,0.5408345563017626,0.5408598929495566,0.48658687247508664
0022300240,2023-11-25,2023-24,BKN,MIA,1,0.5417038160777008,0.5748418526209274,0.6345599984197475,0.6346235962855916,0.617314369661228
0022300241,2023-11-25,2023-24,WAS,ATL,0,0.3305590204116991,0.298531780212422,0.307783739119086,0.307761913778978,0.3225925451956397
0022300242,2023-11-25,2023-24,CLE,LAL,0,0.5019734347299393,0.6051199002765888,0.6033475786844793,0.6033699420942393,0.5937442179084713
0022300243,2023-11-25,2023-24,UTA,NOP,1,0.3773646707237083,0.2834551301361706,0.2871995249638903,0.2871939536500063,0.30715705488890527
0022300244,2023-11-25,2023-24,LAC,DAL,1,0.5109896689484928,0.5217561003408872,0.5206597454440709,0.5207057669195361,0.4658830712092851
0022300245,2023-11-26,2023-24,MIL,POR,1,0.8229058852743959,0.8093998547270077,0.8096891816652348,0.8096432545698437,0.813042927398974
0022300246,2023-11-26,2023-24,BOS,ATL,1,0.7640429495136597,0.7477511982299885,0.7482602406839268,0.7482483346274622,0.7593407325581659
0022300247,2023-11-26,2023-24,NYK,PHX,0,0.6157687829231626,0.6608682520787802,0.7059504020789957,0.7059419580492348,0.7130308963394294
0022300248,2023-11-26,2023-24,ORL,CHA,1,0.7195297795788186,0.7236031308769104,0.7249680724668186,0.7249787602591029,0.72661330015241
0022300249,2023-11-26,2023-24,MEM,MIN,0,0.33179209192888215,0.33975757698025566,0.3336248492930563,0.3336366165274067,0.33166648999307086
0022300250,2023-11-26,2023-24,BKN,CHI,1,0.581007178721253,0.6109918322537999,0.6091741886855037,0.6091856060001002,0.6179092777851988
0022300251,2023-11-26,2023-24,CLE,TOR,1,0.5164686952992122,0.5227075907834285,0.5213680036458737,0.5213671440164214,0.5300970218404456
0022300252,2023-11-26,2023-24,DEN,SAS,1,0.8060062789040856,0.7859195567146311,0.7697192114768104,0.7696858176057904,0.7869483524400399
0022300253,2023-11-27,2023-24,DET,WAS,0,0.5335956607264912,0.5330818827994301,0.5317500073558364,0.5317481608432861,0.49193240184453807
0022300254,2023-11-27,2023-24,IND,POR,0,0.8015027001351137,0.7886168393665203,0.7873023762366571,0.7872909715055001,0.7902996152883195
0022300255,2023-11-27,2023-24,PHI,LAL,1,0.6689187226469129,0.7148826691201092,0.6695949932699183,0.669589441920329,0.6769352977513418
0022300256,2023-11-27,2023-24,UTA,NOP,1,0.32539152241088476,0.32397836787982254,0.32503442208992506,0.32505408619123616,0.2924643911517917
0022300257,2023-11-27,2023-24,LAC,DEN,0,0.6678342026492103,0.750846273291591,0.7476017282726548,0.7475775636799564,0.7569619322840051
0022300053,2023-11-28,2023-24,BOS,CHI,1,0.8044760544142958,0.8254453099363138,0.8242605930609496,0.8242360901114298,0.8430164019461175
0022300054,2023-11-28,2023-24,BKN,TOR,1,0.5488699546801666,0.5374911146254931,0.53799498761251,0.5380092528546655,0.5417367322214774
0022300055,2023-11-28,2023-24,CLE,ATL,1,0.565513382384851,0.5757380990673355,0.5740493024491019,0.5740283594636743,0.581841795593535
0022300056,2023-11-28,2023-24,MIA,MIL,0,0.4509422556225036,0.4006624394816304,0.4039419218500504,0.40396432330745957,0.4242022086281537
0022300057,2023-11-28,2023-24,NYK,CHA,1,0.7943278676301118,0.8263395194774463,0.8246186750503696,0.8246364677255044,0.8155900792777325
0022300058,2023-11-28,2023-24,MIN,OKC,1,0.5484981536606758,0.5383533171392857,0.5382218915601295,0.5382222676013744,0.569475106585641
0022300059,2023-11-28,2023-24,DAL,HOU,1,0.5363343257443841,0.5404852834168421,0.5407851663340568,0.5407624729131837,0.5329788497650754
0022300060,2023-11-28,2023-24,SAC,GSW,1,0.5648535821230051,0.5531093813695531,0.552493225655181,0.5524743284231414,0.5030615033897192
0022300258,2023-11-29,2023-24,DET,LAL,0,0.30613294121978174,0.34588686752017744,0.32618467273721513,0.32618878379058386,0.3041904444993722
0022300259,2023-11-29,2023-24,ORL,WAS,1,0.7630475378813345,0.7615114813534006,0.7571894363119848,0.7571924425693931,0.7426630064104793
0022300260,2023-11-29,2023-24,TOR,PHX,1,0.4598831816640976,0.4201604177777269,0.4194050753783551,0.41943175621171946,0.4004965654461572
0022300261,2023-11-29,2023-24,MEM,UTA,1,0.56321244345576,0.5750696160294851,0.5735954846746131,0.5735982258021474,0.5716134022026903
0022300262,2023-11-29,2023-24,NOP,PHI,1,0.41999071030858137,0.40932653256613,0.4717795976191208,0.47179850340385154,0.462874949209994
0022300263,2023-11-29,2023-24,DEN,HOU,1,0.6312928548502735,0.7114177193302631,0.7250410754891324,0.7250927215471421,0.6900965951590057
0022300264,2023-11-29,2023-24,SAC,LAC,0,0.4901831215050335,0.5060044960604269,0.5047796148356412,0.5047807391560486,0.5047669140479407
0022300265,2023-11-30,2023-24,CLE,POR,0,0.7603974397160199,0.7612203852064264,0.7608406331778267,0.7608330608932553,0.7978591891220008
0022300266,2023-11-30,2023-24,BKN,CHA,0,0.7561340970938744,0.6626625398968913,0.6643807098038667,0.664438332425424,0.6144238204211988
0022300267,2023-11-30,2023-24,MIA,IND,1,0.5762914531155838,0.6101387730798379,0.6106821640406631,0.6106813869357409,0.6112161210756867
0022300268,2023-11-30,2023-24,NYK,DET,1,0.910520079427366,0.9026428937226334,0.9021240459397849,0.9021065511294553,0.9239521674105942
0022300269,2023-11-30,2023-24,CHI,MIL,1,0.3322343333046354,0.2723482673262642,0.24460075278479812,0.2445840923570419,0.2541876395807502
0022300270,2023-11-30,2023-24,MIN,UTA,1,0.8521954253561695,0.8541852968304721,0.8646640547255903,0.8646410810296512,0.8726504508050208
0022300271,2023-11-30,2023-24,OKC,LAL,1,0.7505438977336618,0.7669465470985405,0.7466010981668517,0.7466337596535805,0.7120573483751592
0022300272,2023-11-30,2023-24,SAS,ATL,0,0.2939570845101175,0.2687162647712456,0.27628843487251925,0.27627283965907523,0.2532113596601926
0022300273,2023-11-30,2023-24,GSW,LAC,1,0.6533574067965168,0.55079350805416,0.5561284228593093,0.5560152076821917,0.6200317471293397
0022300274,2023-12-01,2023-24,ORL,WAS,1,0.761151097795409,0.7720430629520217,0.7714634715793716,0.7714633755799007,0.7989909447294342
0022300275,2023-12-01,2023-24,BOS,PHI,1,0.653265738077892,0.6792662353400022,0.6765419676677982,0.6765383064586202,0.6995770528805473
0022300276,2023-12-01,2023-24,TOR,NYK,0,0.5275890118458908,0.5149249159117331,0.5158183484513156,0.5158344943970211,0.4985415704832327
0022300277,2023-12-01,2023-24,DAL,MEM,0,0.6928769110954703,0.6329966183776442,0.6346423750397974,0.6345209722548061,0.6780169272251295
0022300278,2023-12-01,2023-24,NOP,SAS,1,0.884578636353443,0.8770017661797773,0.8732101528189811,0.8732107767335852,0.8750905363785934
0022300279,2023-12-01,2023-24,PHX,DEN,0,0.5793728789990522,0.48563816285942557,0.5093127401413771,0.5093194433438527,0.5218670233171067
0022300280,2023-12-02,2023-24,LAC,GSW,1,0.5536616754733842,0.5733239696307186,0.5647042937266143,0.564694261428093,0.5788006855365877
0022300281,2023-12-02,2023-24,CHA,MIN,0,0.3039692080248681,0.28939056795189483,0.27417515565503375,0.27417261987939306,0.26505024003894895
0022300282,2023-12-02,2023-24,BKN,ORL,1,0.5092939962739725,0.4329620771006667,0.42477929955204735,0.4247844282780506,0.5035618064222364
0022300283,2023-12-02,2023-24,DET,CLE,0,0.22783009017876155,0.25625996493164127,0.25703189891746253,0.2570794505487501,0.2764327890025141
0022300284,2023-12-02,2023-24,MIA,IND,0,0.6361841478221081,0.6290448458612012,0.6696157334413201,0.6695974949406434,0.6907398951945167
0022300285,2023-12-02,2023-24,CHI,NOP,1,0.485038837941108,0.5214037558502936,0.5239798070571033,0.5240683886078729,0.4371133761793991
0022300286,2023-12-02,2023-24,MIL,ATL,1,0.6563333191086389,0.6554060410465591,0.6541921904604724,0.6541623586767741,0.6835078193759061
0022300287,2023-12-02,2023-24,DAL,OKC,0,0.3343310164174984,0.305522264529571,0.24509254071239384,0.24505401093540047,0.3443124888314828
0022300288,2023-12-02,2023-24,PHX,MEM,1,0.7024242438917427,0.7215771967092911,0.7379582506372828,0.7379358212950582,0.7022563364164642
0022300289,2023-12-02,2023-24,UTA,POR,1,0.5054430052116836,0.458346499312124,0.4610947452733284,0.4611032969510454,0.46201070103599085
0022300290,2023-12-02,2023-24,SAC,DEN,1,0.5762539651216274,0.5909800172303775,0.6004357886568519,0.6003516269546616,0.6705874205830685
0022300291,2023-12-02,2023-24,LAL,HOU,1,0.5450472214167396,0.48812067685599786,0.4898276533290152,0.48982626683186836,0.5038876141828059
0022301202,2023-12-04,2023-24,IND,BOS,1,0.28650170864409136,0.2739289421630836,0.2757839404861893,0.27579335041596065,0.2894915017329634
0022301204,2023-12-04,2023-24,SAC,NOP,0,0.561840087786339,0.5645419932543532,0.563203614192764,0.5631761864899869,0.5765347130260515
0022301201,2023-12-05,2023-24,MIL,NYK,1,0.5440687910971734,0.5571716481344786,0.5573987645741202,0.5573695462437706,0.5643469323867893
0022301203,2023-12-05,2023-24,LAL,PHX,1,0.47139957726906756,0.46980999090121917,0.48939545244234556,0.48939013007414806,0.5069408010812929
0022301205,2023-12-06,2023-24,CLE,ORL,1,0.5773489084040172,0.5693689529027921,0.578139910922661,0.5781017420837137,0.6297737470503469
0022301206,2023-12-06,2023-24,DET,MEM,0,0.3765271975759718,0.3743023533516317,0.37542169724630936,0.3754091983396003,0.37525444897437166
0022301207,2023-12-06,2023-24,TOR,MIA,0,0.5193563534747381,0.5450661480986899,0.5435915504429507,0.5436074970528724,0.5447063979548099
0022301208,2023-12-06,2023-24,WAS,PHI,0,0.2642847772198297,0.23834572018313244,0.23703349915280883,0.23701494295308217,0.22865767046653568
0022301209,2023-12-06,2023-24,ATL,BKN,0,0.5546515043258757,0.5586650074511801,0.5578547369605216,0.5578079776955713,0.5509094909470943
0022301210,2023-12-06,2023-24,MIN,SAS,1,0.8699580981465077,0.8794092514678227,0.8787126062505869,0.878722793346456,0.87318195852488
0022301211,2023-12-06,2023-24,CHI,CHA,1,0.6496567368244167,0.6747175200923468,0.6779211323801158,0.6779419852989518,0.6507090936163414
0022301212,2023-12-06,2023-24,HOU,OKC,1,0.41337607145469607,0.399027159738911,0.3955103811369618,0.3954682415612724,0.44624765526063964
0022301213,2023-12-06,2023-24,DAL,UTA,1,0.6776721813752179,0.6458924789856143,0.6465826355760258,0.6465229682609626,0.6919787174897906
0022301214,2023-12-06,2023-24,GSW,POR,1,0.7365517856388374,0.8055885018384837,0.8000504725185708,0.8000931599845503,0.7706861397118897
0022301215,2023-12-06,2023-24,LAC,DEN,1,0.5630454289172278,0.5666952336983363,0.561411495428083,0.5613778893229492,0.5516063893589438
0022301229,2023-12-07,2023-24,MIL,IND,0,0.6383732404970399,0.6448974611206953,0.6456770136277749,0.6456651359590608,0.6788854984378513
0022301230,2023-12-07,2023-24,LAL,NOP,1,0.5011370286380942,0.4696574099328617,0.4901745096162354,0.4901688539733645,0.5362009077048744
0022301216,2023-12-08,2023-24,CHA,TOR,1,0.37156652201662627,0.38348130852298307,0.38318323882912664,0.3831899362843971,0.3695782591425192
0022301217,2023-12-08,2023-24,ORL,DET,1,0.8034847927194533,0.792361990385631,0.7921977588082534,0.7922191054812618,0.7895511453418673
0022301218,2023-12-08,2023-24,PHI,ATL,1,0.716449143459368,0.7418345235510251,0.7396648358048872,0.7396983530878277,0.7286765633362857
0022301219,2023-12-08,2023-24,BKN,WAS,1,0.7399777415392338,0.7346114925191087,0.7347288687870919,0.7347248296833964,0.7327180299521524
0022301220,2023-12-08,2023-24,MIA,CLE,0,0.5481046551656761,0.5546145363986275,0.5858614920622145,0.5859126027741509,0.6138754406204922
0022301221,2023-12-08,2023-24,MEM,MIN,0,0.37867651908477534,0.36944740465869885,0.3738490530696146,0.37383234951405886,0.3347556917428127
0022301222,2023-12-08,2023-24,OKC,GSW,1,0.6172852090212602,0.6210011286770739,0.6466089604880938,0.6466438121223373,0.644977665264117
0022301223,2023-12-08,2023-24,SAS,CHI,0,0.34945174210163266,0.3567184328125655,0.3563651129276401,0.35639021392086184,0.3320543080384622
0022301224,2023-12-08,2023-24,DEN,HOU,0,0.5970621966181494,0.5876824635970243,0.5879802635749152,0.5879965945341009,0.5706578167709477
0022301225,2023-12-08,2023-24,UTA,LAC,0,0.25752652088100225,0.26746849127304134,0.27571800143695224,0.27576642116181016,0.23435605153722552
0022301226,2023-12-08,2023-24,POR,DAL,0,0.4047950207743107,0.35507647868182834,0.31674054611102004,0.3167332779191854,0.31726863658519217
0022301227,2023-12-08,2023-24,BOS,NYK,1,0.6965048462598787,0.6834792197548001,0.6829419424485043,0.6829306590044791,0.687275055020621
0022301228,2023-12-08,2023-24,PHX,SAC,0,0.5739396738731655,0.43513987624154143,0.4413682480919085,0.44131760759784283,0.48394610078237776
0022300292,2023-12-11,2023-24,CHA,MIA,0,0.3321123440118983,0.3059323446200442,0.3032614455215374,0.303235845005402,0.3257989939071725
0022300293,2023-12-11,2023-24,DET,IND,0,0.23002463178035998,0.21203039755429667,0.20705197833229425,0.2070611387509242,0.1839951955901925
0022300294,2023-12-11,2023-24,ORL,CLE,1,0.5279003054443548,0.5134004132154426,0.5128276035771262,0.5128431648442916,0.4999142332841396
0022300295,2023-12-11,2023-24,PHI,WAS,1,0.8485335533245286,0.8546269529229799,0.8537343716628245,0.8537340303505745,0.8424489395284718
0022300296,2023-12-11,2023-24,ATL,DEN,0,0.5081371595161913,0.46373658541970947,0.46580857983205315,0.4657521714062208,0.47718272719576066
0022300297,2023-12-11,2023-24,NYK,TOR,1,0.6707304453014871,0.6482249812478842,0.6485305921045117,0.6484828715747591,0.7104063701378478
0022300298,2023-12-11,2023-24,HOU,SAS,1,0.8209081942519382,0.8234929974830301,0.822599662600832,0.8225859585737498,0.824173899540653
0022300299,2023-12-11,2023-24,MEM,DAL,0,0.4031946834770354,0.45570284320766896,0.4789113121898216,0.4790098976723418,0.463737386599662
0022300300,2023-12-11,2023-24,MIL,CHI,1,0.7250230959597118,0.7540355201896549,0.7683417407736317,0.7683495308284451,0.770725873012646
0022300301,2023-12-11,2023-24,NOP,MIN,1,0.4278708935405054,0.47077389704597566,0.48886499961925006,0.48888740329572894,0.4908375208128709
0022300302,2023-12-11,2023-24,OKC,UTA,1,0.8442393777834893,0.8577323605646431,0.8566053351354648,0.8566112483366822,0.8023959297281024
0022300303,2023-12-11,2023-24,SAC,BKN,1,0.54841371637168,0.5610630013052109,0.5596654430534098,0.5596121697865648,0.5711323472274791
0022300304,2023-12-11,2023-24,LAC,POR,1,0.8074232802753618,0.8199113191218704,0.8180845747921237,0.8180739174532811,0.8344925462913414
0022300305,2023-12-12,2023-24,BOS,CLE,1,0.7908010658553759,0.7848617446943159,0.7843611367219819,0.7843492189759137,0.7899335441236078
0022300306,2023-12-12,2023-24,DAL,LAL,1,0.44093928560862405,0.46296092924976195,0.46428186846557673,0.46426870341898463,0.44480769650395935
0022300307,2023-12-12,2023-24,CHI,DEN,0,0.44748772879897714,0.4400495479574933,0.46704408584690776,0.46705398866238645,0.474432879121124
0022300308,2023-12-12,2023-24,PHX,GSW,1,0.5015466093955522,0.49229704152201814,0.4943150546122617,0.49431301863395155,0.4765496034426664
0022300309,2023-12-12,2023-24,LAC,SAC,1,0.633003344732556,0.592196349094746,0.5924253435443618,0.5924269846517082,0.6083624539903408
0022300310,2023-12-13,2023-24,DET,PHI,0,0.15008602707801458,0.134310469575493,0.1348326046312658,0.13484071208190349,0.13819657219083917
0022300311,2023-12-13,2023-24,WAS,NOP,0,0.2876952706449833,0.3022714903872578,0.33408050014962126,0.33412062332197007,0.32930755295386155
0022300312,2023-12-13,2023-24,MIA,CHA,1,0.7512050820496354,0.7134843907545212,0.7146792805602127,0.714648116375896,0.7259784582848612
0022300313,2023-12-13,2023-24,TOR,ATL,1,0.5511848662060413,0.562551344901358,0.5613116511875329,0.5613182026128052,0.5696631358761446
0022300314,2023-12-13,2023-24,HOU,MEM,1,0.6871178450165646,0.7013031612160392,0.7285260203877528,0.7285245873990552,0.7679497573291191
0022300315,2023-12-13,2023-24,MIL,IND,1,0.6263351339571684,0.6272848384859068,0.6284295286876367,0.6284194259627829,0.6647892410509959
0022300316,2023-12-13,2023-24,SAS,LAL,0,0.2976205988438418,0.30936650882124594,0.31308940898388654,0.3131238523523545,0.29149228471176575
0022300317,2023-12-13,2023-24,PHX,BKN,0,0.4887088733158467,0.490837386514547,0.49155599261247246,0.49145411822121315,0.5614761091339863
0022300318,2023-12-13,2023-24,UTA,NYK,1,0.23399220979440027,0.20054493516787755,0.20306994119094565,0.2030719561180355,0.20125939882447416
0022300319,2023-12-14,2023-24,BOS,CLE,1,0.7269071879437481,0.725882131738574,0.725258369431238,0.7252487894361209,0.733828133608489
0022300320,2023-12-14,2023-24,MIA,CHI,0,0.5979711402527165,0.5926171902787579,0.5918064421683829,0.5918285583432304,0.5385963131240352
0022300321,2023-12-14,2023-24,DAL,MIN,0,0.48587659372435393,0.4542675783470792,0.4556123164165896,0.45556106943926816,0.46912556152052126
0022300322,2023-12-14,2023-24,DEN,BKN,1,0.6547421525278367,0.6184007287238441,0.6061674389402264,0.606104958234638,0.6575911104182917
0022300323,2023-12-14,2023-24,POR,UTA,0,0.6508496638072125,0.7287457257230322,0.7369636512303911,0.7369958024540146,0.6690595026157481
0022300324,2023-12-14,2023-24,SAC,OKC,1,0.5082426222856908,0.4942557530634046,0.4959256014342192,0.4958776295640608,0.5426719254087251
0022300325,2023-12-14,2023-24,LAC,GSW,1,0.5995473915123318,0.5736883499005409,0.5739979243799507,0.5739927317988505,0.6155638702464489
0022300326,2023-12-15,2023-24,CHA,NOP,0,0.3530448524235597,0.3052845043663885,0.30260550422095134,0.30257338192254946,0.28689522969536996
0022300327,2023-12-15,2023-24,PHI,DET,1,0.9030877683811531,0.9082300621664605,0.9076261264022863,0.9076222642995749,0.8939599384473663
0022300328,2023-12-15,2023-24,WAS,IND,1,0.31231237702697545,0.2893315854944768,0.29042809376243545,0.29043761709416144,0.2990482367602196
0022300329,2023-12-15,2023-24,BOS,ORL,1,0.6759846159058294,0.644648197985312,0.6461473098218394,0.6460384135197162,0.6977536347909696
0022300330,2023-12-15,2023-24,TOR,ATL,0,0.5782585761278473,0.5805176049649309,0.5793028084388778,0.5792910566207027,0.5855149811060366
0022300331,2023-12-15,2023-24,SAS,LAL,1,0.25016970356569457,0.2835902176835597,0.28216717429965255,0.2822138374056637,0.2559343669496711
0022300332,2023-12-15,2023-24,MEM,HOU,0,0.3518172091656185,0.3620000824699697,0.35842718280077934,0.35848366110020463,0.2881520954812667
0022300333,2023-12-15,2023-24,PHX,NYK,0,0.49878991896449065,0.4939232167474819,0.49453751414088043,0.4945529349293688,0.4741733322230377
0022300334,2023-12-16,2023-24,MIL,DET,1,0.9153384406573141,0.9002763397741776,0.9026812886106639,0.9026543584838698,0.9028837244065231
0022300335,2023-12-16,2023-24,CHA,PHI,0,0.2374976838800378,0.19300483694145737,0.16288737297175793,0.16287843066799731,0.19201187567193118
0022300336,2023-12-16,2023-24,CLE,ATL,1,0.6891593194074408,0.732069699162476,0.7305105678082988,0.7304778617935006,0.7219497311418565
0022300337,2023-12-16,2023-24,MIA,CHI,1,0.5705056853893976,0.5987797207757405,0.6020452678328885,0.6021004438191662,0.6247642847012578
0022300338,2023-12-16,2023-24,MIN,IND,1,0.7473084038677316,0.7248948225371941,0.7623409887924811,0.7623756081662857,0.7635195155207424
0022300339,2023-12-16,2023-24,GSW,BKN,1,0.5591832503063687,0.5569884086111498,0.5563459242057942,0.5563452917329246,0.5753048232324696
0022300340,2023-12-16,2023-24,DEN,OKC,0,0.5240908148468093,0.4998381938657947,0.500381294003949,0.5003990246733068,0.5103548928458678
0022300341,2023-12-16,2023-24,POR,DAL,0,0.3658537623001242,0.36046295411116747,0.36026438193590027,0.3602663914240461,0.3917017343485656
0022300342,2023-12-16,2023-24,SAC,UTA,1,0.7847605219148529,0.7756482907092448,0.7741345273020149,0.774089910131783,0.7437866972547679
0022300343,2023-12-16,2023-24,LAC,NYK,1,0.6007892896488778,0.596531199915931,0.5975038762049862,0.5975107278244169,0.5526256323297943
0022300344,2023-12-17,2023-24,BOS,ORL,1,0.7481799825987779,0.7434462128904203,0.7527070860343041,0.7527078635001001,0.7752812603826218
0022300345,2023-12-17,2023-24,SAS,NOP,0,0.2563902069870853,0.246165513151615,0.2476515756465069,0.2476431660342521,0.2598667828008633
0022300346,2023-12-17,2023-24,MIL,HOU,1,0.5480243418493416,0.5927011871256964,0.5898254456206737,0.5898317393801829,0.6222492338459347
0022300347,2023-12-17,2023-24,PHX,WAS,1,0.7484485499447618,0.7451355601187938,0.7450208062927699,0.7449783476453041,0.8060196587022223
0022300348,2023-12-17,2023-24,POR,GSW,0,0.3902929269299122,0.38831007828110536,0.3877689601370829,0.38773852067609293,0.4123399669499519
0022300349,2023-12-18,2023-24,CLE,HOU,1,0.6343197380395666,0.612580929912094,0.6137542976139896,0.613750247583336,0.6158385588605555
0022300350,2023-12-18,2023-24,IND,LAC,0,0.426878982726987,0.42204672993860265,0.39351978018956696,0.3935040276599758,0.4194063430455677
0022300351,2023-12-18,2023-24,PHI,CHI,0,0.7739298834566636,0.773036628466387,0.7728751312787869,0.7728696526271499,0.7874768918691167
0022300352,2023-12-18,2023-24,ATL,DET,1,0.799511695782649,0.840434770892259,0.8397405208328701,0.8397492280067864,0.8000702393816833
0022300353,2023-12-18,2023-24,MIA,MIN,0,0.44854257326379743,0.3897044491602522,0.3912047575281956,0.3911625099377943,0.45430475559758726
0022300354,2023-12-18,2023-24,TOR,CHA,1,0.7749664991882361,0.838493341974679,0.835432510626309,0.8354419507202111,0.8203791351977259
0022300355,2023-12-18,2023-24,OKC,MEM,1,0.7976255043898343,0.8403676003703471,0.8384709184196203,0.8384782581575795,0.786140483758124
0022300356,2023-12-18,2023-24,DEN,DAL,1,0.6115872553811391,0.6210788857362144,0.6264107756915991,0.6264644179219573,0.5848080499744464
0022300357,2023-12-18,2023-24,UTA,BKN,1,0.36736378779685774,0.3403818365328228,0.3403060680771323,0.3402792434823136,0.3656664499376676
0022300358,2023-12-18,2023-24,SAC,WAS,1,0.8220597326213529,0.8504320504374784,0.8502049174415711,0.8501882306303921,0.8448754469395662
0022300359,2023-12-18,2023-24,LAL,NYK,0,0.45870100487738835,0.46115919154900165,0.46222827278028367,0.46221064327289846,0.5446091556035526
0022300360,2023-12-19,2023-24,NOP,MEM,0,0.8126784808758646,0.8151440796348176,0.8142959732905886,0.8142737449634612,0.8217990803323928
0022300361,2023-12-19,2023-24,MIL,SAS,1,0.8828643789511139,0.8876212895816281,0.8863332434347889,0.8863464684215336,0.8745287324959937
0022300362,2023-12-19,2023-24,GSW,BOS,1,0.33109041415170365,0.2944735962618883,0.3215850101846919,0.3216472738721278,0.28284822913773827
0022300363,2023-12-19,2023-24,POR,PHX,1,0.33296842486858896,0.32625601225196144,0.32835734644919007,0.32835741095206844,0.31545828755707334
0022300364,2023-12-20,2023-24,CLE,UTA,1,0.7515144679815448,0.7317497947958651,0.6828682083839392,0.6828337422251664,0.7067719061065558
0022300365,2023-12-20,2023-24,IND,CHA,1,0.7728894199033796,0.7540839642145183,0.7640187010068822,0.7640019761306932,0.7700808750932375
0022300366,2023-12-20,2023-24,ORL,MIA,0,0.5455718835540522,0.6624578731994196,0.6589212494379506,0.6589731305935499,0.5887407295839193
0022300367,2023-12-20,2023-24,PHI,MIN,1,0.6216093145814181,0.5771099267152375,0.5713005223112027,0.5712195768704067,0.6094257542450584
0022300368,2023-12-20,2023-24,BKN,NYK,0,0.42594619617114093,0.435545134198836,0.43631225641712823,0.43636715741743803,0.38566000223416236
0022300369,2023-12-20,2023-24,TOR,DEN,0,0.43441197833578454,0.43846464386801115,0.4374901682633042,0.43746774855357995,0.40428712827943686
0022300370,2023-12-20,2023-24,CHI,LAL,1,0.4866071174404417,0.5077536670254191,0.46698534743722225,0.4669759905338281,0.5210577280235908
0022300371,2023-12-20,2023-24,HOU,ATL,0,0.6135061764585849,0.5935114661563882,0.576802897729276,0.576765290173205,0.6110350748966497
0022300372,2023-12-20,2023-24,DAL,LAC,0,0.4147211026929726,0.49112490818311116,0.4885346784857112,0.4885391974796476,0.42344894321048526
0022300373,2023-12-20,2023-24,SAC,BOS,0,0.44146627953317846,0.5284587524864738,0.5298753696898247,0.529934923262345,0.47851105643768005
0022300374,2023-12-21,2023-24,DET,UTA,0,0.5071072146841445,0.5728290974460949,0.5755037769772956,0.57553094940084,0.515644171397569
0022300375,2023-12-21,2023-24,CLE,NOP,0,0.42771707330860775,0.507750488815824,0.5059520738288891,0.5060560504408945,0.42372559317520603
0022300376,2023-12-21,2023-24,CHI,SAS,1,0.7492364830207803,0.7873831550229365,0.7926190291752422,0.7926233496653163,0.7813418885257271
0022300377,2023-12-21,2023-24,MEM,IND,1,0.5448158900542914,0.5427418311237722,0.5319314186936552,0.5319406974681098,0.5639145104352653
0022300378,2023-12-21,2023-24,MIL,ORL,1,0.7541808323059928,0.7496189791885074,0.7487471418925997,0.7487584578981872,0.7532847843148643
0022300379,2023-12-21,2023-24,OKC,LAC,1,0.6158787150524804,0.6332223183887773,0.6855788067477298,0.6855864084510669,0.684521918480903
0022300380,2023-12-21,2023-24,MIN,LAL,1,0.6899675517378318,0.7747180956047925,0.7512536365217849,0.7513168063513511,0.6840830823015328
0022300381,2023-12-21,2023-24,POR,WAS,0,0.6167026860134132,0.6276862039573051,0.6270698534776353,0.626970173247586,0.6709796175647289
0022300382,2023-12-22,2023-24,PHI,TOR,1,0.7642563312780641,0.7381505194125312,0.7055705105929894,0.7055392191233762,0.7226752806762472
0022300383,2023-12-22,2023-24,BKN,DEN,0,0.3826938229690542,0.38296499759818364,0.38351170069240387,0.38352643590557917,0.3759980519375847
0022300384,2023-12-22,2023-24,MIA,ATL,1,0.5647225321637409,0.5665479614398256,0.5806073251849571,0.5806647401586907,0.5445753246153499
0022300385,2023-12-22,2023-24,HOU,DAL,1,0.5968962898398347,0.6881031682197367,0.680971741991327,0.6810443186463052,0.6258102920291964
0022300386,2023-12-22,2023-24,GSW,WAS,1,0.8179393742691112,0.816618426511384,0.8167212513974053,0.8166957808210857,0.807187397926622
0022300387,2023-12-22,2023-24,SAC,PHX,1,0.5512424040226559,0.6004867293286348,0.5997273797362574,0.5997440267756879,0.5969467034713134
0022300388,2023-12-23,2023-24,NYK,MIL,0,0.5360904513828317,0.5399598124090339,0.5389648647716782,0.5389497067309967,0.45938664118061245
0022300389,2023-12-23,2023-24,LAC,BOS,0,0.3587788103050964,0.3707595988770008,0.371055471550185,0.3711625461203257,0.35264575522785696
0022300390,2023-12-23,2023-24,CHA,DEN,0,0.256452287937866,0.25955991707808357,0.24368196079781052,0.24363831722758736,0.2757042577923289
0022300391,2023-12-23,2023-24,IND,ORL,0,0.5146500014539803,0.49898388929920073,0.4634141015460773,0.4633725734737038,0.5083584869245363
0022300392,2023-12-23,2023-24,NOP,HOU,0,0.6878091951823629,0.6771282540585408,0.6801122581007648,0.6800975889390741,0.7146439914336268
0022300393,2023-12-23,2023-24,ATL,MEM,0,0.5520722041782293,0.5452077372745785,0.5458001268430851,0.5458289262689721,0.5394449925572838
0022300394,2023-12-23,2023-24,BKN,DET,1,0.7651952077924091,0.7775135282644454,0.7765771327434327,0.7765878168717155,0.7134358392023833
0022300395,2023-12-23,2023-24,TOR,UTA,0,0.6312413073068777,0.6449992838776207,0.6436746919966913,0.6436535568607633,0.627155883878587
0022300396,2023-12-23,2023-24,CHI,CLE,0,0.6059906258533367,0.6226857230201138,0.6384605020792873,0.6384675721650176,0.6404417807663818
0022300397,2023-12-23,2023-24,OKC,LAL,0,0.6852723648682546,0.7059553954371234,0.6804902647794627,0.6804685864942835,0.6245228236658559
0022300398,2023-12-23,2023-24,DAL,SAS,1,0.6776690901798991,0.6986109241469709,0.6972317793356262,0.6972537470156736,0.7158738343011035
0022300399,2023-12-23,2023-24,GSW,POR,1,0.6511554175483089,0.6634850858330438,0.664196692218591,0.6642395990349342,0.6513027700302781
0022300400,2023-12-23,2023-24,SAC,MIN,0,0.41182640477529736,0.4665195364523052,0.4641219841334203,0.46409273941153395,0.45830055537527503
0022300401,2023-12-25,2023-24,NYK,MIL,1,0.4445158496017457,0.43779939106838633,0.4383123648860944,0.4383199219205163,0.49095447504928935
0022300402,2023-12-25,2023-24,DEN,GSW,1,0.664103268279195,0.6553559915770736,0.6541037955143377,0.6540873801023348,0.6698155099599575
0022300403,2023-12-25,2023-24,LAL,BOS,0,0.33126710743860593,0.2937734269852704,0.33156423110052113,0.3315427614920977,0.3060773761074948
0022300404,2023-12-25,2023-24,MIA,PHI,1,0.4099170296966229,0.42073087934553494,0.41934090793946205,0.4193115310435208,0.3407883409399696
0022300405,2023-12-25,2023-24,PHX,DAL,0,0.5737016894184477,0.5886953881822891,0.587446896632532,0.5874408329394613,0.5699283373780857
0022300406,2023-12-26,2023-24,DET,BKN,0,0.3068117013425467,0.3071247250962402,0.30663803375003146,0.3065983669666661,0.2610446154486999
0022300407,2023-12-26,2023-24,WAS,ORL,0,0.3193620952368596,0.3589654284039166,0.35822812841305424,0.3582337801597206,0.3985070336689008
0022300408,2023-12-26,2023-24,CHI,ATL,1,0.5706011777427443,0.5238460980875702,0.5247253090868398,0.5246653934244664,0.5695075068152085
0022300409,2023-12-26,2023-24,HOU,IND,0,0.6386533789181003,0.6382011447149689,0.6380703935680248,0.6380685719520054,0.6314570143343565
0022300410,2023-12-26,2023-24,NOP,MEM,0,0.6744700020953047,0.6599869793840898,0.6640843787228654,0.6641283992619441,0.7246211863339765
0022300411,2023-12-26,2023-24,OKC,MIN,1,0.5198306432135583,0.5236185398886739,0.5252149223095443,0.5251914544766069,0.5337850077386899
0022300412,2023-12-26,2023-24,SAS,UTA,0,0.39928641770637846,0.4221780375599678,0.411151374399574,0.4111199954449298,0.42390044834714924
0022300413,2023-12-26,2023-24,POR,SAC,1,0.3315575630705728,0.28550438185483196,0.2872047450359394,0.2871758035219538,0.3248914625607147
0022300414,2023-12-26,2023-24,LAC,CHA,1,0.7732389418447193,0.7581153364645458,0.7591742751858909,0.7592598911147129,0.7391462325258893
0022300415,2023-12-27,2023-24,ORL,PHI,0,0.3614666168651828,0.32929791453207985,0.32915477570074764,0.329136201012046,0.3527185730464876
0022300416,2023-12-27,2023-24,WAS,TOR,0,0.3659332398518765,0.3124380912366416,0.3248016522624327,0.32478845302895143,0.3504666403600432
0022300417,2023-12-27,2023-24,BKN,MIL,0,0.30622328026957846,0.1918350462439634,0.19586216799691317,0.19579577514769447,0.22002364455156231
0022300418,2023-12-27,2023-24,HOU,PHX,0,0.5394043700734055,0.44080098650710153,0.45062181280831903,0.4506287229362002,0.42409908320622336
0022300419,2023-12-27,2023-24,OKC,NYK,1,0.5285841646195875,0.5341005663092331,0.534682087472145,0.5347076335279476,0.5013307215179599
0022300420,2023-12-27,2023-24,DAL,CLE,0,0.5576237601561768,0.5261213438069162,0.526471501607782,0.526440369766529,0.6536340417662606
0022300421,2023-12-28,2023-24,BOS,DET,1,0.948142295095393,0.9471517874602544,0.9467079244346505,0.9467055232019914,0.9559732645438666
0022300422,2023-12-28,2023-24,CHI,IND,0,0.5794559724443267,0.6024603373722492,0.5819646484324653,0.581953750372498,0.5601005998799445
0022300423,2023-12-28,2023-24,MIN,DAL,1,0.6977170085976308,0.7207241294619985,0.730614430991164,0.7306758935574306,0.7392646306751088
0022300424,2023-12-28,2023-24,NOP,UTA,1,0.7754284676475991,0.7635100942719134,0.762270423956746,0.762254977826051,0.7870609044434153
0022300425,2023-12-28,2023-24,DEN,MEM,1,0.7298916183814922,0.7318554058532402,0.7790546564084894,0.7790723651118682,0.7404593373254943
0022300426,2023-12-28,2023-24,GSW,MIA,0,0.6034768554608907,0.6812666887922447,0.6777565730975934,0.677785546331263,0.6370133200752016
0022300427,2023-12-28,2023-24,POR,SAS,0,0.7051343530095395,0.6657868472768834,0.6662064288157695,0.6661317110164173,0.7195588463364346
0022300428,2023-12-28,2023-24,LAL,CHA,1,0.7828589196828999,0.8265992698675941,0.8254136133978659,0.825370963825069,0.8348305690787121
0022300429,2023-12-29,2023-24,ORL,NYK,1,0.4141858294309364,0.4217940781131647,0.4113210374121265,0.41135945880019914,0.3648442003726169
0022300430,2023-12-29,2023-24,WAS,BKN,1,0.4578973634396467,0.42372755886524294,0.4216976240154016,0.42173042084744355,0.38189520346846445
0022300431,2023-12-29,2023-24,ATL,SAC,0,0.5239544908218742,0.4992167244915199,0.5005171225297809,0.5005330442579551,0.4617353476223133
0022300432,2023-12-29,2023-24,BOS,TOR,1,0.7950445564744363,0.7327634742708785,0.7352419217833344,0.7351382605780288,0.778135744157116
0022300433,2023-12-29,2023-24,CLE,MIL,0,0.42617765800524327,0.4258437171919696,0.4261851247177534,0.4261807689469053,0.42345351608802717
0022300434,2023-12-29,2023-24,HOU,PHI,0,0.3475930758798338,0.30707722012953387,0.30260964566307935,0.3025799572729614,0.33454473758975173
0022300435,2023-12-29,2023-24,DEN,OKC,0,0.4785582760111508,0.4620114968074236,0.47659308549174756,0.47661320643067545,0.49242872161642137
0022300436,2023-12-29,2023-24,PHX,CHA,1,0.8725187628474973,0.8650670986370007,0.8650410556424172,0.8649858582776767,0.8836871847259724
0022300437,2023-12-29,2023-24,POR,SAS,1,0.6601478247417034,0.6929748317955887,0.6834692361530115,0.6834848058225431,0.6586111694770046
0022300438,2023-12-29,2023-24,LAC,MEM,1,0.7733513972694166,0.7504396561132707,0.7511561696258728,0.7511681716248384,0.6823444685573195
0022300439,2023-12-30,2023-24,UTA,MIA,1,0.3871668136437659,0.3699065731660073,0.3690491992544708,0.3690619784378353,0.35464702923075914
0022300440,2023-12-30,2023-24,DET,TOR,1,0.34821178309957385,0.40164780440560666,0.3996605036957462,0.39973204993704525,0.3287889883565536
0022300441,2023-12-30,2023-24,IND,NYK,1,0.5448092324482167,0.5944395629421856,0.5350020850985262,0.5350282948040591,0.47028833006937115
0022300442,2023-12-30,2023-24,CHI,PHI,1,0.40827256808435614,0.41047772173652164,0.4103097949227998,0.41026701153044104,0.41805311707872717
0022300443,2023-12-30,2023-24,MIN,LAL,1,0.6562452767847369,0.7002319711538371,0.6729907410393196,0.6730047767105094,0.6495626491494924
0022300444,2023-12-30,2023-24,GSW,DAL,0,0.5776184018276,0.5869640032181601,0.5869304718227968,0.5869744983774938,0.5534778260102197
0022300445,2023-12-31,2023-24,WAS,ATL,0,0.39068036420226054,0.405232830722263,0.42578124512731796,0.4258025805273289,0.4094997024862184
0022300446,2023-12-31,2023-24,NOP,LAL,1,0.686484983294046,0.6965926843911118,0.6765384442427989,0.6765770444345224,0.691734862316668
0022300447,2023-12-31,2023-24,OKC,BKN,1,0.7645286931591667,0.7792740538612172,0.7787099504169308,0.7787045315822423,0.7899351833775785
0022300448,2023-12-31,2023-24,SAS,BOS,0,0.11565164458303286,0.11177881421357963,0.11151155427877285,0.11149248918123589,0.12194348299850258
0022300449,2023-12-31,2023-24,MEM,SAC,0,0.4324020685560326,0.4388710641720395,0.43900953732017,0.439033832591355,0.4681698305245381
0022300450,2023-12-31,2023-24,PHX,ORL,1,0.6072606730478777,0.6037871365256234,0.6077718350656238,0.6077303203402041,0.6695457423671485
0022300451,2024-01-01,2023-24,NYK,MIN,1,0.4649590689752125,0.46280304847097226,0.4630274936970368,0.4630056396234052,0.48335880430392414
0022300452,2024-01-01,2023-24,TOR,CLE,1,0.44934928931045576,0.43532959451910314,0.4368450567662408,0.43683911385600377,0.48716384115096745
0022300453,2024-01-01,2023-24,HOU,DET,1,0.7916159482732149,0.7761975854122392,0.7798552773150095,0.7798818979481134,0.7654576060165063
0022300454,2024-01-01,2023-24,MIL,IND,0,0.7497491348310786,0.7463700347816327,0.7449744012880125,0.7449416894840992,0.7740054556618012
0022300455,2024-01-01,2023-24,DEN,CHA,1,0.86070656398751,0.8677607849197083,0.8773636582262678,0.8773806342025309,0.8802612596277175
0022300456,2024-01-01,2023-24,PHX,POR,1,0.7557776263005334,0.7058178569264627,0.7360521689941694,0.7360183088221379,0.6830934917298368
0022300457,2024-01-01,2023-24,UTA,DAL,1,0.38824000334444103,0.41370178837737737,0.3774823477093504,0.3775214927467772,0.4302857850885797
0022300458,2024-01-01,2023-24,LAC,MIA,1,0.5842741007493385,0.7211006517346268,0.7166593013009428,0.7166821830894916,0.6845758482084346
0022300459,2024-01-02,2023-24,PHI,CHI,1,0.706869173795299,0.6331472649778825,0.6365842303245814,0.6365767487857219,0.6898243170246101
0022300460,2024-01-02,2023-24,MEM,SAS,1,0.7529741479372741,0.7596844646380913,0.7553754721328866,0.7553550470043726,0.8123731846362547
0022300461,2024-01-02,2023-24,NOP,BKN,1,0.7271288296663214,0.7124298722099976,0.7233052770707751,0.7232894356099753,0.7218400910205334
0022300462,2024-01-02,2023-24,OKC,BOS,1,0.5093170297764191,0.4964929410241516,0.49560657401721603,0.4955905664607352,0.41917377722512594
0022300463,2024-01-02,2023-24,GSW,ORL,1,0.5663311745635206,0.5608127212182757,0.5652989119126629,0.565290655787621,0.5653763106801277
0022300464,2024-01-02,2023-24,SAC,CHA,0,0.8759136585239664,0.8787456502510765,0.8784446978686533,0.8784259445427169,0.8832121380912623
0022300465,2024-01-03,2023-24,CLE,WAS,1,0.7712627150239288,0.7640888992889344,0.7642941132593564,0.7642964748253457,0.7806530856213522
0022300466,2024-01-03,2023-24,IND,MIL,1,0.39336748521123066,0.40293952075342315,0.38381567126170146,0.38380133377939496,0.411630941887813
0022300467,2024-01-03,2023-24,ATL,OKC,1,0.3897780090236238,0.3603514410581106,0.3617709903999111,0.3617722189194066,0.3724903461488568
0022300468,2024-01-03,2023-24,NYK,CHI,1,0.7244617550640189,0.7083196666076327,0.7082433019305285,0.7082357414590508,0.7225897661325209
0022300469,2024-01-03,2023-24,HOU,BKN,1,0.6959323441794293,0.631670333455567,0.6374058197043218,0.6374134538240926,0.672762230501082
0022300470,2024-01-03,2023-24,MEM,TOR,0,0.4368617536871248,0.44807815811358453,0.4469109390848855,0.44682119699032313,0.4583766491172189
0022300471,2024-01-03,2023-24,MIN,NOP,0,0.6684406249822524,0.6376347716433018,0.6213562533248537,0.6213560239885981,0.6237040216649077
0022300472,2024-01-03,2023-24,DAL,POR,1,0.7187380075400566,0.6498791355887298,0.6506571865065183,0.650642657051784,0.6898273957798807
0022300473,2024-01-03,2023-24,PHX,LAC,0,0.45130945535435724,0.4365649180083099,0.43756088072856597,0.4375717741250615,0.4129403563973353
0022300474,2024-01-03,2023-24,UTA,DET,1,0.7613507421594343,0.7417904133062221,0.7419201329766957,0.7419527130449877,0.7620614179075316
0022300475,2024-01-03,2023-24,LAL,MIA,0,0.6009806364618157,0.500541357098081,0.5135656632225669,0.5135073263772753,0.5650420371406877
0022300476,2024-01-03,2023-24,SAC,ORL,1,0.6235400480542547,0.632562929226076,0.6394509106664465,0.6394428256043388,0.6698125409299277
0022300477,2024-01-04,2023-24,SAS,MIL,0,0.21574888102558984,0.17218012820300763,0.1748989115971382,0.174864098724369,0.19443289905033903
0022300478,2024-01-04,2023-24,GSW,DEN,0,0.4396289116541565,0.39976548067449874,0.40181589554235747,0.4018112332011337,0.40184543867576
0022300479,2024-01-05,2023-24,BOS,UTA,1,0.8588963593732748,0.8518008557827655,0.8512558825814415,0.851223631077338,0.8481435748194995
0022300480,2024-01-05,2023-24,IND,ATL,1,0.6063072849025951,0.6121574149203002,0.6336907960319033,0.6336822260737731,0.6163202283018767
0022300481,2024-01-05,2023-24,BKN,OKC,1,0.268606130436003,0.2597203769978234,0.2604674684905785,0.26046508964677073,0.29902403873269795
0022300482,2024-01-05,2023-24,CLE,WAS,1,0.8070578781963849,0.8228808443134061,0.8218857579763513,0.8218930803205239,0.8162945288116321
0022300483,2024-01-05,2023-24,PHI,NYK,0,0.6369861863261149,0.6737403677008874,0.6731293594900564,0.6731356570837896,0.658006933304105
0022300484,2024-01-05,2023-24,CHI,CHA,1,0.7320910342978862,0.690570316823608,0.6459801667617728,0.6459273538459891,0.7371684411752514
0022300485,2024-01-05,2023-24,HOU,MIN,0,0.4328454280809797,0.41372368492061645,0.415152149788866,0.4151671152611946,0.4108749803435064
0022300486,2024-01-05,2023-24,NOP,LAC,0,0.5553601302623609,0.5284725449928103,0.52903740287681,0.5290457934317954,0.5696392876608358
0022300487,2024-01-05,2023-24,DAL,POR,1,0.7214940769981383,0.5706872475210693,0.5747202398760587,0.5746857242867427,0.639758940278994
0022300488,2024-01-05,2023-24,DEN,ORL,0,0.6518490908617858,0.7322395458009402,0.7544601767424555,0.7545260691822019,0.7041976859110175
0022300489,2024-01-05,2023-24,PHX,MIA,1,0.5480352175055602,0.5250567797977214,0.5249782512132245,0.524931221521298,0.5174513199030113
0022300490,2024-01-05,2023-24,GSW,DET,1,0.7879993222949642,0.8052407388384067,0.7908024059104423,0.7908218028225549,0.7870237473141207
0022300491,2024-01-05,2023-24,LAL,MEM,0,0.5916837135524016,0.5607576524557437,0.5709281838707719,0.5709690762534931,0.5563027131244099
0022300492,2024-01-05,2023-24,SAC,TOR,1,0.6114970625413398,0.6220514505252257,0.6407992397577789,0.6408277648771703,0.6320188514376059
0022300493,2024-01-06,2023-24,IND,BOS,0,0.3710521331779042,0.320307830283829,0.33724984362899296,0.337209581869543,0.3262242507375171
0022300494,2024-01-06,2023-24,WAS,NYK,0,0.2197764587311926,0.2142174918987972,0.21468551720512863,0.21468681882187174,0.20638104149152292
0022300495,2024-01-06,2023-24,PHI,UTA,0,0.7745721418051842,0.721390434193304,0.723594836514646,0.723532346754814,0.7239748538299471
0022300496,2024-01-06,2023-24,HOU,MIL,1,0.30678317938323824,0.29968998303370703,0.3006946350482838,0.30072274086448775,0.2818235397735665
0022300497,2024-01-07,2023-24,CLE,SAS,1,0.8427271345631399,0.870791530712769,0.8693306555720473,0.8693343757678315,0.8835503023548064
0022300498,2024-01-07,2023-24,BKN,POR,0,0.7176801770360453,0.7316769837674111,0.739632867341788,0.7396616070778954,0.7279560724464722
0022300499,2024-01-07,2023-24,ORL,ATL,1,0.5852201955962724,0.5849626453743725,0.5854711157147687,0.5854884732971362,0.571763174833125
0022300500,2024-01-07,2023-24,SAC,NOP,0,0.5171766125229114,0.5337505129806165,0.5583580084678141,0.5583545146472201,0.5304618827333661
0022300501,2024-01-07,2023-24,DAL,MIN,1,0.39294888389538585,0.38549387878259356,0.38607322650242615,0.38607432902195793,0.4571756311532104
0022300502,2024-01-07,2023-24,DEN,DET,1,0.8797013999008771,0.8756475328038096,0.8752493965530493,0.8752596800623628,0.8726246941139856
0022300503,2024-01-07,2023-24,PHX,MEM,0,0.6113912230515338,0.6691681618893345,0.7200669968848844,0.7201003322365276,0.6739000115622394
0022300504,2024-01-07,2023-24,GSW,TOR,0,0.5901545641818651,0.510093628204603,0.5134461188820965,0.5134527184082395,0.5097968272976743
0022300505,2024-01-07,2023-24,LAL,LAC,1,0.35796782233188945,0.3137505910572274,0.31547925481990957,0.31547850655845466,0.303279955365534
0022300506,2024-01-08,2023-24,CHA,CHI,0,0.33856396508893694,0.2809147088754545,0.24329026011520657,0.24328140602505624,0.24758641784540292
0022300507,2024-01-08,2023-24,IND,BOS,1,0.30683761428662243,0.37745489582246855,0.37164817554966717,0.37171786714546906,0.34870757504236394
0022300508,2024-01-08,2023-24,WAS,OKC,0,0.17876046042004576,0.1691804341045311,0.1696709154793933,0.1696676892571871,0.1589327727781478
0022300509,2024-01-08,2023-24,MIA,HOU,1,0.5875603782729957,0.595999605216266,0.5953414438557301,0.5953322550399125,0.638537500953721
0022300510,2024-01-08,2023-24,MIL,UTA,0,0.7361187253368003,0.6848520840784267,0.6858610672543277,0.6857945678601649,0.7165065705202576
0022300511,2024-01-08,2023-24,LAC,PHX,1,0.6817912676647082,0.6794044744038792,0.6788054041922025,0.6788138308027349,0.6711703147292793
0022300512,2024-01-09,2023-24,DET,SAC,0,0.25752225000770923,0.2185613626822773,0.2197298611985679,0.2196970234365885,0.23637088783422405
0022300513,2024-01-09,2023-24,ORL,MIN,0,0.432245967303318,0.42391198018621296,0.42498058441201847,0.42499046796617207,0.4074564445875177
0022300514,2024-01-09,2023-24,NYK,POR,1,0.8423387926618912,0.8441319452060445,0.8434688939788995,0.8434706804152612,0.8478998357229038
0022300515,2024-01-09,2023-24,DAL,MEM,0,0.6465268402430618,0.6834888972002138,0.6818368755457861,0.6818667816283099,0.640891813237221
0022300516,2024-01-09,2023-24,LAL,TOR,1,0.518755069638734,0.5040303545530006,0.5043411889548245,0.5043905079104861,0.4583544361677053
0022300517,2024-01-10,2023-24,BOS,MIN,1,0.7597620160899119,0.7761431145534801,0.8070852630787102,0.8070828566922518,0.8215837459123791
0022300518,2024-01-10,2023-24,CHA,SAC,0,0.28774708434974045,0.24471907611726648,0.24739723011793535,0.24744255869744244,0.25579384938868344
0022300519,2024-01-10,2023-24,DET,SAS,0,0.48534136844167636,0.5091161398984864,0.5021597215688488,0.5021407307161663,0.5065447691162369
0022300520,2024-01-10,2023-24,IND,WAS,1,0.8245312814411969,0.8173046788006191,0.7911602887606208,0.7911332424784657,0.7996604053765287
0022300521,2024-01-10,2023-24,ATL,PHI,1,0.44769674532672254,0.30297947613211373,0.30630914349355287,0.3062429387058772,0.37430707490174975
0022300522,2024-01-10,2023-24,MIA,OKC,0,0.39252593199553426,0.3522906523106324,0.3540371736445505,0.3540219494070079,0.38555236606783083
0022300523,2024-01-10,2023-24,CHI,HOU,1,0.5838337255622617,0.5786570365713964,0.5775566588243455,0.5775208196972258,0.6134118314125631
0022300524,2024-01-10,2023-24,UTA,DEN,1,0.4150465995620059,0.39263339459543894,0.3936340851051072,0.3936417291922987,0.3829817318538545
0022300525,2024-01-10,2023-24,GSW,NOP,0,0.39402046857267964,0.38335041323453156,0.3849046407305982,0.38491485511689405,0.35952646263040533
0022300526,2024-01-10,2023-24,LAC,TOR,1,0.7549028069008721,0.7883600297138003,0.7878571379112524,0.7878950852797435,0.7805436301975384
0022300527,2024-01-11,2023-24,CLE,BKN,1,0.6931280416842243,0.7079254890350934,0.7070685204085606,0.7070974063024618,0.7303096137927869
0022300528,2024-01-11,2023-24,MIL,BOS,1,0.4018135734289295,0.4146341815242045,0.4147994691299027,0.4148357442070519,0.46132502211668647
0022300529,2024-01-11,2023-24,OKC,POR,1,0.8446777764120064,0.8492914923812913,0.8715826087789511,0.8715987619223382,0.8418301446812149
0022300530,2024-01-11,2023-24,DAL,NYK,1,0.36606088958205496,0.3175957224063933,0.3194266432203788,0.3193956592298841,0.3557211344219652
0022300531,2024-01-11,2023-24,LAL,PHX,0,0.5062183122768884,0.43253335949177857,0.4564380480568035,0.4564536426712658,0.4731916512823115
0022300532,2024-01-12,2023-24,PHI,SAC,1,0.5960385411337518,0.603212945669893,0.6035916629821251,0.6036351415786497,0.6255512190746945
0022300533,2024-01-12,2023-24,ATL,IND,0,0.45906966494315016,0.47979889872114656,0.47905881301604386,0.47905400561121114,0.4713699359629175
0022300534,2024-01-12,2023-24,DET,HOU,0,0.2744698516440484,0.2054153075316955,0.20638018163153357,0.20633837053053145,0.2621071337208611
0022300535,2024-01-12,2023-24,MIA,ORL,1,0.6009616383329358,0.5387167483775539,0.5406175068678408,0.5405742368075204,0.5655441866825831
0022300536,2024-01-12,2023-24,CHI,GSW,0,0.6364487002420179,0.660644807136463,0.6579473946563343,0.6579351051043536,0.6638343538196583
0022300537,2024-01-12,2023-24,MEM,LAC,0,0.33420334395201784,0.2839984676654044,0.2861039467089928,0.2860692182036003,0.2769450068043299
0022300538,2024-01-12,2023-24,MIN,POR,1,0.9006508599760548,0.90655458002661,0.9091011984890015,0.9091040780732338,0.8943641920390286
0022300539,2024-01-12,2023-24,DEN,NOP,1,0.5093280002137397,0.5099853755692173,0.5087998630724656,0.5087950183248329,0.493653435114141
0022300540,2024-01-12,2023-24,UTA,TOR,1,0.5316988889880971,0.5440390781713575,0.5444637461219343,0.5445069299933853,0.5020232924826076
0022300541,2024-01-12,2023-24,SAS,CHA,1,0.6271017358245254,0.5631277350535961,0.5887745199886217,0.5887548392326684,0.6044835595458626
0022300542,2024-01-13,2023-24,BOS,HOU,1,0.8479985737225834,0.8320350390660045,0.8322179118125537,0.8321966630140317,0.8482571637802858
0022300543,2024-01-13,2023-24,ATL,WAS,0,0.6767727152167565,0.6631896517478774,0.6639216212581293,0.6639076407349782,0.6911761022253126
0022300544,2024-01-13,2023-24,MEM,NYK,0,0.23521484611813348,0.1609175818514798,0.1636521056013517,0.16365490263068444,0.18134849445480342
0022300545,2024-01-13,2023-24,MIL,GSW,1,0.8016008852881208,0.8602192025485877,0.8582637927544022,0.8582508260999261,0.8793618002785678
0022300546,2024-01-13,2023-24,OKC,ORL,1,0.7952623882914462,0.8466771419856653,0.8452959885127089,0.8453027488408341,0.8259194756038977
0022300547,2024-01-13,2023-24,DAL,NOP,0,0.5213887858311198,0.6426036264645498,0.6368580609121669,0.6369544252406956,0.6111608010216839
0022300548,2024-01-13,2023-24,SAS,CHI,0,0.3751048268163437,0.34387470292693123,0.3453168304031691,0.3453029553309241,0.35390162523112484
0022300549,2024-01-13,2023-24,UTA,LAL,1,0.5686254202012525,0.6924934752574505,0.6885643987201936,0.688626546188171,0.5938042864647308
0022300550,2024-01-14,2023-24,DEN,IND,1,0.5950696451291404,0.6181974528587638,0.6163605855251668,0.616389137692517,0.635316867102629
0022300551,2024-01-14,2023-24,MIA,CHA,1,0.8458024831149608,0.8244252294612471,0.814952527158668,0.8149816376569606,0.7976581536761151
0022300552,2024-01-14,2023-24,MIL,SAC,1,0.6765511920104833,0.642384166860776,0.6422628255703066,0.6422254909026375,0.633466063211853
0022300553,2024-01-14,2023-24,MIN,LAC,1,0.5273467876826862,0.5153158118374664,0.5324651284538543,0.5324847107239343,0.5416036821352382
0022300554,2024-01-14,2023-24,POR,PHX,0,0.2630447238297058,0.21472155100691154,0.1436364395227085,0.14360465209202702,0.18632090775756613
0022300555,2024-01-15,2023-24,PHI,HOU,1,0.7009124735843956,0.6850547987945816,0.6917429976377601,0.6916658806919054,0.7091529671302855
0022300556,2024-01-15,2023-24,DAL,NOP,1,0.44337061969881036,0.4169839511778543,0.41669209675957836,0.4166198529610403,0.4151978485898945
0022300557,2024-01-15,2023-24,NYK,ORL,0,0.7503920758055084,0.760456089175674,0.7580410955399374,0.7580105108768629,0.7296165786713438
0022300558,2024-01-15,2023-24,WAS,DET,0,0.7052568403421527,0.6747386566548144,0.6953720709452008,0.6953806040290308,0.7212710211763187
0022300559,2024-01-15,2023-24,ATL,SAS,1,0.6879011662692536,0.6959293683831054,0.6950245447748494,0.6950225226675639,0.6928923334769965
0022300560,2024-01-15,2023-24,MEM,GSW,1,0.5121254076680741,0.5220510031380011,0.5309522087593287,0.5309158791812616,0.3987799897030095
0022300561,2024-01-15,2023-24,CLE,CHI,1,0.6843441660465032,0.6937902706707093,0.7018134367483838,0.7018086622043852,0.7142381053446268
0022300562,2024-01-15,2023-24,BKN,MIA,0,0.5291639924603312,0.5282065753323918,0.527354992771437,0.5274018688870952,0.46916755784596
0022300563,2024-01-15,2023-24,TOR,BOS,0,0.2645128387456363,0.25255485348552714,0.25232363035253136,0.2523306731050821,0.23845571625311482
0022300564,2024-01-15,2023-24,UTA,IND,1,0.6041415503631281,0.5992102102320621,0.6305893326479661,0.6306062696858409,0.6476993268191324
0022300565,2024-01-15,2023-24,LAL,OKC,1,0.2948105980548709,0.28628134901263025,0.2865468951542605,0.2865106208501322,0.3491126936137539
0022300566,2024-01-16,2023-24,PHI,DEN,1,0.4706514339205633,0.4795212272817048,0.4795716461229011,0.47957376810651386,0.4830799291303536
0022300567,2024-01-16,2023-24,PHX,SAC,1,0.5550367621472271,0.5540156936015892,0.5561541380729942,0.5561836323441314,0.5661781772613803
0022300568,2024-01-16,2023-24,LAC,OKC,1,0.6136715957798381,0.5969678891060541,0.596750910644717,0.596740486060382,0.6313852091479705
0022300569,2024-01-17,2023-24,DET,MIN,0,0.13354619341855736,0.15639281403754343,0.15269197927293285,0.15267001091997323,0.16262448571398677
0022300570,2024-01-17,2023-24,ATL,ORL,1,0.4403937106767827,0.439399482632814,0.43951980030830673,0.4395211418243583,0.4238509652221955
0022300571,2024-01-17,2023-24,BOS,SAS,1,0.9190357127139317,0.8900909520302727,0.8902510586143498,0.8902268247810255,0.8785938072515422
0022300572,2024-01-17,2023-24,CLE,MIL,1,0.47412589238599046,0.5178554703990847,0.5162357612434758,0.5162585725630228,0.5422133758946011
0022300573,2024-01-17,2023-24,NYK,HOU,1,0.7367051379487906,0.735248218533179,0.7346866744882218,0.7346563588552347,0.746872221391817
0022300574,2024-01-17,2023-24,TOR,MIA,1,0.44891584136985413,0.39771415445478236,0.39944505421552323,0.39940081058170446,0.4316484030519936
0022300575,2024-01-17,2023-24,NOP,CHA,1,0.873529541395867,0.8680661506422748,0.8619173629100187,0.8619503159038824,0.8480734775546092
0022300577,2024-01-17,2023-24,LAL,DAL,1,0.5310648058075785,0.5584511275398534,0.5570354309628591,0.5570472841332362,0.5535855750546279
0022300578,2024-01-17,2023-24,POR,BKN,1,0.324791292352583,0.34469770242258024,0.3400714588955475,0.3400894921680938,0.37231445335700336
0022300579,2024-01-18,2023-24,NYK,WAS,1,0.8278167224830019,0.8453128002179966,0.8441934277184499,0.8441948341193001,0.8366678388674906
0022300580,2024-01-18,2023-24,TOR,CHI,0,0.520351925328113,0.5479215745784072,0.545950627532687,0.5459564145045498,0.5912459018807515
0022300581,2024-01-18,2023-24,UTA,OKC,0,0.44072119473398474,0.49688600689482015,0.49369113177289936,0.4937523340462116,0.4667870909301317
0022300582,2024-01-18,2023-24,MIN,MEM,1,0.742370546231138,0.7569577585172684,0.7551387582122816,0.7551180991544884,0.772289197538108
0022300583,2024-01-18,2023-24,SAC,IND,0,0.6153123016078146,0.6166693067103941,0.6243826523955205,0.6243594557490869,0.6113203513533736
0022300584,2024-01-19,2023-24,CHA,SAS,1,0.5178276118890538,0.5610586266841182,0.5279348297627615,0.5279110960880171,0.5344505975384282
0022300585,2024-01-19,2023-24,ORL,PHI,0,0.41909448120271525,0.4071629108636955,0.4081449518606762,0.4081469703560832,0.41501790163153246
0022300586,2024-01-19,2023-24,BOS,DEN,0,0.6382319098002666,0.6539365907868309,0.6550986465556713,0.6551061085523933,0.756169315229134
0022300587,2024-01-19,2023-24,MIA,ATL,0,0.6733223553138161,0.6800544399328926,0.6916937053241529,0.6917360006812399,0.6730673119186675
0022300588,2024-01-19,2023-24,NOP,PHX,0,0.6100859797385031,0.5955419766180647,0.5976417144459479,0.5976766031268167,0.6084364940499154
0022300590,2024-01-19,2023-24,POR,IND,1,0.3503062913212419,0.3108304573010078,0.2870692679733971,0.2870444288528454,0.3090398465175587
0022300591,2024-01-19,2023-24,LAL,BKN,0,0.6331619496338077,0.617755538717805,0.6173060859083086,0.617285992403766,0.6538939217807309
0022300592,2024-01-20,2023-24,DET,MIL,0,0.2124297536583332,0.16687777928579217,0.16754940241165994,0.16750730887540427,0.16395975427571327
0022300593,2024-01-20,2023-24,CHA,PHI,0,0.2086330960998652,0.20636192618132293,0.1891095344148952,0.18908852126829578,0.18875444800654115
0022300594,2024-01-20,2023-24,WAS,SAS,0,0.6643738432245745,0.668597910594518,0.6772501704042956,0.6772650190913957,0.6620128159127435
0022300595,2024-01-20,2023-24,ATL,CLE,0,0.29669206010679283,0.2937028546839623,0.2932657907613698,0.29327911564992826,0.2982000036400462
0022300596,2024-01-20,2023-24,NYK,TOR,1,0.6846883415915378,0.6806808734984214,0.6815071793041177,0.681531649347219,0.7063357336749913
0022300597,2024-01-20,2023-24,CHI,MEM,1,0.6462055555638883,0.6326245202690867,0.6460649749822032,0.6459884272238909,0.6956127039476769
0022300598,2024-01-20,2023-24,HOU,UTA,1,0.46246947211497424,0.46500651803067966,0.46437705964112835,0.4643609246808588,0.4599188805681453
0022300599,2024-01-20,2023-24,MIN,OKC,0,0.5424149432969,0.5275537177661025,0.5266388593883918,0.5266456181948063,0.5296350727827205
0022300600,2024-01-21,2023-24,LAC,BKN,1,0.781831266378561,0.7852729836118711,0.7835242106573975,0.783528489046741,0.7920994710375261
0022300601,2024-01-21,2023-24,ORL,MIA,1,0.5013494049408102,0.5087140701107428,0.5090804291170724,0.5090921114265464,0.4950529239166529
0022300602,2024-01-21,2023-24,WAS,DEN,0,0.18664127509742257,0.1985029763863025,0.1889489702648932,0.18894825499457257,0.1637501137526583
0022300603,2024-01-21,2023-24,HOU,BOS,0,0.20000689899760843,0.17341716684499034,0.17469625401463787,0.1746892833074118,0.21211000680189807
0022300604,2024-01-21,2023-24,PHX,IND,1,0.574738465029308,0.6109399545891395,0.649832992480732,0.6498440142713394,0.6464199244396555
0022300605,2024-01-21,2023-24,LAL,POR,1,0.7310609980503826,0.6646500247459746,0.6972724529865258,0.6972397893779317,0.727956369464048
0022300606,2024-01-22,2023-24,DET,MIL,0,0.16919426771782198,0.1703145467842705,0.17036843914087257,0.17035553680528265,0.17332623297005473
0022300607,2024-01-22,2023-24,ORL,CLE,0,0.33756060061282267,0.3087946500914964,0.30924397201388765,0.3092373398436544,0.30475949829080295
0022300608,2024-01-22,2023-24,PHI,SAS,1,0.8563492666430939,0.856670029267018,0.8537998151622573,0.8537919334457504,0.8398769847524594
0022300609,2024-01-22,2023-24,TOR,MEM,0,0.6780229251128224,0.7023898211976398,0.6995938579437478,0.6995475433801528,0.7254626539452513
0022300610,2024-01-22,2023-24,MIN,CHA,0,0.8871093563639685,0.8715048382362807,0.8951042999639682,0.8951066290400902,0.9003123656097715
0022300611,2024-01-22,2023-24,DAL,BOS,0,0.3798887180819905,0.3852185845487448,0.38297537080210026,0.38299397336546365,0.2760358024841819
0022300612,2024-01-22,2023-24,PHX,CHI,1,0.5846984581637071,0.577873693841787,0.5849799391701105,0.5849528923434907,0.5986597275646431
0022300613,2024-01-22,2023-24,SAC,ATL,1,0.6961862541623653,0.7281838264401121,0.7246643427184387,0.7246803591208377,0.7037311359979996
0022300614,2024-01-23,2023-24,IND,DEN,0,0.421234094698468,0.4159900287452445,0.4138795790926748,0.41390969243084047,0.3571824030137298
0022300615,2024-01-23,2023-24,BKN,NYK,0,0.31754588715958154,0.3158094097856057,0.3162651811777873,0.3162834273177296,0.3140601703895738
0022300616,2024-01-23,2023-24,NOP,UTA,1,0.623901202217859,0.6132487113634171,0.613101874512503,0.613102972340346,0.6682767975972076
0022300617,2024-01-23,2023-24,OKC,POR,1,0.8832765348514978,0.872589361679767,0.8725207151838902,0.8725306786200215,0.8429878798735271
0022300618,2024-01-23,2023-24,LAC,LAL,1,0.7400459948887416,0.7723276919914859,0.7701259506765881,0.7701729614972561,0.7623555733651559
0022300619,2024-01-24,2023-24,DET,CHA,1,0.5617212575492566,0.5840367008425997,0.5686065712482856,0.5685679012306117,0.552697346307331
0022300620,2024-01-24,2023-24,WAS,MIN,0,0.23589562077246562,0.23132980981771176,0.23705892888322422,0.23704439833783636,0.23211846242641881
0022300621,2024-01-24,2023-24,MIA,MEM,0,0.6722290009794952,0.7077463795621222,0.7047768850381808,0.7047939835636728,0.7267649248062915
0022300622,2024-01-24,2023-24,SAS,OKC,0,0.25140228372976386,0.2007683562945436,0.20253078202154673,0.20248788932434392,0.23294929151001126
0022300623,2024-01-24,2023-24,HOU,POR,0,0.7474273800655193,0.7014843120256895,0.7093431172563314,0.7093550583430277,0.7724007024620818
0022300624,2024-01-24,2023-24,MIL,CLE,1,0.5124921032254943,0.5185696324921701,0.5240683289746702,0.5240839332357529,0.5145848573993261
0022300625,2024-01-24,2023-24,DAL,PHX,0,0.43335185086302896,0.40183067349805385,0.4036515184777107,0.4036067345460124,0.42946501826411154
0022300626,2024-01-24,2023-24,GSW,ATL,1,0.6462541868334821,0.6537412278090567,0.6516817252796568,0.6516898366158476,0.6362514469357721
0022300627,2024-01-25,2023-24,IND,PHI,1,0.41614244950897333,0.4446463394293243,0.4785007053194395,0.4785456082727001,0.42010259600860145
0022300628,2024-01-25,2023-24,WAS,UTA,0,0.2798224345613188,0.29452513455603957,0.29364356550467297,0.29361512587428057,0.2658038583653534
0022300629,2024-01-25,2023-24,BKN,MIN,0,0.4598472010921543,0.4374202212925197,0.43788317857215536,0.4378556257689853,0.4341808584883071
0022300630,2024-01-25,2023-24,MIA,BOS,0,0.17718387350774645,0.16283952862594248,0.16459280392741826,0.1646005074363308,0.2093825109797638
0022300631,2024-01-25,2023-24,NYK,DEN,1,0.5871730088241949,0.5852462964094367,0.5856410947875865,0.585635813258703,0.611968251121726
0022300632,2024-01-25,2023-24,GSW,SAC,0,0.4169025714089272,0.4202912227108673,0.4213100119479627,0.4213610150213217,0.45975200668095056
0022300633,2024-01-25,2023-24,LAL,CHI,1,0.4907764393230392,0.46393525736941277,0.46592460851455153,0.4658786600708181,0.5336457662888084
0022300634,2024-01-26,2023-24,ATL,DAL,0,0.4886989410312582,0.4829584988905344,0.4822854389598401,0.4823097721346572,0.4378247549107883
0022300635,2024-01-26,2023-24,CHA,HOU,0,0.33980037484539277,0.35076354772248125,0.3473869652437955,0.3473659289252594,0.33994492358522
0022300636,2024-01-26,2023-24,IND,PHX,1,0.43225116988094103,0.4174485860407647,0.4353782306803599,0.43540224783589354,0.40413858181075046
0022300637,2024-01-26,2023-24,TOR,LAC,0,0.32636861299456393,0.2918285828770758,0.292695454814688,0.2926480407581327,0.305293987710312
0022300638,2024-01-26,2023-24,MEM,ORL,1,0.46498678834975116,0.44270645149405924,0.4443670598448804,0.4443704115536356,0.3932542470167715
0022300639,2024-01-26,2023-24,MIL,CLE,0,0.5331672155413124,0.5400447097590814,0.538905594995166,0.5388970948184992,0.5786949154206025
0022300640,2024-01-26,2023-24,NOP,OKC,0,0.512081157882639,0.47662814970232026,0.4576676621856311,0.45764349298955836,0.4713480689350661
0022300641,2024-01-26,2023-24,SAS,POR,1,0.46445416725854927,0.4762310874511714,0.47746738581540726,0.47751168632144897,0.5391997181126221
0022300642,2024-01-27,2023-24,DET,WAS,0,0.5368772822368273,0.5481230761007991,0.5454474331257206,0.5454042603858216,0.5701342167626225
0022300643,2024-01-27,2023-24,NYK,MIA,1,0.8175989119763901,0.8141519151576048,0.8106599906171928,0.8106380226672005,0.8203044519901385
0022300644,2024-01-27,2023-24,DEN,PHI,1,0.5507235127084461,0.6070348655076384,0.603766859660552,0.6038002160335992,0.6808492757024359
0022300645,2024-01-27,2023-24,BKN,HOU,1,0.6072090650887719,0.5530182028807047,0.5526700979974785,0.5526314617822161,0.5908925805436771
0022300646,2024-01-27,2023-24,BOS,LAC,0,0.7038188051343717,0.7144897548330696,0.6968752519900966,0.6968256513568883,0.7133968980044129
0022300647,2024-01-27,2023-24,CHA,UTA,0,0.1965571670456176,0.18181732388741081,0.18173554329866193,0.18169725897741237,0.2053302941056355
0022300648,2024-01-27,2023-24,MIL,NOP,1,0.6443163903024473,0.6089021168410024,0.6061717565517285,0.6060900581377947,0.5558311938736333
0022300649,2024-01-27,2023-24,SAS,MIN,1,0.18684565798051692,0.2101095808046943,0.2095355411558329,0.20952294089794365,0.19959162750307177
0022300650,2024-01-27,2023-24,GSW,LAL,0,0.5514674094227642,0.5899015720041382,0.5888494481322446,0.5888819967113219,0.502357157265097
0022300651,2024-01-27,2023-24,DAL,SAC,0,0.4276664103785467,0.4113726296281794,0.3620883859248738,0.3620402088809761,0.39609952227019407
0022300652,2024-01-28,2023-24,IND,MEM,1,0.6961098731390637,0.6749827543575027,0.6750088847645727,0.6749770335630021,0.6900361345783802
0022300653,2024-01-28,2023-24,ATL,TOR,1,0.5056626057653393,0.5388459511040044,0.47974201406196065,0.47975318342074635,0.4848708875078263
0022300654,2024-01-28,2023-24,DET,OKC,1,0.10983899346780514,0.10969878033344987,0.10936002526925044,0.10934544994228014,0.1303069153565773
0022300655,2024-01-28,2023-24,ORL,PHX,1,0.44758361439529304,0.4831373018035289,0.47016047482592194,0.47019803858541387,0.4330982922025256
0022300656,2024-01-28,2023-24,POR,CHI,0,0.30690522406459364,0.31615719166676726,0.3685464048430223,0.36854648983142657,0.4008010535125402
0022300657,2024-01-29,2023-24,CHA,NYK,0,0.12123683519567625,0.130468623108491,0.15922998891059773,0.15927500782281545,0.12290954723817925
0022300658,2024-01-29,2023-24,CLE,LAC,1,0.5486121629812667,0.5195108046195972,0.5109065509291234,0.5109022354031214,0.5453118147631212
0022300659,2024-01-29,2023-24,BOS,NOP,1,0.7059545486610626,0.7132502774400564,0.712540415123974,0.7125029000740636,0.7515962532714952
0022300660,2024-01-29,2023-24,BKN,UTA,1,0.45965294331770884,0.44735359661648627,0.4478964552806839,0.4478292398628075,0.5096162642744769
0022300661,2024-01-29,2023-24,MIA,PHX,0,0.5046920705279384,0.45717094455644425,0.4594185688241714,0.45944304550066817,0.431942244338787
0022300662,2024-01-29,2023-24,HOU,LAL,1,0.5112189731673422,0.5443946986031809,0.502624198199935,0.5026417329206009,0.46979285988351466
0022300663,2024-01-29,2023-24,MEM,SAC,0,0.32162965524869014,0.24212138205424236,0.22192678575328617,0.22192212843787906,0.23322789095951263
0022300664,2024-01-29,2023-24,OKC,MIN,0,0.5489171573583101,0.5803235156987175,0.5873543792888553,0.5873317438803489,0.5996564995623638
0022300665,2024-01-29,2023-24,SAS,WAS,0,0.5817370237409836,0.5744285964419132,0.5740591217493607,0.5740398291034808,0.5890603589390426
0022300666,2024-01-29,2023-24,DAL,ORL,1,0.6084574393194309,0.6725901164824837,0.6709181756068326,0.6708816548931625,0.6209655032306876
0022300667,2024-01-29,2023-24,DEN,MIL,1,0.5699104681688102,0.5610722699499774,0.5595959649713036,0.5595865943414312,0.49310150712328216
0022300668,2024-01-29,2023-24,POR,PHI,1,0.264768332534681,0.25872692653376034,0.27138589667532165,0.27133583358730273,0.29616063078938676
0022300669,2024-01-30,2023-24,ATL,LAL,1,0.5004421127843689,0.597344190049099,0.5960209695941088,0.5960654628781995,0.5680753965698967
0022300670,2024-01-30,2023-24,BOS,IND,1,0.7520400978055487,0.7299327830494977,0.728406859752988,0.7283877254764373,0.7225523757323747
0022300671,2024-01-30,2023-24,NYK,UTA,1,0.7899883557255925,0.798968004155723,0.7986160749703012,0.7985866858221217,0.7857316824225252
0022300672,2024-01-30,2023-24,CHI,TOR,0,0.6582089621179201,0.6589015565754712,0.6579811701242158,0.6579632470487753,0.6768299040112152
0022300673,2024-01-30,2023-24,GSW,PHI,1,0.5953806425489774,0.58587112788277,0.5393238438818152,0.5393504601506516,0.49519238280622135
0022300674,2024-01-31,2023-24,CHA,CHI,0,0.3157271622262009,0.3053557773766509,0.3057500740402146,0.3057537747406603,0.3157913529352671
0022300675,2024-01-31,2023-24,CLE,DET,1,0.8876927508085146,0.8867510371754799,0.8924000395971673,0.89242899116433,0.858419417026888
0022300676,2024-01-31,2023-24,WAS,LAC,0,0.18310947352772855,0.17661146660304533,0.20204892322242018,0.20205387051442544,0.1952206692604441
0022300677,2024-01-31,2023-24,BKN,PHX,0,0.43339579410191503,0.38651602175640204,0.38855885916416033,0.3885661627101167,0.4198997880596901
0022300678,2024-01-31,2023-24,MIA,SAC,1,0.40800933108284354,0.3610390783304295,0.364031288142541,0.3640492709461174,0.3466435253540238
0022300679,2024-01-31,2023-24,HOU,NOP,0,0.43068428955938154,0.46968948085145096,0.5194997404755592,0.5195562522562904,0.4682730861955269
0022300680,2024-01-31,2023-24,MIN,DAL,1,0.6986414491503129,0.7547951155115936,0.7530164745597884,0.7531140970338847,0.718031561035633
0022300681,2024-01-31,2023-24,SAS,ORL,0,0.3448036333230769,0.3045565477778194,0.306180886496536,0.3061371957431866,0.2586677421067253
0022300682,2024-01-31,2023-24,OKC,DEN,1,0.5921507970009229,0.5956522627204651,0.5970476810812859,0.5969805014575567,0.6301518208938551
0022300683,2024-01-31,2023-24,POR,MIL,1,0.2416278786111177,0.2470313041294195,0.24721492181105048,0.24720827060031628,0.25625539661006175
0022300684,2024-02-01,2023-24,BOS,LAL,0,0.8479524917001797,0.879647962362227,0.8781046207913308,0.8781148529469109,0.8686034908231703
0022300685,2024-02-01,2023-24,NYK,IND,1,0.7195831308493037,0.7216958159423824,0.7216821292640532,0.7216461170310576,0.7254628141432391
0022300686,2024-02-01,2023-24,UTA,PHI,0,0.5053080998543138,0.5724610155469336,0.5612928823317866,0.561342619136005,0.549790310603853
0022300687,2024-02-01,2023-24,MEM,CLE,0,0.3107919035790319,0.29493816933657807,0.3183826641827486,0.3184424306219364,0.26408926306124614
0022300688,2024-02-02,2023-24,DET,LAC,0,0.1875945150480385,0.1899625670364098,0.18867617908291545,0.18863463493760743,0.1668610050233367
0022300689,2024-02-02,2023-24,WAS,MIA,0,0.3853974785391262,0.3641269727277241,0.36477074576899926,0.3647304440547106,0.384482529346618
0022300690,2024-02-02,2023-24,ATL,PHX,1,0.34816541974218623,0.2896852447124094,0.2912420349668665,0.2912310819015208,0.29998169704184036
0022300691,2024-02-02,2023-24,IND,SAC,0,0.505651314909279,0.4041585483601842,0.4075301387928004,0.4075367647832451,0.38941961578324047
0022300692,2024-02-02,2023-24,HOU,TOR,1,0.5901774802249103,0.5993900016644117,0.5990542585667746,0.599069487074695,0.5854008936164161
0022300693,2024-02-02,2023-24,MEM,GSW,0,0.3517041894100684,0.3816297344087386,0.37516996861371493,0.3752141261547758,0.3553463553026536
0022300694,2024-02-02,2023-24,MIN,ORL,0,0.6643753470994306,0.6375740130693567,0.6573704335037585,0.657399190918064,0.62817960531916
0022300695,2024-02-02,2023-24,OKC,CHA,1,0.9122238665328163,0.9139385616838538,0.9138575862211757,0.9138571377861857,0.9000698147838307
0022300696,2024-02-02,2023-24,SAS,NOP,0,0.23982997614082008,0.21905719337306775,0.2383640119815868,0.23837224169250693,0.21648752070775684
0022300697,2024-02-02,2023-24,DEN,POR,1,0.7557404467450651,0.7550742833110939,0.762144378705572,0.7621690859144505,0.7955373447005619
0022300698,2024-02-03,2023-24,PHI,BKN,0,0.6254721608133503,0.5705207335295456,0.5319937667996527,0.5320162718747531,0.505049393887977
0022300699,2024-02-03,2023-24,ATL,GSW,1,0.47352651312053623,0.44242905997491194,0.4435755657600622,0.44347972202764685,0.5289119950355201
0022300700,2024-02-03,2023-24,CHI,SAC,0,0.5462465619773684,0.5005152365448963,0.5021049026260719,0.5021170290843263,0.474614230188599
0022300701,2024-02-03,2023-24,NYK,LAL,0,0.8058357231008799,0.814401191927547,0.813305512274619,0.8133270291593145,0.7695515499401303
0022300702,2024-02-03,2023-24,DAL,MIL,0,0.3181487321119808,0.38930318876319187,0.3883940555641092,0.3884029671160876,0.4297719873273818
0022300703,2024-02-03,2023-24,SAS,CLE,0,0.14163012488871377,0.1629163815939125,0.16247124466135734,0.16247134643854946,0.15886029610897243
0022300704,2024-02-04,2023-24,DET,ORL,0,0.256726635849384,0.24421545945427423,0.24654086574765255,0.24654036386569045,0.24377438347149116
0022300705,2024-02-04,2023-24,WAS,PHX,0,0.2363930509534575,0.19893579262722452,0.20097279380459562,0.2009511542909306,0.2453590296532532
0022300706,2024-02-04,2023-24,BOS,MEM,1,0.8714235442469573,0.9089153816718535,0.9390320650645021,0.939043736701045,0.9071055526035454
0022300707,2024-02-04,2023-24,CHA,IND,0,0.24758970666817695,0.1953010940164945,0.16679159526904788,0.16678105918666258,0.18169371386654515
0022300708,2024-02-04,2023-24,MIA,LAC,0,0.29866247869542756,0.2864911902553788,0.28912803159834716,0.28913318705739643,0.2645833741651495
0022300709,2024-02-04,2023-24,MIN,HOU,1,0.7032208638325739,0.6844837078242318,0.7019921326745988,0.7020012584510192,0.6959810919007833
0022300710,2024-02-04,2023-24,OKC,TOR,1,0.7840551801272202,0.8005624328120151,0.8004449819818124,0.8004402390814535,0.7754652170535519
0022300711,2024-02-04,2023-24,UTA,MIL,1,0.49890140279568806,0.5591148297541594,0.5353345705892916,0.5353708386441893,0.5646614478197545
0022300712,2024-02-04,2023-24,DEN,POR,1,0.8052127665551968,0.8532121546514528,0.8516856803872068,0.8517023255979259,0.8572705952084761
0022300713,2024-02-05,2023-24,CHA,LAL,0,0.15771417811100144,0.1750316730074817,0.15408328923223724,0.15410793225269057,0.13247320726674486
0022300714,2024-02-05,2023-24,CLE,SAC,1,0.6453263235260875,0.6273120059498661,0.6499289054575335,0.6499642185272133,0.6675286121857447
0022300715,2024-02-05,2023-24,PHI,DAL,0,0.5745280730877109,0.572991732357576,0.5830030553133975,0.5830372176086261,0.5913692451682472
0022300716,2024-02-05,2023-24,ATL,LAC,0,0.367697276150877,0.30175685149283976,0.30317191490724915,0.3031659337482688,0.307616141119684
0022300717,2024-02-05,2023-24,BKN,GSW,0,0.5667644255045033,0.5236338816729811,0.523443889622878,0.5234636594757514,0.5251601535780711
0022300718,2024-02-05,2023-24,NOP,TOR,1,0.7902638883627827,0.7964898473043843,0.8025890082232696,0.8026188213002055,0.799674637878202
0022300719,2024-02-06,2023-24,IND,HOU,1,0.598155402042625,0.6603547579199368,0.6875688188451469,0.6875498831728625,0.6699809065739613
0022300720,2024-02-06,2023-24,BKN,DAL,0,0.6109689665309063,0.521482321722212,0.5246104303548952,0.5245979174733586,0.5180012855010588
0022300721,2024-02-06,2023-24,MIA,ORL,1,0.42516626606724733,0.42325154647827284,0.4249909258187362,0.42502954815393434,0.47882202217760356
0022300722,2024-02-06,2023-24,NYK,MEM,1,0.8913946935636917,0.8794931176811239,0.8781558406661789,0.8781235269826634,0.8825375248033529
0022300723,2024-02-06,2023-24,CHI,MIN,1,0.35709057525135013,0.33147141393108315,0.3359816899952066,0.3359603084206688,0.3506985198543153
0022300724,2024-02-06,2023-24,UTA,OKC,1,0.381643485926373,0.37698367817187634,0.37688876288567025,0.3769022964801332,0.3704772678398257
0022300725,2024-02-06,2023-24,PHX,MIL,1,0.5917001332281515,0.6910503305061017,0.6870500815315794,0.687038213250833,0.6236513427646428
0022300726,2024-02-07,2023-24,CHA,TOR,0,0.3115953753214743,0.3450399704854612,0.34449146992481455,0.3444745874778923,0.30053378033712635
0022300727,2024-02-07,2023-24,PHI,GSW,0,0.48230402887176577,0.43448472783702724,0.43732830868739975,0.4372796065246771,0.5001786446073339
0022300728,2024-02-07,2023-24,WAS,CLE,0,0.16860496483719295,0.1520043587021705,0.15249781705764553,0.15248664245379664,0.14707232635512887
0022300729,2024-02-07,2023-24,BOS,ATL,1,0.8253822637233061,0.8165473948138555,0.8167501795668245,0.8167391425556985,0.8525185161408145
0022300730,2024-02-07,2023-24,MIA,SAS,1,0.7048578308896684,0.7017395065052187,0.7023136768436609,0.7022929737052773,0.7105257429924314
0022300731,2024-02-07,2023-24,LAC,NOP,0,0.6743059355261859,0.6993935238809066,0.7004694203924428,0.700479532081536,0.6938027294044238
0022300732,2024-02-07,2023-24,SAC,DET,0,0.80001225859157,0.8089203198332343,0.8579052907210123,0.8579634332359269,0.8181898532932634
0022300733,2024-02-08,2023-24,IND,GSW,0,0.6658408437054062,0.6568643433832564,0.6749208904406898,0.6749056302452576,0.681452986166047
0022300734,2024-02-08,2023-24,ORL,SAS,1,0.8253492501414271,0.7987667125438428,0.7991662002248722,0.7991695139449693,0.8352723988171212
0022300735,2024-02-08,2023-24,BKN,CLE,0,0.357296033511746,0.33135999817233924,0.3336294473300864,0.33362068565696207,0.29504174412785644
0022300736,2024-02-08,2023-24,NYK,DAL,0,0.7320602686465091,0.7055671170631691,0.7069607596685255,0.7069824064179854,0.7421035415532629
0022300737,2024-02-08,2023-24,MEM,CHI,0,0.394237225898504,0.38659966927299916,0.3515493456111269,0.35150425629389564,0.3873402170697622
0022300738,2024-02-08,2023-24,MIL,MIN,0,0.4780600818541108,0.5088638232551345,0.4790960952547537,0.4790233790888025,0.48189132429717074
0022300739,2024-02-08,2023-24,PHX,UTA,1,0.6597358587742354,0.5641690629347467,0.5855162433464864,0.5854697575510178,0.6373749022727159
0022300740,2024-02-08,2023-24,LAL,DEN,0,0.4226893660176496,0.3964950554180609,0.3986291105499066,0.3986097842946685,0.4019473974585817
0022300741,2024-02-08,2023-24,POR,DET,0,0.6414666564872825,0.7191032985546921,0.6240925146797671,0.6240795719518121,0.710725945838294
0022300742,2024-02-09,2023-24,PHI,ATL,0,0.5782673266298242,0.5664013186693369,0.53738668434365,0.5373702897607645,0.5091748732222064
0022300743,2024-02-09,2023-24,BOS,WAS,1,0.9090190409554327,0.9084196566669569,0.9080361042414149,0.9080365656663336,0.9363430653955602
0022300744,2024-02-09,2023-24,TOR,HOU,1,0.505561591615768,0.5148939189178159,0.5133042168758882,0.5132738127239511,0.4789765787784426
0022300745,2024-02-09,2023-24,MIL,CHA,1,0.8254843218966033,0.8429758675580152,0.8471796511953984,0.8471862174718449,0.8606210101709962
0022300746,2024-02-09,2023-24,SAC,DEN,1,0.5196452573198352,0.5081716855458757,0.5608952894304404,0.5609014320040698,0.5331249643797067
0022300747,2024-02-09,2023-24,LAL,NOP,1,0.3589050905839161,0.3703609291497613,0.3690159580496609,0.36896240785506584,0.42433058657405315
0022300748,2024-02-10,2023-24,DAL,OKC,1,0.380784447613109,0.38277908131308486,0.39122235691162177,0.3911939059748373,0.37619601922183604
0022300749,2024-02-10,2023-24,LAC,DET,1,0.8985870689224696,0.9047944788014677,0.903880321648815,0.9038827731198595,0.8894815323382789
0022300750,2024-02-10,2023-24,BKN,SAS,1,0.6711634670466364,0.6815952275574242,0.6825227914527737,0.6825330259697499,0.6984078497636695
0022300751,2024-02-10,2023-24,CHA,MEM,1,0.2870706370076672,0.29009096547496516,0.30346538687799607,0.3034687634405097,0.44623823106644667
0022300752,2024-02-10,2023-24,ORL,CHI,1,0.5718620869688446,0.6146770083802537,0.6125206644936028,0.6125306866496691,0.6378220399392297
0022300753,2024-02-10,2023-24,WAS,PHI,0,0.4483626854949205,0.4146483070540839,0.4139639221741911,0.4139639632080088,0.40653403828922174
0022300754,2024-02-10,2023-24,ATL,HOU,1,0.5568639271500413,0.5427362717366047,0.5415517119786055,0.5415749620815327,0.5473830972798839
0022300755,2024-02-10,2023-24,NYK,IND,0,0.6554612930980435,0.6609530734742445,0.6618854263167636,0.6618880337719536,0.6306398461180825
0022300756,2024-02-10,2023-24,TOR,CLE,0,0.20262558436786043,0.18880320652400878,0.18906354222527474,0.18906383598607965,0.2002190139796606
0022300757,2024-02-10,2023-24,GSW,PHX,1,0.5687268394299098,0.5722565290367024,0.5712284914110126,0.5712013101068526,0.4755029175175874
0022300758,2024-02-10,2023-24,POR,NOP,0,0.3014816073492804,0.31077776465761703,0.30266138551056343,0.302669368083662,0.33224551846584344
0022300759,2024-02-11,2023-24,MIA,BOS,0,0.27475886191796617,0.215015754222306,0.2172060911147618,0.21720370414786178,0.2398194157152805
0022300760,2024-02-11,2023-24,OKC,SAC,1,0.5708419040082993,0.600091777655686,0.5987302521915115,0.5987467088182518,0.5779956055436984
0022300761,2024-02-12,2023-24,CHA,IND,1,0.27434844897408833,0.2898359831403822,0.27358708678331434,0.2735352405930064,0.3444054395954973
0022300762,2024-02-12,2023-24,CLE,PHI,0,0.8061792323066244,0.8453006664841335,0.8432937783411383,0.8432913968141925,0.8647098713105754
0022300763,2024-02-12,2023-24,ATL,CHI,0,0.5018743513674445,0.5450942541833544,0.5430208017886958,0.5430694381218106,0.5291839306845662
0022300764,2024-02-12,2023-24,TOR,SAS,0,0.6888261198948559,0.6931187663055036,0.6918050267499497,0.6918396442278817,0.6973166012177592
0022300765,2024-02-12,2023-24,HOU,NYK,1,0.40158593448324886,0.39212186388355763,0.3944332014323451,0.3943991605274686,0.4031809723615631
0022300766,2024-02-12,2023-24,MEM,NOP,0,0.3109490898556804,0.30403144633408885,0.3158126062486079,0.3156963735239804,0.3248765173379269
0022300767,2024-02-12,2023-24,MIL,DEN,1,0.5558685155684329,0.5468800068250528,0.5433699364005324,0.5433683889694264,0.48607333213347687
0022300768,2024-02-12,2023-24,DAL,WAS,1,0.8123039488273031,0.8262281520756548,0.8254657713052834,0.8254633342277801,0.8255434385888841
0022300769,2024-02-12,2023-24,UTA,GSW,0,0.43446038699099115,0.42626622444163886,0.42658962619132573,0.42661079182403755,0.4317542078725347
0022300770,2024-02-12,2023-24,LAC,MIN,0,0.5899900791814365,0.5799392421625882,0.5803115949790231,0.5803098679750752,0.5872098176962959
0022300771,2024-02-13,2023-24,BKN,BOS,0,0.2415469050221159,0.265334883578075,0.26514450072521856,0.26519189325154136,0.20964502388201223
0022300772,2024-02-13,2023-24,ORL,OKC,0,0.4712074950378189,0.46860388656064805,0.46685484365078916,0.4668372606749983,0.44463779840915346
0022300773,2024-02-13,2023-24,MIL,MIA,0,0.603255960314737,0.6963135582100992,0.6795313249782123,0.6795811860038599,0.6422152980599646
0022300774,2024-02-13,2023-24,PHX,SAC,1,0.6522586850892959,0.6744510548854216,0.6823715747683509,0.6823910425469212,0.6525260117034962
0022300775,2024-02-13,2023-24,POR,MIN,0,0.2461406462602858,0.24527963901928054,0.2349794437278427,0.23494878163063704,0.25512564512084374
0022300776,2024-02-13,2023-24,LAL,DET,1,0.7822773577773444,0.7764849227309696,0.7756733750816932,0.7756641649406747,0.783079298830657
0022300777,2024-02-14,2023-24,CHA,ATL,1,0.41125648671133724,0.4576480655576448,0.452960793218733,0.45293088534231934,0.42886471849845575
0022300778,2024-02-14,2023-24,ORL,NYK,1,0.4233982008158297,0.40492556626162923,0.4330640767298342,0.433009221698276,0.41380838243277995
0022300779,2024-02-14,2023-24,PHI,MIA,0,0.5431617315323296,0.5189972563212949,0.5208252179753641,0.5208348471041724,0.49627082506866405
0022300780,2024-02-14,2023-24,BOS,BKN,1,0.851757004591746,0.8619350918869506,0.861225108403754,0.8611739645914402,0.880413771919115
0022300781,2024-02-14,2023-24,CLE,CHI,1,0.7529299019266125,0.7553605312483638,0.7548535115680748,0.7548539898416335,0.7529845931494688
0022300782,2024-02-14,2023-24,TOR,IND,0,0.35809060311110363,0.39444788791819657,0.3925140859628536,0.3925551371872845,0.4157806672275996
0022300783,2024-02-14,2023-24,MEM,HOU,1,0.49866556571799153,0.49306604807218213,0.4811662752047784,0.4810751610659845,0.5211244432652107
0022300784,2024-02-14,2023-24,NOP,WAS,1,0.8639604069843044,0.8811017307770277,0.8854395208225379,0.8854563653916432,0.8787299168340702
0022300785,2024-02-14,2023-24,DAL,SAS,1,0.7958665772158913,0.7598636740989148,0.760919378963682,0.7609122215885605,0.7700427460809435
0022300786,2024-02-14,2023-24,DEN,SAC,0,0.6789291903446163,0.629764799612979,0.5666869809077181,0.5666047857646029,0.6603348041892182
0022300787,2024-02-14,2023-24,PHX,DET,1,0.8576647392705339,0.8437144883569145,0.8438806851949321,0.8438627934640934,0.7942850773337453
0022300788,2024-02-14,2023-24,UTA,LAL,0,0.532443046690035,0.5687749951953713,0.5471063049310423,0.5472005098647363,0.4952387817732018
0022300789,2024-02-14,2023-24,GSW,LAC,0,0.48722409078258777,0.5922255028679949,0.5891962630861914,0.5891916567673784,0.6027090633950299
0022300576,2024-02-15,2023-24,UTA,GSW,0,0.39721234184722715,0.38918274048292406,0.3901990276226748,0.3902205354320152,0.37764443098206174
0022300790,2024-02-15,2023-24,MEM,MIL,1,0.3460605921492771,0.21433943499451147,0.21801381848493626,0.2179272963279784,0.22279527342037592
0022300791,2024-02-15,2023-24,POR,MIN,0,0.19683168829921474,0.20297873941157388,0.1975041598046513,0.19748640742638607,0.19390502173566707
0022300792,2024-02-22,2023-24,CLE,ORL,0,0.7404278952789574,0.7136124979229245,0.6425595725399011,0.6425806280739246,0.6707020246463193
0022300793,2024-02-22,2023-24,IND,DET,1,0.7427428364732624,0.7188071274541628,0.7255577513733211,0.7255436201483316,0.7623057914071608
0022300794,2024-02-22,2023-24,PHI,NYK,0,0.4027143934990164,0.4291898097332771,0.429740846089677,0.42970506164467837,0.45565090564676136
0022300795,2024-02-22,2023-24,TOR,BKN,1,0.5154933087239105,0.48421781695596267,0.48452955945764564,0.48449707269318776,0.4900506361621182
0022300796,2024-02-22,2023-24,DAL,PHX,1,0.5245103396291322,0.5000324210117854,0.5019460677493139,0.5019236153166298,0.5428425824576564
0022300797,2024-02-22,2023-24,CHI,BOS,0,0.2832498941217824,0.28839993399369335,0.28918873755697083,0.28914876277226376,0.32715061832482006
0022300798,2024-02-22,2023-24,NOP,HOU,1,0.7411386059920949,0.694979124994251,0.6963687019234247,0.6963286448733814,0.6472856925154687
0022300799,2024-02-22,2023-24,OKC,LAC,1,0.5786422775684311,0.6106905828206985,0.6096538904341787,0.609576690934893,0.5443336348606174
0022300800,2024-02-22,2023-24,DEN,WAS,1,0.813665044630143,0.835689986844725,0.8355276861513236,0.8355152187265013,0.8583254772206845
0022300801,2024-02-22,2023-24,UTA,CHA,0,0.684974211899927,0.6589389263069143,0.6626207940652414,0.6627029140133504,0.5889890936741516
0022300802,2024-02-22,2023-24,GSW,LAL,1,0.6030021742199922,0.6034820395891393,0.6056913093946822,0.6056888314100388,0.5789181478981523
0022300803,2024-02-22,2023-24,SAC,SAS,1,0.795472554856887,0.786658924413935,0.7999686957226365,0.799947042751722,0.826156654033043
0022300804,2024-02-23,2023-24,ATL,TOR,0,0.657147042306585,0.6764072908084573,0.6740994824521962,0.6741222110320707,0.6990779544313243
0022300805,2024-02-23,2023-24,PHI,CLE,1,0.3320144162257938,0.34366058590826093,0.34413129533176184,0.34404694793850604,0.3787393840452479
0022300806,2024-02-23,2023-24,HOU,PHX,1,0.44625442816762784,0.48568847761195016,0.48414596304847807,0.4841438537495223,0.4008777276451846
0022300807,2024-02-23,2023-24,MEM,LAC,0,0.35053084693737896,0.33605365936576276,0.3275890618632028,0.32760762140954747,0.36619530372867953
0022300808,2024-02-23,2023-24,MIN,MIL,0,0.6913337560857892,0.696275547788112,0.6971414404632423,0.6971467002917149,0.6942114730362557
0022300809,2024-02-23,2023-24,OKC,WAS,1,0.9013358741856573,0.9014780672969204,0.913977747630879,0.9139857071328872,0.9006654795587148
0022300810,2024-02-23,2023-24,NOP,MIA,0,0.5399062067842134,0.533347592330197,0.5534372475627943,0.5534363753103793,0.5528505219197866
0022300811,2024-02-23,2023-24,GSW,CHA,1,0.7803257517800167,0.7794665236892061,0.781824562432565,0.78187819762785,0.7457788754501448
0022300812,2024-02-23,2023-24,POR,DEN,0,0.35752854447078264,0.40124759464932225,0.3855399036318701,0.3855230809708942,0.39871468578292607
0022300813,2024-02-23,2023-24,LAL,SAS,1,0.8109449256003338,0.8037035256190083,0.8032265340858706,0.8032011298564181,0.8403459079132355
0022300814,2024-02-24,2023-24,DET,ORL,0,0.2651624011715879,0.2837739974131438,0.27729324527757676,0.277246109309366,0.28054767184260904
0022300815,2024-02-24,2023-24,MIN,BKN,1,0.7993983006239737,0.7370083801354096,0.737826983262703,0.7378160827478035,0.7481017669038079
0022300816,2024-02-24,2023-24,NYK,BOS,0,0.37621587272346535,0.3278503328330901,0.3296812967325396,0.3296976177108875,0.29810964462424533
0022300817,2024-02-25,2023-24,PHI,MIL,0,0.4248775974927348,0.44029679731194027,0.4411358885553462,0.4411060452107927,0.5162469033674183
0022300818,2024-02-25,2023-24,PHX,LAL,1,0.6044537431851592,0.6409955699924678,0.6404121427896713,0.6404042591320409,0.5595236731680215
0022300819,2024-02-25,2023-24,IND,DAL,1,0.5059371197698788,0.5145881542124594,0.5199685751912241,0.5199550374198251,0.5120297024346477
0022300820,2024-02-25,2023-24,WAS,CLE,0,0.16124764638627104,0.1334385007592609,0.1328029909180913,0.1327973258752089,0.13311542502507437
0022300821,2024-02-25,2023-24,ATL,ORL,1,0.452896164860468,0.48831921227375846,0.4885635785246212,0.4885723327709954,0.4874229462111905
0022300822,2024-02-25,2023-24,HOU,OKC,0,0.3360370945460552,0.31565182733168295,0.3161157162273695,0.31612180484027713,0.2978002178239549
0022300823,2024-02-25,2023-24,NOP,CHI,0,0.6649040775124008,0.5570259247383341,0.5843645740250745,0.5842915512548685,0.6282251543599966
0022300824,2024-02-25,2023-24,GSW,DEN,0,0.6002355380395908,0.6149958946539444,0.594619522247885,0.5946244270429836,0.5539756272914732
0022300825,2024-02-25,2023-24,UTA,SAS,1,0.7164091588785314,0.7134860704052907,0.7127815200345501,0.7127961643961498,0.7013537522759962
0022300826,2024-02-25,2023-24,POR,CHA,0,0.49012150783128855,0.5174157785978399,0.5186078495731585,0.5186600109781667,0.47599903944288285
0022300827,2024-02-25,2023-24,LAC,SAC,0,0.688667669398461,0.6098547558965587,0.6120663816427898,0.6120617514039232,0.6408907031222995
0022300828,2024-02-26,2023-24,NYK,DET,1,0.7976213455727117,0.7876494104033135,0.7888228598493784,0.7888751038680367,0.7819855441832779
0022300829,2024-02-26,2023-24,IND,TOR,0,0.6833401812989954,0.6940222562485938,0.7066428795635048,0.7066249599691206,0.6841581194879243
0022300830,2024-02-26,2023-24,MEM,BKN,0,0.557421992429749,0.5443297680617203,0.523233365353792,0.5231904027010216,0.5932405036713722
0022300831,2024-02-26,2023-24,SAC,MIA,0,0.4809692267981034,0.5881626162960848,0.5839687189055279,0.5840649283140869,0.5106792774149117
0022300832,2024-02-27,2023-24,CLE,DAL,1,0.7030977897608661,0.7077287834616025,0.706294484874672,0.706292502321862,0.7322692346480012
0022300833,2024-02-27,2023-24,ORL,BKN,1,0.7243057800645964,0.7074272262146244,0.6756267531374217,0.6756905097559281,0.7291975070009047
0022300834,2024-02-27,2023-24,WAS,GSW,0,0.217309224279368,0.20664210454475707,0.2068960790330344,0.20688898259399435,0.19322934529068428
0022300835,2024-02-27,2023-24,ATL,UTA,1,0.5502354852666232,0.5598353261036287,0.558040430065696,0.5580247162508839,0.5877356374465817
0022300836,2024-02-27,2023-24,BOS,PHI,1,0.828550842249705,0.8172665383362958,0.8170368674627805,0.817054421264317,0.818778960909583
0022300837,2024-02-27,2023-24,NYK,NOP,0,0.5146309707857122,0.4202867064057455,0.42374171265234645,0.42368627555415733,0.44507850664202797
0022300838,2024-02-27,2023-24,MIN,SAS,1,0.8936050271416487,0.8819922773490086,0.8841874742863015,0.8841742369131245,0.9066923162186679
0022300839,2024-02-27,2023-24,CHI,DET,0,0.8125947368891766,0.7959890963949602,0.796648699924232,0.7966697778509192,0.814882558070228
0022300840,2024-02-27,2023-24,MIL,CHA,1,0.7722916707636712,0.7700350690422625,0.7707888036368248,0.7708191018395602,0.7193472123311362
0022300841,2024-02-27,2023-24,OKC,HOU,1,0.7847172593523944,0.7854166331557038,0.7846126768252699,0.784609164965028,0.7892295876981213
0022300842,2024-02-27,2023-24,POR,MIA,0,0.2949058212023834,0.2754245542720837,0.27688537144562275,0.27689194229110964,0.33305221653700257
0022300843,2024-02-28,2023-24,IND,NOP,1,0.5998724433950006,0.6202082035529743,0.6189641754100024,0.6189533161309021,0.5461214665482395
0022300844,2024-02-28,2023-24,TOR,DAL,0,0.509598579895028,0.5210298366960618,0.5192264054338002,0.5192411847231548,0.504525684096996
0022300845,2024-02-28,2023-24,MIN,MEM,1,0.819789330465647,0.8144982245256491,0.8302463925931034,0.8302600187375344,0.8318217841727478
0022300846,2024-02-28,2023-24,CHI,CLE,1,0.3584758668375626,0.3167872696466296,0.31898707895393824,0.31893516377621106,0.322801164630771
0022300847,2024-02-28,2023-24,DEN,SAC,1,0.6047257491644692,0.6251758224231674,0.6524070924156659,0.6524523277948046,0.633131424497344
0022300848,2024-02-28,2023-24,LAC,LAL,0,0.6317965820501947,0.625190323181272,0.6110706130775513,0.6110621999584895,0.5997982548340965
0022300849,2024-02-29,2023-24,CHA,MIL,0,0.28502450773943977,0.2863863474833155,0.28439685538994824,0.2843631113337113,0.34427921716150384
0022300850,2024-02-29,2023-24,ORL,UTA,1,0.6756841268299376,0.7152504355342868,0.7358328789015411,0.7358296304780544,0.7301361541245457
0022300851,2024-02-29,2023-24,BKN,ATL,1,0.4505662402721974,0.4835661869694386,0.48400167201725824,0.4839926101377723,0.4468319465858225
0022300852,2024-02-29,2023-24,NYK,GSW,0,0.41843664041563644,0.40818236758945015,0.41095517070020243,0.4110141708391335,0.4217418453014681
0022300853,2024-02-29,2023-24,SAS,OKC,1,0.15606142443991974,0.14369946507648876,0.14451045155318507,0.1445184974913496,0.1464345362239903
0022300854,2024-02-29,2023-24,PHX,HOU,1,0.7107341518091008,0.724695967929142,0.7182736378635711,0.718278732987591,0.7643111831608302
0022300855,2024-02-29,2023-24,DEN,MIA,1,0.541940304728277,0.5868664720089547,0.5838793462764575,0.583889917994612,0.5809593972138213
0022300856,2024-02-29,2023-24,LAL,WAS,1,0.7954210316081617,0.7956074704402015,0.7941182802412402,0.7941071880010382,0.7943376259324113
0022300857,2024-03-01,2023-24,DET,CLE,0,0.2231007980637113,0.25885920471661295,0.31548183728981577,0.31548671998710415,0.2745979415555661
0022300858,2024-03-01,2023-24,PHI,CHA,1,0.7388425966664897,0.6605350461847975,0.6550669178916434,0.6551168355519276,0.6300385886173123
0022300859,2024-03-01,2023-24,BOS,DAL,1,0.7673332849546602,0.7741321322669834,0.7728471467061064,0.7728520162033345,0.7692679394516163
0022300860,2024-03-01,2023-24,TOR,GSW,0,0.4008273160318366,0.3668311500922537,0.3677164913605387,0.36778084655283705,0.31493240205152084
0022300861,2024-03-01,2023-24,MEM,POR,0,0.6351004525883853,0.6549187124679775,0.6603574989216879,0.6603164379917907,0.6767875741313876
0022300862,2024-03-01,2023-24,MIN,SAC,0,0.7365192504030903,0.7104991603955398,0.7246362899214749,0.7246525627083698,0.7273856855076037
0022300863,2024-03-01,2023-24,NOP,IND,1,0.6036246441440789,0.6017931996306992,0.602992207174859,0.6030260775468516,0.5742352845476276
0022300864,2024-03-01,2023-24,CHI,MIL,0,0.5080568107678466,0.466500721183032,0.4672517043583795,0.46725825238280355,0.49746361065651984
0022300865,2024-03-01,2023-24,LAC,WAS,1,0.8857883611945415,0.8911633680219233,0.8910512152699788,0.89105642020966,0.8793484924149131
0022300866,2024-03-02,2023-24,BKN,ATL,1,0.55906615173153,0.5683289777456951,0.5682105059723406,0.5682183728772497,0.5512775539073167
0022300867,2024-03-02,2023-24,MIA,UTA,1,0.7332427737171918,0.7733432543039133,0.7798546235611661,0.7798608313183296,0.775521557792131
0022300868,2024-03-02,2023-24,MEM,POR,0,0.5688556627349289,0.5851611152397141,0.6013436106779068,0.6013183863746979,0.6331070142279988
0022300869,2024-03-02,2023-24,LAL,DEN,0,0.46106394942464857,0.5149143501718536,0.5128800267932506,0.5128954613897593,0.5154196332938188
0022300870,2024-03-02,2023-24,PHX,HOU,0,0.7418927320891162,0.7450407701758534,0.7439088083462438,0.7438997580957938,0.6793348542536476
0022300871,2024-03-03,2023-24,DAL,PHI,0,0.6239236396309461,0.6804628448958372,0.719052099869127,0.7190527449483849,0.7069395835505061
0022300872,2024-03-03,2023-24,BOS,GSW,1,0.68298789088397,0.6955375162430788,0.6957046512143643,0.6957031498980847,0.6669797479233075
0022300873,2024-03-03,2023-24,MIN,LAC,0,0.6288445348701653,0.6275723617550074,0.6267680517427633,0.6268081107876395,0.5846135662957939
0022300874,2024-03-03,2023-24,ORL,DET,1,0.7773409660081674,0.7974832005008688,0.7960322703184943,0.7960538103091087,0.8068058086770041
0022300875,2024-03-03,2023-24,TOR,CHA,1,0.5525919362811799,0.6188964624036959,0.6199781416030596,0.620046844579339,0.5536068398371974
0022300876,2024-03-03,2023-24,CLE,NYK,0,0.6733751924876411,0.6874983071898061,0.6659349820732756,0.6659259245953602,0.6843428839490181
0022300877,2024-03-03,2023-24,SAS,IND,1,0.3177395133253178,0.285404079038605,0.2837882166609544,0.28377425046279126,0.2584442228888145
0022300878,2024-03-03,2023-24,PHX,OKC,0,0.38495389369974564,0.31274988214562105,0.3158859788430109,0.31588768542416507,0.33801746109059605
0022300879,2024-03-04,2023-24,BKN,MEM,0,0.7012621743200076,0.7348583476664178,0.7334757253674811,0.7335053235042528,0.7390473587487457
0022300880,2024-03-04,2023-24,MIL,LAC,1,0.6068588303500538,0.5513781165945704,0.553922732792208,0.5538763515976681,0.5877060505717605
0022300881,2024-03-04,2023-24,MIN,POR,1,0.8444331391180929,0.8799945578956847,0.8965919516350954,0.8966357683453566,0.8672709913382319
0022300882,2024-03-04,2023-24,UTA,WAS,1,0.657236187654034,0.543825296420687,0.5485641692757676,0.5485959272199818,0.6621483091144672
0022300883,2024-03-04,2023-24,SAC,CHI,0,0.6165380808004186,0.6162473112465562,0.6158170101960976,0.615811340130873,0.6278954452962288
0022300884,2024-03-04,2023-24,LAL,OKC,1,0.493561075829598,0.4544309848168606,0.4556322493786573,0.45560426164132123,0.4782025318672131
0022300885,2024-03-05,2023-24,CHA,ORL,0,0.3178451782610774,0.2922822280004087,0.29114993485959406,0.2911551127156666,0.3144215723359989
0022300886,2024-03-05,2023-24,CLE,BOS,1,0.3433582337061668,0.28887132532900556,0.291396856562316,0.2913728607335584,0.2638400658148167
0022300887,2024-03-05,2023-24,BKN,PHI,1,0.5189662405288646,0.5904770684343996,0.5869294691621342,0.5869400597032761,0.5316721204380819
0022300888,2024-03-05,2023-24,MIA,DET,1,0.8206619039406784,0.8182829125157633,0.8178272832898893,0.817842120323563,0.8194985661431742
0022300889,2024-03-05,2023-24,NYK,ATL,0,0.6901436548635148,0.6384290031093978,0.6413955179995519,0.6414073668571832,0.6438995201304483
0022300890,2024-03-05,2023-24,TOR,NOP,0,0.3116015259694992,0.27406068779030307,0.27579818234161874,0.275748967401973,0.3487032870697387
0022300891,2024-03-05,2023-24,HOU,SAS,1,0.6993917613161367,0.7213460708547174,0.7164324162234306,0.7164286904488395,0.723888882578176
0022300892,2024-03-05,2023-24,DAL,IND,0,0.5591254503084692,0.5803442713553745,0.5798282193830783,0.5798738995457583,0.5699514883284943
0022300893,2024-03-05,2023-24,DEN,PHX,0,0.6470177604171297,0.6530077056789555,0.6507783992279385,0.6507678740059482,0.735356971333085
0022300894,2024-03-06,2023-24,WAS,ORL,0,0.2756663940903429,0.27796032196210213,0.2893071543754904,0.28935239629683035,0.2377038680101065
0022300895,2024-03-06,2023-24,ATL,CLE,1,0.3842902964371963,0.40508511276683606,0.4030667486204084,0.4030703335593965,0.39598182270306803
0022300896,2024-03-06,2023-24,PHI,MEM,0,0.6047036016134694,0.5656860497916619,0.5670976167293574,0.5671036857958385,0.5491222671133249
0022300897,2024-03-06,2023-24,HOU,LAC,0,0.3161265646676233,0.31114987318498794,0.311770214128532,0.31175679998391553,0.3076772146047584
0022300898,2024-03-06,2023-24,UTA,CHI,0,0.39941710923354173,0.3819127590958861,0.3848917168268144,0.3848413744725683,0.4342833134958048
0022300899,2024-03-06,2023-24,GSW,MIL,1,0.5143851324887797,0.5275027339495925,0.5198318066223138,0.5198340526399031,0.47544226993027505
0022300900,2024-03-06,2023-24,POR,OKC,0,0.22777214175900312,0.19880937841328383,0.21089683480451205,0.21090128716991308,0.2032477073549637
0022300901,2024-03-06,2023-24,LAL,SAC,0,0.5558130412089036,0.5419011929393144,0.5420775533554387,0.542064303498054,0.5596847240816186
0022300902,2024-03-07,2023-24,DET,BKN,1,0.35712091282443864,0.3980015687552926,0.3969287018825428,0.3969555309115258,0.3737071584103716
0022300903,2024-03-07,2023-24,IND,MIN,0,0.38009647381181283,0.40956681776881104,0.41506865552707933,0.4150381775540497,0.37078478966598666
0022300904,2024-03-07,2023-24,DAL,MIA,1,0.5022645571665817,0.5072217954728266,0.5067030730139288,0.5066924485155667,0.5060058356283383
0022300905,2024-03-07,2023-24,PHX,TOR,1,0.7808152009977514,0.7935900931582494,0.7930906862280201,0.7930976602524983,0.7955878003803776
0022300906,2024-03-07,2023-24,DEN,BOS,1,0.3569547871818293,0.3585183925648035,0.35801401719949,0.35800406087030234,0.31884729019172553
0022300907,2024-03-07,2023-24,GSW,CHI,0,0.6866982915582327,0.7058018245468359,0.7070923785707773,0.7070913468974263,0.716349285441855
0022300908,2024-03-07,2023-24,SAC,SAS,1,0.7500218434334928,0.7958997283001609,0.7933229031813578,0.7933340369002295,0.7851727364799836
0022300909,2024-03-08,2023-24,PHI,NOP,0,0.30136438975454577,0.2597114434220033,0.2414227493742799,0.24141494388422793,0.2290832671400548
0022300910,2024-03-08,2023-24,WAS,CHA,1,0.4543401695053367,0.4799816894774228,0.4820951108409817,0.4821252405319291,0.477460799988448
0022300911,2024-03-08,2023-24,CLE,MIN,1,0.5401968189213155,0.5465830084107962,0.5473194189278268,0.5473557040040855,0.5163420954422699
0022300912,2024-03-08,2023-24,NYK,ORL,1,0.4869316703969045,0.5151457965358545,0.5151014638406729,0.5151838803529022,0.43513112885678173
0022300913,2024-03-08,2023-24,MEM,ATL,0,0.439373410585706,0.4223009083740223,0.4185114320681419,0.4184794195826012,0.4108747666202567
0022300914,2024-03-08,2023-24,OKC,MIA,1,0.7515491071466209,0.7447210565654757,0.7438763736235059,0.7438384478895986,0.7755080106349288
0022300915,2024-03-08,2023-24,LAL,MIL,1,0.48250999325932326,0.42217872008149593,0.4041024702334851,0.4040771306229268,0.39436925546143853
0022300916,2024-03-08,2023-24,POR,HOU,0,0.402696433564852,0.3667340087725018,0.3224612872054662,0.3224055494269688,0.3564163350841411
0022300917,2024-03-09,2023-24,LAC,CHI,1,0.7030057781458159,0.7000898843981904,0.6991193969380602,0.6991115220135437,0.7263313602780214
0022300918,2024-03-09,2023-24,CHA,BKN,1,0.29010213557349973,0.37163985265803373,0.3685911604780281,0.3685720175220451,0.37743685321559806
0022300919,2024-03-09,2023-24,DET,DAL,0,0.3017965164338522,0.3301660125311319,0.31243620053800414,0.3124533092535248,0.3033126922706136
0022300920,2024-03-09,2023-24,PHX,BOS,0,0.32261693033559624,0.35226319577372756,0.3511768537535944,0.35121905919587204,0.2431055108127574
0022300921,2024-03-09,2023-24,GSW,SAS,0,0.8352191798086975,0.8068332924779595,0.8071891476908474,0.807183245503507,0.8060167672796917
0022300922,2024-03-09,2023-24,DEN,UTA,1,0.7682125485987406,0.7693665566116983,0.7687089830961701,0.7687016057246365,0.8012930806982553
0022300923,2024-03-09,2023-24,POR,TOR,1,0.4348502471380232,0.44684657511926823,0.44633841754303066,0.4463305111642481,0.46157353955377384
0022300924,2024-03-10,2023-24,LAC,MIL,0,0.520092325877647,0.3148281070276918,0.3203690707685714,0.3203704418146614,0.3342336141984063
0022300925,2024-03-10,2023-24,ATL,NOP,0,0.35909778392434,0.3537923656730036,0.3539658620672036,0.3539400561684108,0.35466006383047993
0022300926,2024-03-10,2023-24,MIA,WAS,0,0.8411616377795746,0.8431452653704415,0.8462896980254381,0.8463059550791594,0.8411253702265825
0022300927,2024-03-10,2023-24,NYK,PHI,0,0.7127599413610894,0.7202701080879528,0.7196235600983624,0.7196178426844003,0.6918345702565047
0022300928,2024-03-10,2023-24,ORL,IND,0,0.57911947659353,0.5637415757733308,0.5597571734425287,0.559714728972353,0.6312876540189526
0022300929,2024-03-10,2023-24,SAC,HOU,0,0.6382005437393645,0.6406107597117243,0.6394847795626041,0.6394797143944769,0.6491644517873261
0022300930,2024-03-10,2023-24,CLE,BKN,0,0.8442382477598677,0.8090161897945186,0.8095852889633247,0.8095672290656966,0.806222525452551
0022300931,2024-03-10,2023-24,OKC,MEM,1,0.8536564609369621,0.8862313278257085,0.8920821688217098,0.8921186684658621,0.8268962210910756
0022300932,2024-03-10,2023-24,LAL,MIN,1,0.42192815355283114,0.4618661767052768,0.45913202250008034,0.45912521584185656,0.5377417065554867
0022300933,2024-03-11,2023-24,DET,CHA,1,0.5739216394137823,0.5918579565640586,0.5740074557582422,0.5739420750253215,0.613660008347913
0022300934,2024-03-11,2023-24,CLE,PHX,0,0.44715936985868976,0.43966161576382295,0.4402112660148076,0.4403103458345763,0.3651462974552202
0022300935,2024-03-11,2023-24,CHI,DAL,0,0.5119325721121761,0.5079408367028722,0.5075821937446495,0.5075825848363619,0.5329863428903008
0022300936,2024-03-11,2023-24,SAS,GSW,0,0.340894807287402,0.3441385290416002,0.34233759993838514,0.34230890016507287,0.3269518393082909
0022300937,2024-03-11,2023-24,DEN,TOR,1,0.835684077917074,0.886227797147564,0.8752321699711926,0.8752782713863871,0.837708571773838
0022300938,2024-03-11,2023-24,POR,BOS,0,0.10224646127520996,0.1355799744874009,0.13511717516669228,0.13513845884074668,0.14904372298062654
0022300939,2024-03-12,2023-24,NYK,PHI,1,0.6594663590756601,0.6864881824200594,0.6862172728076091,0.6862140661595567,0.6863432506209682
0022300940,2024-03-12,2023-24,MEM,WAS,1,0.6262257410740137,0.6065581270688698,0.5961927687490894,0.5961375417226279,0.6557703899305644
0022300941,2024-03-12,2023-24,OKC,IND,0,0.6727379901180799,0.6835200673651525,0.681601690731025,0.681545679513096,0.6753630667927994
0022300942,2024-03-12,2023-24,SAS,HOU,0,0.31099047651424916,0.30110477036689726,0.30141532770086704,0.30148951133342095,0.2534252055858982
0022300943,2024-03-12,2023-24,UTA,BOS,0,0.23279092220749756,0.24809502988495355,0.25036129506196136,0.25042256655451967,0.17706800133756773
0022300944,2024-03-12,2023-24,LAC,MIN,0,0.5052015108484227,0.55391207904698,0.5610628942077629,0.5610373124604444,0.5789479714407164
0022300945,2024-03-12,2023-24,SAC,MIL,1,0.44583169208766965,0.4167215565846689,0.418768143973187,0.418732645341557,0.41988647851498007
0022300946,2024-03-13,2023-24,DET,TOR,1,0.5301761573549265,0.6082097474771844,0.6053731322810985,0.605369456758758,0.5725551885428661
0022300947,2024-03-13,2023-24,ORL,BKN,1,0.6827669220016452,0.6663547438924545,0.6652400250546643,0.6652139676590141,0.6840881224908606
0022300948,2024-03-13,2023-24,IND,CHI,0,0.6382296572190194,0.6381429077375661,0.6367603409726714,0.6367733079676657,0.6540485680796383
0022300949,2024-03-13,2023-24,MIA,DEN,0,0.4210721133281212,0.40469488056065617,0.40647153227586047,0.4064933807943419,0.37081720790007844
0022300950,2024-03-13,2023-24,MEM,CHA,0,0.585594507496105,0.5460776226917243,0.5170902337513336,0.5170774871072623,0.4949219095879415
0022300951,2024-03-13,2023-24,NOP,CLE,0,0.7102920112576271,0.6798911506773331,0.6590124779367741,0.6590076745394562,0.6220683368443559
0022300952,2024-03-13,2023-24,DAL,GSW,1,0.5599570683046714,0.6653924200625817,0.6617232152000773,0.661697988624777,0.6530672414389835
0022300953,2024-03-13,2023-24,POR,ATL,1,0.3664604762670838,0.33674812389297054,0.31559530607740616,0.3156404371053822,0.28556284093134343
0022300954,2024-03-13,2023-24,SAC,LAL,1,0.49416700376680434,0.45601190810428543,0.4442628990455732,0.4442318598665237,0.46065366027102145
0022300955,2024-03-14,2023-24,BOS,PHX,1,0.7427794065148144,0.7282188524163837,0.7296455189155369,0.7296539477871614,0.7784664723779505
0022300956,2024-03-14,2023-24,CHI,LAC,0,0.35107942291466343,0.35813882916214695,0.3523336261437097,0.35231212776998905,0.354691778152579
0022300957,2024-03-14,2023-24,HOU,WAS,1,0.8250074521269346,0.8320166328170518,0.8304259372074371,0.8304056422999715,0.8412614373314624
0022300958,2024-03-14,2023-24,MIL,PHI,1,0.7162093878664632,0.7055036913051477,0.7053327561948053,0.7052680679555783,0.7591708208812946
0022300959,2024-03-14,2023-24,OKC,DAL,1,0.7105959792265797,0.7552821110199875,0.7532066303197695,0.7532091663400732,0.7611646933350958
0022300960,2024-03-14,2023-24,POR,NYK,0,0.22710775891492388,0.18279796892448152,0.1837207117767804,0.18370530709164878,0.20549422041562793
0022300961,2024-03-15,2023-24,CHA,PHX,0,0.33002139221877946,0.3121983724583397,0.31186143342255246,0.31183098471587567,0.28400072188548325
0022300962,2024-03-15,2023-24,DET,MIA,0,0.3764037748219972,0.32978628879842575,0.33341411915018704,0.3333540734160596,0.370082643313855
0022300963,2024-03-15,2023-24,TOR,ORL,0,0.3254159745302546,0.3234437116649859,0.32390568840335116,0.3239154602257971,0.3045508718169302
0022300964,2024-03-15,2023-24,NOP,LAC,1,0.6230232647165485,0.6179294288304256,0.6176972149344949,0.6177089840423775,0.6326361787631584
0022300965,2024-03-15,2023-24,SAS,DEN,0,0.21413014428065355,0.2072431929574849,0.20840771680860407,0.208421540818246,0.20250753362805757
0022300966,2024-03-15,2023-24,UTA,ATL,1,0.43483095478828243,0.3447182723891622,0.3485747108006604,0.348635217493503,0.30632884523050813
0022300967,2024-03-16,2023-24,HOU,CLE,1,0.4396631637182099,0.43519375728779125,0.4418452040945457,0.4418239756060809,0.4596367268611273
0022300968,2024-03-16,2023-24,IND,BKN,1,0.7090602733590498,0.6994716459615483,0.6965467716827233,0.6965292082379738,0.6985716894792124
0022300969,2024-03-16,2023-24,PHI,CHA,1,0.7635771949977048,0.6905804094372759,0.6942130563643364,0.6942003735805946,0.7082249541379064
0022300970,2024-03-16,2023-24,NOP,POR,1,0.8273112697154789,0.8222201417742496,0.8157322525505849,0.815710239947308,0.841535718454209
0022300971,2024-03-16,2023-24,CHI,WAS,1,0.7871906463958194,0.8479761529318685,0.8457601947856588,0.8457596232472887,0.8469036942917023
0022300972,2024-03-16,2023-24,MEM,OKC,0,0.18338286611596352,0.19834873575427908,0.1909124889160936,0.19084444393968558,0.26748228122370143
0022300973,2024-03-16,2023-24,LAL,GSW,0,0.603720013587002,0.5175386273469628,0.5170327977252722,0.5169899358340124,0.5203501675787077
0022300974,2024-03-16,2023-24,UTA,MIN,0,0.17856729452172454,0.163515950317648,0.1652006980336593,0.1652288244352891,0.18217580637179176
0022300975,2024-03-16,2023-24,SAC,NYK,0,0.5235503107341788,0.5588402573514134,0.5305453445003954,0.5305512803923209,0.5496998309005077
0022300976,2024-03-17,2023-24,MIL,PHX,1,0.546666299476515,0.5058545886746714,0.45881787079960334,0.4587837716434828,0.5214035836593094
0022300977,2024-03-17,2023-24,DET,MIA,0,0.3218647511135022,0.38497018802498245,0.38110928475237793,0.381144681777456,0.3140283922895829
0022300978,2024-03-17,2023-24,DAL,DEN,1,0.44407336736051917,0.39478953600353733,0.3978223860179459,0.39780009006468064,0.4094024423046409
0022300979,2024-03-17,2023-24,ORL,TOR,1,0.7759338356832662,0.7555021923370255,0.7552304392358216,0.7552070842013068,0.7638098164876299
0022300980,2024-03-17,2023-24,WAS,BOS,0,0.04418965355106227,0.04759072902354624,0.047779475951930085,0.0477840223038992,0.061300824302978646
0022300981,2024-03-17,2023-24,SAS,BKN,1,0.5457496589375607,0.5061738668892513,0.5072456715084505,0.507241212519095,0.47912437893497994
0022300982,2024-03-17,2023-24,LAC,ATL,0,0.7316315310453766,0.7351930245600417,0.7351848317818439,0.7351405468681972,0.7340624130871445
0022300983,2024-03-18,2023-24,IND,CLE,0,0.5201025090419961,0.6539000351652073,0.6469190358527698,0.6469119923573966,0.6686045264344512
0022300984,2024-03-18,2023-24,BOS,DET,1,0.9298668586313465,0.8651738957994926,0.868078008477601,0.8680834942884803,0.8862842375294387
0022300985,2024-03-18,2023-24,PHI,MIA,1,0.5291517342808927,0.5257589084454126,0.5251781469399934,0.5251544097111,0.5349244717509333
0022300986,2024-03-18,2023-24,CHI,POR,1,0.7531942546269755,0.7479590593803715,0.7450121227193366,0.7449847290833841,0.7625552428970669
0022300987,2024-03-18,2023-24,UTA,MIN,0,0.21858164993836654,0.22340006283933211,0.21172652526757801,0.21171146958873602,0.2250025736901677
0022300988,2024-03-18,2023-24,GSW,NYK,0,0.5481887955690797,0.6367233732176836,0.6338086970560737,0.633829888065059,0.6035752642302565
0022300989,2024-03-18,2023-24,SAC,MEM,1,0.7721361959379293,0.7960328888278141,0.7959109228248608,0.795950834277692,0.7769703947739187
0022300990,2024-03-18,2023-24,LAL,ATL,1,0.6817777191960567,0.6293248514483758,0.6314485678953095,0.6314209174349237,0.6486420113144707
0022300991,2024-03-19,2023-24,ORL,CHA,1,0.7809465102942683,0.7870288760217703,0.7877902499277349,0.7878027551872928,0.7834123145686709
0022300992,2024-03-19,2023-24,WAS,HOU,0,0.19638362895991915,0.17316094259155293,0.17459977245984049,0.17461253158268847,0.18129656019879484
0022300993,2024-03-19,2023-24,BKN,NOP,0,0.31690631950796555,0.3038651294614201,0.3047691233654024,0.3047628615475042,0.25198784469003466
0022300994,2024-03-19,2023-24,SAS,DAL,0,0.3081194831853798,0.2881939840389517,0.2886200816372653,0.2886048210627921,0.2992112934186779
0022300995,2024-03-19,2023-24,MIN,DEN,0,0.5057044690444721,0.5005097551199911,0.48760607345036083,0.48760812777533125,0.48192665224273423
0022300996,2024-03-20,2023-24,CLE,MIA,0,0.6175527300197688,0.7201104507808818,0.7162344762729465,0.7163057634026705,0.6554381859035135
0022300997,2024-03-20,2023-24,DET,IND,0,0.23107751080346453,0.18607330447908044,0.19161359981164452,0.19158451803343943,0.26445553325455107
0022300998,2024-03-20,2023-24,BOS,MIL,1,0.6981969864442694,0.6730313854768528,0.677420703771232,0.6774697430715787,0.7238386442985172
0022300999,2024-03-20,2023-24,TOR,SAC,0,0.28270297280018175,0.2740210978237704,0.2741257956654809,0.27410861611126897,0.2992179264297712
0022301000,2024-03-20,2023-24,OKC,UTA,1,0.8399340120276411,0.8949271992677503,0.8924433656611447,0.892430687699668,0.879961812046389
0022301001,2024-03-20,2023-24,GSW,MEM,1,0.8004839737493955,0.7834357972996175,0.7932197287212973,0.7932351477118481,0.7730168962688556
0022301002,2024-03-20,2023-24,PHX,PHI,1,0.7205460945292976,0.7277991445988816,0.7326323420513584,0.7326179097994426,0.7324822916327407
0022301003,2024-03-20,2023-24,POR,LAC,0,0.2391569496596228,0.20615229907220733,0.20018552616614246,0.2002181348501563,0.17795589655814295
0022301004,2024-03-21,2023-24,ORL,NOP,1,0.4247598191686739,0.45837396901149974,0.46505991880402087,0.4650293135358847,0.4748476451405451
0022301005,2024-03-21,2023-24,WAS,SAC,1,0.2151444391860059,0.214232453482591,0.21159719425903967,0.2115882531574742,0.21835938768238206
0022301006,2024-03-21,2023-24,HOU,CHI,1,0.6161577001315087,0.6388182905162026,0.6355753836309775,0.6355641312165556,0.6432528443571616
0022301007,2024-03-21,2023-24,MIL,BKN,1,0.7166153741786669,0.736486145100259,0.7362847686537126,0.7362617047040626,0.7684362630603458
0022301008,2024-03-21,2023-24,DAL,UTA,1,0.8401975312674523,0.8725710842194586,0.8710869666170555,0.8710728631335483,0.8297470301112849
0022301009,2024-03-21,2023-24,DEN,NYK,1,0.6352515604479287,0.6410468947585972,0.6401247761348522,0.6401039053761585,0.6605884335081581
0022301010,2024-03-21,2023-24,PHX,ATL,1,0.6349844960009552,0.6944589337174567,0.6927727206362793,0.6928098779109734,0.6743388724778122
0022301011,2024-03-22,2023-24,DET,BOS,0,0.09583881326297153,0.1298872582643637,0.12800894975201718,0.1280315493229879,0.13027121548758297
0022301012,2024-03-22,2023-24,TOR,OKC,0,0.17997706992984627,0.1338556969275347,0.13540642047894152,0.13540697026323245,0.15239802850658057
0022301013,2024-03-22,2023-24,MIA,NOP,0,0.503515364179802,0.49935393766213076,0.5003554233550871,0.5004003314331701,0.4862066887571076
0022301014,2024-03-22,2023-24,MIN,CLE,1,0.6628907839217143,0.6674588860751066,0.6792234641094094,0.6792031455810512,0.7012665374878567
0022301015,2024-03-22,2023-24,SAS,MEM,0,0.5955263189127866,0.6979597334353473,0.6783100373735477,0.6783825627681134,0.6161247485157069
0022301016,2024-03-22,2023-24,GSW,IND,0,0.5847814890999227,0.591166757674348,0.5773345372276736,0.5773307994932408,0.5399525928649248
0022301017,2024-03-22,2023-24,POR,LAC,0,0.2110696941724303,0.20647027022813091,0.16865049182471734,0.16865496967145746,0.16819775492791683
0022301018,2024-03-22,2023-24,LAL,PHI,1,0.7063105365978818,0.6838990182967738,0.6834275718213375,0.683374134908226,0.6984519325700553
0022301019,2024-03-23,2023-24,NYK,BKN,1,0.7377224396837514,0.7404086974140429,0.739411967953919,0.7394214260007355,0.7449451097138695
0022301020,2024-03-23,2023-24,ORL,SAC,0,0.559599379114419,0.565467174384591,0.5600531256284444,0.5600047139470562,0.5939848612333651
0022301021,2024-03-23,2023-24,ATL,CHA,1,0.7348864697571807,0.695378573061481,0.6975387799414979,0.697517224743685,0.7264831848641619
0022301022,2024-03-23,2023-24,WAS,TOR,1,0.6102193948661694,0.6054503010607312,0.605018494264024,0.6050019815290473,0.6130799703303454
0022301023,2024-03-23,2023-24,CHI,BOS,0,0.34030185672842767,0.3312732315033588,0.3280185022553931,0.3280564029838123,0.2622899351366338
0022301024,2024-03-23,2023-24,HOU,UTA,1,0.7718775800263237,0.8309327236889809,0.8276734023286593,0.8276638616550714,0.8216594757902148
0022301025,2024-03-23,2023-24,SAS,PHX,0,0.1981695861396572,0.19678254383965782,0.1977428462178543,0.19776560270244978,0.19439453315474034
0022301026,2024-03-23,2023-24,POR,DEN,0,0.1348384523952616,0.1783859679086189,0.17077466515040138,0.17081162064115055,0.15781756114999781
0022301027,2024-03-24,2023-24,DET,NOP,0,0.16317168131107365,0.1579928347173667,0.15823750174058238,0.1582386841504474,0.1578110443500829
0022301028,2024-03-24,2023-24,LAC,PHI,0,0.7266675299567856,0.7341471548692501,0.732963534900135,0.7329768847120188,0.7576017445219047
0022301029,2024-03-24,2023-24,MIA,CLE,1,0.46386054732552856,0.38156544156969213,0.4004003075367884,0.40037176714664335,0.44941916449190583
0022301030,2024-03-24,2023-24,MIL,OKC,1,0.49414117566526544,0.4933542311466029,0.49229097924851356,0.49225656994274125,0.4996132437554987
0022301031,2024-03-24,2023-24,MIN,GSW,1,0.6765954660366028,0.6450363360039688,0.672152298301747,0.6721646333318517,0.6582766171903195
0022301032,2024-03-24,2023-24,LAL,IND,1,0.5198415960266441,0.45029449287070655,0.46770359474083645,0.4676556676526156,0.503611312416035
0022301033,2024-03-25,2023-24,CLE,CHA,1,0.7557234111358235,0.7768331889915501,0.7777323887358603,0.7777660433908452,0.7311220187351264
0022301034,2024-03-25,2023-24,ATL,BOS,1,0.2212431398808079,0.29335020495974856,0.2889752957975789,0.2889822516652001,0.31644091431297333
0022301035,2024-03-25,2023-24,NYK,DET,1,0.8974898313877749,0.8959439677625823,0.8960067661995298,0.8959983056276494,0.8984438487311359
0022301036,2024-03-25,2023-24,TOR,BKN,0,0.4145542125897709,0.4429396453242056,0.4407123342704015,0.4407825641681826,0.42421510633366083
0022301037,2024-03-25,2023-24,CHI,WAS,0,0.7746388801630638,0.799056751571713,0.8208617469367431,0.8208901144112257,0.8026643736163678
0022301038,2024-03-25,2023-24,HOU,POR,1,0.8377603101603205,0.8225094471591439,0.8401093490014873,0.8400582861969447,0.874979926453845
0022301039,2024-03-25,2023-24,SAS,PHX,1,0.23954149939253352,0.19543587690176528,0.1974770920922826,0.1974662150052757,0.1965843596126498
0022301040,2024-03-25,2023-24,DEN,MEM,1,0.8357635705152289,0.8577608824258856,0.8604838044799695,0.8605095467416826,0.8408243488843766
0022301041,2024-03-25,2023-24,UTA,DAL,0,0.26006526523605195,0.27410412477803225,0.2704759675164553,0.27045482467170195,0.2940691290298727
0022301042,2024-03-25,2023-24,SAC,PHI,1,0.7490082359139826,0.7310021030636279,0.7346151224331191,0.7346630149224788,0.6713189472978941
0022301043,2024-03-25,2023-24,LAC,IND,0,0.5700995423015457,0.5851955072375521,0.5837735706518848,0.5838015709562183,0.592172162958017
0022301044,2024-03-26,2023-24,MIA,GSW,0,0.4713475850253107,0.3635557129840061,0.3688525919801576,0.36890180732206046,0.3826766485420793
0022301045,2024-03-26,2023-24,MIL,LAL,0,0.626698813585587,0.6631516334121638,0.6608896004880384,0.6608847109008931,0.6308616454856467
0022301046,2024-03-26,2023-24,NOP,OKC,0,0.5506849920010313,0.5295809083062919,0.530854170986413,0.5308891149446119,0.49740997253456803
0022301047,2024-03-26,2023-24,SAC,DAL,0,0.5611441674783942,0.5961841034195015,0.5671630446683197,0.5671520810212475,0.5561155082956281
0022301048,2024-03-27,2023-24,CHA,CLE,1,0.2712641150604118,0.26529923594123767,0.26158223616593695,0.2615468635661817,0.2910596767295048
0022301049,2024-03-27,2023-24,ORL,GSW,0,0.6047220182009535,0.6316274970663556,0.6298061904639802,0.6298346186372434,0.6195097576446178
0022301050,2024-03-27,2023-24,WAS,BKN,0,0.3877080708583282,0.3866108185926172,0.3858064682524035,0.3857577912925307,0.4704550865771894
0022301051,2024-03-27,2023-24,ATL,POR,1,0.8025687628783156,0.8030212454726218,0.8012143465734799,0.8011681079358978,0.8449351006345631
0022301052,2024-03-27,2023-24,PHI,LAC,0,0.4724096676443821,0.4594636391071975,0.4587990835144617,0.45879146183608027,0.4871698415095824
0022301053,2024-03-27,2023-24,TOR,NYK,0,0.2199552243992041,0.21587855723814528,0.215956656057239,0.21595881943819184,0.2138209440023347
0022301054,2024-03-27,2023-24,CHI,IND,1,0.4093121215502481,0.40399556584453256,0.38129193727694133,0.38126665506971286,0.41995438168517824
0022301055,2024-03-27,2023-24,MEM,LAL,0,0.2999409492100048,0.31084224896989865,0.36012133781453215,0.36010460888414514,0.38780641686539263
0022301056,2024-03-27,2023-24,MIN,DET,1,0.9174201542869743,0.906993604637285,0.922545164689093,0.922559430808699,0.8998272013209971
0022301057,2024-03-27,2023-24,OKC,HOU,0,0.5863172118879804,0.5241823963117251,0.5258807032676377,0.5258639253138879,0.5560816404149577
0022301058,2024-03-27,2023-24,UTA,SAS,0,0.5616923035093557,0.47685480446322076,0.5088790455969008,0.508876348577759,0.51944276060648
0022301059,2024-03-27,2023-24,DEN,PHX,0,0.560634674426609,0.5920154100104504,0.5992950730962131,0.599352255624777,0.5739357597892708
0022301060,2024-03-28,2023-24,ATL,BOS,1,0.24079585094975817,0.2517344153062674,0.24894061007368135,0.24891907270059932,0.204573259794326
0022301061,2024-03-28,2023-24,NOP,MIL,1,0.565808314478496,0.5385039829593785,0.5403600133008829,0.5403579734492702,0.5264329251779102
0022301062,2024-03-29,2023-24,CHA,GSW,0,0.2140315090970491,0.21564615281881647,0.21477161869131267,0.21475912524449461,0.1979026789854824
0022301063,2024-03-29,2023-24,IND,LAL,1,0.5715243217581398,0.5883543748870251,0.5672926846397262,0.5672880509854198,0.5296397966573989
0022301064,2024-03-29,2023-24,ORL,LAC,0,0.562822709844468,0.5338775244024825,0.5342167630789627,0.5341992806441236,0.5551875629117327
0022301065,2024-03-29,2023-24,WAS,DET,0,0.5599479495469553,0.5637110035357996,0.5693233024381136,0.5693197874276426,0.5670924894005884
0022301066,2024-03-29,2023-24,BKN,CHI,1,0.40833414798657447,0.4141045944261736,0.41561963852523665,0.41563911894712824,0.4134050640036105
0022301067,2024-03-29,2023-24,CLE,PHI,1,0.5936634256445479,0.6105655894328962,0.6117946852072246,0.6117861629833916,0.6671901519244173
0022301068,2024-03-29,2023-24,MIA,POR,1,0.785663860201784,0.8194304360883023,0.8089729953216744,0.809039716636622,0.7520075345867919
0022301069,2024-03-29,2023-24,OKC,PHX,1,0.5546792985634363,0.5392930001419293,0.5338560473466152,0.5338705476445867,0.5207427473236247
0022301070,2024-03-29,2023-24,SAS,NYK,1,0.26612423140571034,0.2519670640934638,0.2514474475334848,0.2514363884026118,0.23801266469160942
0022301071,2024-03-29,2023-24,DEN,MIN,0,0.5109555600108386,0.5425202663354336,0.4976818705865284,0.49768021968780785,0.4811070168830026
0022301072,2024-03-29,2023-24,UTA,HOU,0,0.25305621579486987,0.17895281760158196,0.18199240535539013,0.18201200368588277,0.18732470301225407
0022301073,2024-03-29,2023-24,SAC,DAL,0,0.4419919261661545,0.46908172423730105,0.4426372889164461,0.44262392516250426,0.42977103256695354
0022301074,2024-03-30,2023-24,NOP,BOS,0,0.3645782507233173,0.35435496001888245,0.35488925498196294,0.3548934189873364,0.32071007528482787
0022301075,2024-03-30,2023-24,ORL,MEM,1,0.7494834832305771,0.8088987871905979,0.7956173221141662,0.7956381314625538,0.7421822008702782
0022301076,2024-03-30,2023-24,ATL,MIL,0,0.45538858312278624,0.533112580372473,0.5297785685385739,0.5298025634769755,0.48460432479225696
0022301077,2024-03-31,2023-24,DEN,CLE,1,0.5934098737466501,0.6538775527042509,0.65274448333536,0.6527969695777684,0.5876365951517236
0022301078,2024-03-31,2023-24,BKN,LAL,0,0.38676976425717996,0.40190143974991194,0.38260122079976816,0.38264549643548595,0.3468528051923869
0022301079,2024-03-31,2023-24,CHA,LAC,0,0.22910997251380047,0.2210322593939197,0.22130756252240008,0.22128197908188318,0.23539226968720123
0022301080,2024-03-31,2023-24,TOR,PHI,0,0.30088497741164394,0.26739053127282636,0.31051222842322107,0.3105651569265273,0.3165528111955099
0022301081,2024-03-31,2023-24,WAS,MIA,0,0.2346469131702491,0.21342332759888616,0.21356904067526322,0.21355436723402457,0.22692506591186487
0022301082,2024-03-31,2023-24,NYK,OKC,0,0.5117596021851714,0.4732527025588453,0.4608540255481041,0.4608343375726735,0.4701626948482923
0022301083,2024-03-31,2023-24,HOU,DAL,0,0.4911502195225526,0.49013191598164996,0.46890485133539733,0.46890148875905574,0.498106356342422
0022301084,2024-03-31,2023-24,MIN,CHI,0,0.7731116676994455,0.7567044020970277,0.7794160920218021,0.7794374630203692,0.7706908158272607
0022301085,2024-03-31,2023-24,SAS,GSW,0,0.27517742028703296,0.20040367430597278,0.18416475649960432,0.1841002547803165,0.24294708446578211
0022301086,2024-03-31,2023-24,SAC,UTA,1,0.7815120711140155,0.7990139429310056,0.7973622939700026,0.797334263761337,0.7966204116160219
0022301087,2024-04-01,2023-24,CHA,BOS,0,0.06555562095905894,0.0654802781820676,0.07209235015843139,0.0720891711658388,0.0848633123547612
0022301088,2024-04-01,2023-24,DET,MEM,0,0.5676701339882423,0.5353464665553229,0.5496791204107335,0.5496829048811384,0.5432207178420636
0022301089,2024-04-01,2023-24,IND,BKN,1,0.8039335454705838,0.8441425861364344,0.8413802086556819,0.8413865369385383,0.7982684283261383
0022301090,2024-04-01,2023-24,ORL,POR,1,0.8448445212498927,0.8718757077110925,0.8709884993749833,0.8709774568025235,0.8765308872988169
0022301091,2024-04-01,2023-24,CHI,ATL,0,0.48160992599665936,0.47920400286937404,0.4796047514240154,0.4795863576645205,0.47248803116550625
0022301092,2024-04-01,2023-24,NOP,PHX,0,0.57506598662453,0.539925682302449,0.5422854516393423,0.5423162662585225,0.5299786280212815
0022300589,2024-04-02,2023-24,GSW,DAL,1,0.5295581363594397,0.5091716302584806,0.521481226370335,0.5215005551591672,0.5068659943717342
0022301093,2024-04-02,2023-24,PHI,OKC,1,0.2959490659250161,0.4108140676288495,0.4074560206839332,0.4074725029392326,0.4336030336828225
0022301094,2024-04-02,2023-24,TOR,LAL,0,0.17668232826873426,0.2120457892924255,0.19061876549849296,0.19063931118737065,0.18387547843527266
0022301095,2024-04-02,2023-24,WAS,MIL,1,0.17138096498246477,0.15211014918698884,0.15369720318449337,0.15368350827247737,0.1473797911799741
0022301096,2024-04-02,2023-24,MIA,NYK,1,0.4939692734788262,0.48459906664879787,0.4853065697323062,0.4853088828178769,0.4671720953456631
0022301098,2024-04-02,2023-24,MIN,HOU,1,0.6976167884648733,0.6872923560520001,0.6870686825445543,0.6870863901551341,0.6841440955553161
0022301099,2024-04-02,2023-24,DEN,SAS,1,0.8210557401247597,0.8316490944598417,0.8251012122319055,0.8251089940988574,0.8430788835635669
0022301100,2024-04-02,2023-24,UTA,CLE,0,0.27405346203345815,0.2923032750595641,0.2937048345251566,0.29374119043759395,0.2801210880947556
0022301101,2024-04-02,2023-24,SAC,LAC,1,0.49142844748737596,0.6034395173169698,0.5966219941350638,0.5966564270123746,0.5423547657831905
0022301102,2024-04-03,2023-24,CHA,POR,0,0.587341368276143,0.48027665876982256,0.4811823397561781,0.48104870645868064,0.5941647983449471
0022301103,2024-04-03,2023-24,WAS,LAL,0,0.20990685819953095,0.19017006910635023,0.17189700171326808,0.1718789588350563,0.19651239062636522
0022301104,2024-04-03,2023-24,ATL,DET,1,0.8036845801298814,0.8248066255195932,0.8233774914292891,0.8233713873493567,0.8235776280742072
0022301105,2024-04-03,2023-24,BOS,OKC,1,0.8047642915361002,0.7855818975002453,0.7855644501265958,0.7855673061618926,0.8044552572085288
0022301106,2024-04-03,2023-24,BKN,IND,1,0.3322575514216812,0.33194040184085555,0.3321612996122874,0.33218560185733237,0.3392379998342968
0022301107,2024-04-03,2023-24,MIL,MEM,0,0.8106578403595727,0.7552173878133743,0.7567464528871639,0.7567007090384946,0.8169846474733281
0022301108,2024-04-03,2023-24,MIN,TOR,1,0.9157887130853815,0.959173844734575,0.9583215380832021,0.9583244329347874,0.9430309270002114
0022301109,2024-04-03,2023-24,NOP,ORL,0,0.6096337692224103,0.6040243963835238,0.6050946302544379,0.6051152697379191,0.5708662148861433
0022301110,2024-04-03,2023-24,PHX,CLE,1,0.7768752528246807,0.7171024955208585,0.7175242665270574,0.7174546725190277,0.7291470515364306
0022301111,2024-04-04,2023-24,MIA,PHI,0,0.6078167144778167,0.6543147433865522,0.6538367913599411,0.6539228124935075,0.5515860589156408
0022301112,2024-04-04,2023-24,NYK,SAC,1,0.6151808838770355,0.5739489967393893,0.5744271818673091,0.5743953299628431,0.6067853043758218
0022301113,2024-04-04,2023-24,HOU,GSW,0,0.46906604707223787,0.46627148779993,0.4664176520592565,0.4664210024390166,0.4528013394919226
0022301114,2024-04-04,2023-24,LAC,DEN,1,0.39516048312387053,0.3802439254106054,0.39206510004173745,0.39207420306736557,0.3747188107577266
0022301124,2024-04-04,2023-24,DAL,ATL,1,0.7694921829507946,0.7513925310969667,0.7526058426516896,0.7526042023736518,0.7280573854157893
0022301097,2024-04-05,2023-24,DAL,GSW,1,0.5911701453097814,0.528788850996504,0.531586219884663,0.5315808078420003,0.532505936952968
0022301115,2024-04-05,2023-24,CHA,ORL,1,0.2024077233875122,0.20681129683093097,0.21882890739938282,0.2187881468086428,0.263465511016184
0022301116,2024-04-05,2023-24,IND,OKC,1,0.5206990096520527,0.5322234698489863,0.5414694562086475,0.5414523127301814,0.5700852478337348
0022301117,2024-04-05,2023-24,WAS,POR,0,0.5554717131862571,0.5044304867755383,0.5070129940877104,0.5069372053727135,0.6038520610971025
0022301118,2024-04-05,2023-24,BOS,SAC,1,0.8731715182289617,0.8126458594487143,0.8148719539483558,0.8148162536496334,0.8478870925205743
0022301119,2024-04-05,2023-24,CHI,NYK,1,0.5103927524462777,0.46918382465107794,0.46594045200582784,0.4659324927885053,0.4573874733962826
0022301120,2024-04-05,2023-24,HOU,MIA,0,0.545498803470316,0.5260827717614939,0.5252205766253772,0.5251406581753957,0.5835213866059934
0022301121,2024-04-05,2023-24,MEM,DET,1,0.5980543956752321,0.39735650508267956,0.40236834294392926,0.4023280129452479,0.4550089190909243
0022301122,2024-04-05,2023-24,MIL,TOR,0,0.8938369249175268,0.8630793078366993,0.8660369779001404,0.8659853038967269,0.8749592048470114
0022301123,2024-04-05,2023-24,NOP,SAS,0,0.7898048058172749,0.8045059191637157,0.7885250715169707,0.7885151020670577,0.800063154591155
0022301125,2024-04-05,2023-24,PHX,MIN,1,0.5288464501235203,0.5059469637801085,0.524406258021467,0.5243630644365191,0.5360609246759124
0022301126,2024-04-05,2023-24,LAC,UTA,1,0.7698856335305894,0.8184593340559964,0.8160903237825491,0.8160791601782975,0.7934932681819746
0022301127,2024-04-06,2023-24,LAL,CLE,1,0.6305049200604866,0.5983775770540045,0.5986338750753131,0.5985902674946267,0.6626043258787048
0022301128,2024-04-06,2023-24,BKN,DET,1,0.790936511470893,0.779445264922225,0.7968534256234611,0.7968843836593894,0.7634322925760302
0022301129,2024-04-06,2023-24,MEM,PHI,0,0.2385424902124914,0.27857344208377127,0.2203823227644092,0.22037343088059874,0.2659164944919464
0022301130,2024-04-06,2023-24,DEN,ATL,1,0.6992905075803475,0.6880120006271696,0.6866013524218303,0.6865669650540568,0.714530002411586
0022301131,2024-04-07,2023-24,DAL,HOU,1,0.707989977118973,0.7284792807410843,0.7277281659846558,0.7277231931452393,0.735056430060836
0022301132,2024-04-07,2023-24,LAC,CLE,1,0.6441758125732208,0.6509161242197548,0.6515725250302993,0.6515893513476542,0.6394245551986197
0022301133,2024-04-07,2023-24,IND,MIA,1,0.6041556126491768,0.5870026689740624,0.6157650860451508,0.6157398539914722,0.6546106314873614
0022301134,2024-04-07,2023-24,BOS,POR,1,0.9411513549187763,0.9224867947430273,0.924059230964298,0.9240514771012648,0.94378220378162
0022301135,2024-04-07,2023-24,CHA,OKC,0,0.26948403530297455,0.2520455084337686,0.24995407543722178,0.24994403367475332,0.2630289590313751
0022301136,2024-04-07,2023-24,ORL,CHI,1,0.6188147007544791,0.6393107093906968,0.6525552937481303,0.6526210559440042,0.6115710713615978
0022301137,2024-04-07,2023-24,TOR,WAS,1,0.5698671997985583,0.5978773216003131,0.6046791172182977,0.6047163649657165,0.6130261961422047
0022301138,2024-04-07,2023-24,PHX,NOP,0,0.6369039115995194,0.6801744989428574,0.6940817563152502,0.6940662830712427,0.6980111347569601
0022301139,2024-04-07,2023-24,MIL,NYK,0,0.4747483177213108,0.4904865650926902,0.4899854911680916,0.48998038628966784,0.44823685898246335
0022301140,2024-04-07,2023-24,SAS,PHI,0,0.45545338072095193,0.5650771085906855,0.5450224650826779,0.5450907841922742,0.5199287878482571
0022301141,2024-04-07,2023-24,BKN,SAC,0,0.3417502600923168,0.2582403597257613,0.260624602512425,0.2605900079425544,0.32184618623062716
0022301142,2024-04-07,2023-24,GSW,UTA,1,0.8948601215334622,0.8824292346071193,0.8815822683601435,0.8815578672978689,0.8727175014963502
0022301143,2024-04-07,2023-24,LAL,MIN,0,0.4296507145837725,0.385372094331514,0.3853992358178526,0.38529734050971476,0.4426807137053183
0022301144,2024-04-09,2023-24,CHA,DAL,0,0.17157102553584352,0.1773859600736112,0.1735316165482424,0.17352079979891963,0.17331017448124708
0022301145,2024-04-09,2023-24,PHI,DET,1,0.7928635151719878,0.8127687319903394,0.802105156032183,0.8020528371571983,0.8457128885609374
0022301146,2024-04-09,2023-24,TOR,IND,0,0.2021486877865636,0.19143229501295378,0.19468718010242916,0.1946083326509288,0.2907633431723195
0022301147,2024-04-09,2023-24,ATL,MIA,0,0.46022790824810084,0.5140872717829236,0.5101778419513463,0.5102473582684676,0.4180242278053946
0022301148,2024-04-09,2023-24,MIL,BOS,1,0.26512280197255905,0.314209841519494,0.3108091996219836,0.31084214138460775,0.2745252889397866
0022301149,2024-04-09,2023-24,CHI,NYK,0,0.3844207235495969,0.3153360067272212,0.31765569169148855,0.31761508799956095,0.3440808570193717
0022301150,2024-04-09,2023-24,HOU,ORL,1,0.4874276112472765,0.4952140748126758,0.49481433859223967,0.49486808590934106,0.4845579954676654
0022301151,2024-04-09,2023-24,MEM,SAS,0,0.4678392106195804,0.5090319081359092,0.5067831775215407,0.506838141410369,0.4798474252082407
0022301152,2024-04-09,2023-24,MIN,WAS,1,0.9055553446497073,0.919122150518653,0.9187080113994656,0.9187189945593468,0.9157762345520518
0022301153,2024-04-09,2023-24,OKC,SAC,1,0.5822984582450638,0.5989259067104952,0.6066938370798118,0.6067018320731897,0.6390044932996762
0022301154,2024-04-09,2023-24,UTA,DEN,0,0.13750979876999728,0.11332766801067477,0.10451760646907182,0.10452712297793408,0.09582323780917838
0022301155,2024-04-09,2023-24,LAL,GSW,0,0.5642483748584625,0.5011937327281676,0.5027848679877674,0.5027041347282075,0.5098299445753564
0022301156,2024-04-09,2023-24,PHX,LAC,0,0.6826890557034975,0.6593631842679512,0.6809156697292053,0.6809012794131669,0.7005056145866551
0022301157,2024-04-09,2023-24,POR,NOP,0,0.2014660771761649,0.2046694716836777,0.197676771898164,0.19767926289386487,0.2157414104603878
0022301158,2024-04-10,2023-24,CLE,MEM,1,0.8502003269166661,0.8857765890466176,0.8937037707070421,0.8936902990854262,0.8774417422475813
0022301159,2024-04-10,2023-24,ATL,CHA,0,0.7908681156624978,0.6500021963857417,0.65604234554357,0.6559180890286896,0.7559367838340548
0022301160,2024-04-10,2023-24,BKN,TOR,1,0.6786974645996604,0.9045161584531762,0.9017345768692512,0.9017641357384717,0.8168473832200689
0022301161,2024-04-10,2023-24,MIA,DAL,0,0.5105610157811465,0.4972473595726547,0.4969298758822268,0.4969117754278756,0.47927143119272436
0022301162,2024-04-10,2023-24,MIL,ORL,1,0.6363495992455374,0.5491793672356144,0.5515779310783316,0.5515141137760933,0.5712951753575395
0022301163,2024-04-10,2023-24,OKC,SAS,1,0.8326443081247097,0.8267604653100018,0.8305048877119213,0.8305024382409769,0.8249310087620197
0022301164,2024-04-10,2023-24,DEN,MIN,1,0.5797661623264431,0.5373308136748295,0.5492038981137427,0.5491884685198436,0.5788255837413867
0022301165,2024-04-10,2023-24,LAC,PHX,0,0.52191590874803,0.34860338532716423,0.35460254045599576,0.3545903966337431,0.34345264468489134
0022301166,2024-04-11,2023-24,DET,CHI,0,0.3035412068239458,0.3257501006416074,0.3241300608902364,0.32416239188036833,0.2952884246496124
0022301167,2024-04-11,2023-24,BOS,NYK,0,0.7101005586589204,0.6809624033018323,0.6825892784034594,0.6825999333759932,0.69579202457619
0022301168,2024-04-11,2023-24,UTA,HOU,1,0.2398988784308219,0.2177730845141462,0.21989868627799258,0.21994948028743086,0.1937268011785284
0022301169,2024-04-11,2023-24,POR,GSW,0,0.17924527499831072,0.2360767349288242,0.21640908394993272,0.21643944605861312,0.19579238090538464
0022301170,2024-04-11,2023-24,SAC,NOP,0,0.5447305383950173,0.5407219542682724,0.5319919994084533,0.5320029816086717,0.4609849220323065
0022301171,2024-04-12,2023-24,PHI,ORL,1,0.5923210734991037,0.5563574036127888,0.5935597720239514,0.5935305018052562,0.5850372242583296
0022301172,2024-04-12,2023-24,WAS,CHI,0,0.3490788063272171,0.4577626113275308,0.4378346029480494,0.4379010871581961,0.41371230917293667
0022301173,2024-04-12,2023-24,BOS,CHA,1,0.9091972988944291,0.7837970347586697,0.7910507222112196,0.7909968012258871,0.7736321524956535
0022301174,2024-04-12,2023-24,CLE,IND,1,0.4696467552678151,0.45530776237921733,0.45538627862529285,0.4553887571510174,0.4699199465449234
0022301175,2024-04-12,2023-24,NYK,BKN,1,0.8067407457929283,0.8825402454625504,0.8795628824882812,0.8795364669403553,0.8835611264799993
0022301176,2024-04-12,2023-24,MIA,TOR,1,0.8795907181058288,0.8695206416498026,0.868728854852829,0.8687191568400349,0.8436800174821809
0022301177,2024-04-12,2023-24,MEM,LAL,0,0.22378003931970397,0.16015340416983195,0.15531394088243114,0.15533074572585345,0.1319479382763594
0022301178,2024-04-12,2023-24,MIN,ATL,1,0.775926209397636,0.7723522748499606,0.7758758021500304,0.7758907893524232,0.7652316093303977
0022301179,2024-04-12,2023-24,OKC,MIL,1,0.6251390023743609,0.6814878073737887,0.6797224311445675,0.67974551857122,0.6646557791680079
0022301180,2024-04-12,2023-24,SAS,DEN,1,0.20049021612118437,0.19806611526625137,0.19839480927300523,0.19836874125281848,0.220356558713266
0022301181,2024-04-12,2023-24,DAL,DET,0,0.9373203314215919,0.909292847084108,0.9108604558996384,0.9108437197668261,0.9074078588575234
0022301182,2024-04-12,2023-24,GSW,NOP,0,0.5544751340589972,0.6028961476513507,0.6027597928682179,0.6027343909100217,0.6382428060687703
0022301183,2024-04-12,2023-24,POR,HOU,0,0.2965221317406749,0.3777092720128979,0.3844418254979119,0.3844686736394055,0.3282810554599266
0022301184,2024-04-12,2023-24,LAC,UTA,0,0.8316954506904393,0.8350630348975712,0.8354421003784308,0.8354325530564232,0.8835135842577836
0022301185,2024-04-12,2023-24,SAC,PHX,0,0.37425293735194537,0.36744602650021607,0.3685050343703541,0.36853755900849433,0.37935634941919644
0022301186,2024-04-14,2023-24,BOS,WAS,1,0.9045990478373432,0.9049769150370615,0.9106718595231015,0.9107024294938523,0.8564576030427733
0022301187,2024-04-14,2023-24,CLE,CHA,0,0.8377387421858165,0.7920382505543592,0.7897629000623806,0.7897814550707294,0.7260185555040423
0022301188,2024-04-14,2023-24,IND,ATL,1,0.7129160184079261,0.6999283728597251,0.7403360023077115,0.7403579914825666,0.7014647093340193
0022301189,2024-04-14,2023-24,MIA,TOR,1,0.8520358800869099,0.8932068315902835,0.9116788086355815,0.911689875392809,0.8805765685768375
0022301190,2024-04-14,2023-24,NYK,CHI,1,0.7642340887662512,0.782279708217024,0.7802243007298653,0.7802056344725247,0.7357126937968027
0022301191,2024-04-14,2023-24,ORL,MIL,1,0.5594983447691058,0.5116954591862567,0.5109489521057642,0.5109333034096974,0.5132079184938642
0022301192,2024-04-14,2023-24,PHI,BKN,1,0.8000582402280898,0.8034629577003347,0.7571660079028208,0.7570487121503887,0.8237830513565538
0022301193,2024-04-14,2023-24,MEM,DEN,0,0.1401031253327764,0.19723320438750155,0.19555228319908746,0.1956236239129999,0.12323432807913
0022301194,2024-04-14,2023-24,MIN,PHX,0,0.5817846825256335,0.555587099627049,0.5569693575468847,0.5570010835274225,0.586065279640168
0022301195,2024-04-14,2023-24,NOP,LAL,0,0.6012499083581394,0.6217042480264624,0.6217360251488965,0.6217475100795689,0.5900717849631375
0022301196,2024-04-14,2023-24,OKC,DAL,1,0.6412949249982666,0.8253817968287308,0.8200270608651236,0.8200676153351136,0.7873788320405575
0022301197,2024-04-14,2023-24,SAS,DET,1,0.6841656716409966,0.6240049101847561,0.6257477950636091,0.6256849438751445,0.638163462017864
0022301198,2024-04-14,2023-24,GSW,UTA,1,0.8795584592721548,0.7740302575385711,0.7761368413242189,0.7761015545543886,0.7910134319424386
0022301199,2024-04-14,2023-24,LAC,HOU,0,0.6041829591859094,0.6549590217221952,0.6532301374568539,0.6532036041417452,0.5570475468812658
0022301200,2024-04-14,2023-24,SAC,POR,1,0.8440355756722342,0.9126814252718974,0.9105709072559806,0.9105972298902524,0.8549996781093677
0022400061,2024-10-22,2024-25,BOS,NYK,1,0.5397471986853746,0.5348854125410845,0.5400736708284065,0.5401538097521295,0.7190855505652364
0022400062,2024-10-22,2024-25,LAL,MIN,1,0.506702484396177,0.5082659028628597,0.5090729555182679,0.5090500347317156,0.5088760655096881
0022400063,2024-10-23,2024-25,DET,IND,0,0.23755399742761993,0.22788693378475822,0.2255214643744801,0.22557496882649428,0.4261312490126915
0022400064,2024-10-23,2024-25,ATL,BKN,1,0.6715850502585538,0.6751663435984687,0.6737548354167202,0.6737080494926649,0.6364451218970638
0022400065,2024-10-23,2024-25,MIA,ORL,0,0.5780395206986287,0.5709777661444304,0.57249386711663,0.5724812414724021,0.5460821615473398
0022400066,2024-10-23,2024-25,PHI,MIL,0,0.540331383987055,0.5460010394744044,0.5462743832981056,0.5463218441535059,0.464082171261198
0022400067,2024-10-23,2024-25,TOR,CLE,0,0.3150853896529399,0.20970417681757483,0.21342101810826142,0.21348172650415964,0.32029131101562813
0022400068,2024-10-23,2024-25,HOU,CHA,0,0.6425697175795015,0.6433497696000287,0.6227424574026189,0.6227654725678715,0.690404210426236
0022400069,2024-10-23,2024-25,NOP,CHI,1,0.6310875814926474,0.546776772795111,0.5512720639023047,0.5511540298408143,0.6844507647489531
0022400070,2024-10-23,2024-25,UTA,MEM,0,0.5989124457128404,0.574545116892724,0.5759751559847411,0.5759685607824969,0.44839895981616523
0022400071,2024-10-23,2024-25,LAC,PHX,0,0.3442996061479408,0.28832472935123876,0.2938090394787865,0.29387599330788416,0.37405458390965757
0022400072,2024-10-23,2024-25,POR,GSW,0,0.2423476516511074,0.2197144625222707,0.2220140024883971,0.2220509772751667,0.21261655934629348
0022400073,2024-10-24,2024-25,WAS,BOS,0,0.13855525577760655,0.132512016635114,0.13313066374050667,0.13320422993263212,0.12840145008781645
0022400074,2024-10-24,2024-25,DAL,SAS,1,0.5228289437653733,0.5232785639137584,0.5268652929147286,0.5268961517414789,0.7789370341527495
0022400075,2024-10-24,2024-25,DEN,OKC,0,0.5540053034619414,0.5592977430421086,0.5596945110729716,0.5597051594651639,0.6041319893279807
0022400076,2024-10-24,2024-25,SAC,MIN,0,0.49072298924191027,0.5037241590189808,0.5029472170623439,0.5029564640725932,0.5024335935464013
0022400077,2024-10-25,2024-25,ORL,BKN,1,0.7050120732853841,0.7066673797876102,0.7053888043304132,0.7053395817527783,0.7608421375272433
0022400078,2024-10-25,2024-25,TOR,PHI,1,0.3916192758731226,0.3377475250754861,0.33918596860563444,0.33917073816363197,0.36297246275433565
0022400079,2024-10-25,2024-25,ATL,CHA,1,0.6273360040768081,0.5708216104953243,0.5724610198964654,0.572500396843161,0.5242941542745941
0022400080,2024-10-25,2024-25,CLE,DET,1,0.7342059300008913,0.7516644390827016,0.7507139961417337,0.7506934702622285,0.7398054154503676
0022400081,2024-10-25,2024-25,NYK,IND,1,0.6236304841065692,0.615091721687463,0.6128974115158236,0.6128977273682685,0.6387912747892638
0022400082,2024-10-25,2024-25,HOU,MEM,1,0.618231333150896,0.6047151204230246,0.6065172290368509,0.6065537041636222,0.5807913777090191
0022400083,2024-10-25,2024-25,MIL,CHI,0,0.6701741522013741,0.7104688087275548,0.7081763494038006,0.708172455802947,0.6975130906484366
0022400084,2024-10-25,2024-25,UTA,GSW,0,0.28194182228870807,0.26394247597893583,0.26569524617114737,0.2657398714223972,0.2305799496081028
0022400085,2024-10-25,2024-25,LAL,PHX,1,0.5147104555506115,0.5209756670485578,0.5188662535521882,0.5189243694840134,0.49950388715944705
0022400086,2024-10-25,2024-25,POR,NOP,0,0.2414880811259932,0.2456591372409259,0.2465231511022879,0.24661801445317327,0.188868160028455
0022400087,2024-10-26,2024-25,DEN,LAC,0,0.6597483030286506,0.6709454943559423,0.6699807679475123,0.6699402848061282,0.696604419748737
0022400088,2024-10-26,2024-25,CHA,MIA,0,0.39539372779034393,0.3460265554060591,0.3303515168208625,0.33027532326444037,0.43489266455915676
0022400089,2024-10-26,2024-25,DET,BOS,0,0.17701114535627746,0.15813474227790508,0.15852909988291272,0.1585547544418444,0.12430776983244528
0022400090,2024-10-26,2024-25,WAS,CLE,0,0.3211598913427643,0.24632833082917563,0.25028541237952184,0.25034610310619626,0.25672420904523297
0022400091,2024-10-26,2024-25,CHI,OKC,0,0.3119147360129142,0.30640345236236016,0.30669002274108903,0.30672899386004215,0.2920937428661694
0022400092,2024-10-26,2024-25,MEM,ORL,1,0.3823095864778747,0.31099385100357985,0.31890237881071803,0.31886358278532334,0.40814962464470234
0022400093,2024-10-26,2024-25,MIN,TOR,1,0.8618378313803079,0.854588290759656,0.8628682665405571,0.8628425336339436,0.884482592714444
0022400094,2024-10-26,2024-25,SAS,HOU,1,0.5352604488901298,0.46386350937290677,0.4659446750467059,0.46592575848566914,0.5152042172399426
0022400095,2024-10-26,2024-25,PHX,DAL,1,0.5435096747099322,0.4880050550383285,0.4798804502366351,0.47983729521774565,0.5357480049540447
0022400096,2024-10-26,2024-25,LAL,SAC,1,0.5648934717153309,0.5887969753796074,0.5863785588878985,0.5863629152145374,0.5917452568149116
0022400097,2024-10-27,2024-25,IND,PHI,0,0.6647008749436054,0.7071793439606118,0.7053968647182165,0.7053588138411105,0.7172507391428422
0022400098,2024-10-27,2024-25,BKN,MIL,1,0.3761295652228493,0.3475899442838997,0.34910134369909457,0.34915952420293667,0.3351398363884996
0022400099,2024-10-27,2024-25,POR,NOP,1,0.24654789888591733,0.23394779696290932,0.23625456960223573,0.23629760200547759,0.1977833325357078
0022400100,2024-10-27,2024-25,OKC,ATL,1,0.7071501689566829,0.7724097985219384,0.7694956612968226,0.7694940240033389,0.751715250738351
0022400101,2024-10-27,2024-25,GSW,LAC,0,0.7706133485828718,0.7722794571074308,0.7719204260161481,0.7718844997826697,0.7853912937963491
0022400102,2024-10-28,2024-25,ORL,IND,1,0.6217273419940125,0.6010231946200743,0.6082796793876042,0.6082741033560137,0.6385416449640609
0022400103,2024-10-28,2024-25,ATL,WAS,0,0.6604609068891193,0.6268371238732737,0.6267131166587927,0.6266573965351722,0.6885680065221113
0022400104,2024-10-28,2024-25,BOS,MIL,1,0.8516801426171344,0.8455963055058354,0.8445484140462779,0.8445207348449004,0.8293969015166704
0022400105,2024-10-28,2024-25,MIA,DET,1,0.6805255926179234,0.6708072272502694,0.6713327771074149,0.6713570958230302,0.6783513173526037
0022400106,2024-10-28,2024-25,NYK,CLE,0,0.6245099150581566,0.6117766805663535,0.6112272054955468,0.6111899511264438,0.6460826516192972
0022400107,2024-10-28,2024-25,TOR,DEN,0,0.28176208925184204,0.28826108564741215,0.2893744174613479,0.28939579910561475,0.26478238455703274
0022400108,2024-10-28,2024-25,MEM,CHI,0,0.5123142665149936,0.48793779237562745,0.44187870352254716,0.4418331834343657,0.48216396110889237
0022400109,2024-10-28,2024-25,SAS,HOU,0,0.46485379358558515,0.44695885365931437,0.438966948125886,0.43898646177167305,0.4267734786346222
0022400110,2024-10-28,2024-25,DAL,UTA,1,0.7973087612319276,0.8102703868264534,0.8088892953377199,0.808821806312005,0.8188427641060247
0022400111,2024-10-28,2024-25,PHX,LAL,1,0.5774771968184546,0.5775507046379634,0.5753274488279048,0.5753261353453819,0.5776331683788242
0022400112,2024-10-28,2024-25,SAC,POR,1,0.8250385296958364,0.8257772114913997,0.8247729704001409,0.8247281880790254,0.8342325049497886
0022400113,2024-10-29,2024-25,BKN,DEN,0,0.43765298208871567,0.3580357726020926,0.3618945761817171,0.36191714346634124,0.3558755537106284
0022400114,2024-10-29,2024-25,MIN,DAL,0,0.6858694118299503,0.637994599847788,0.638275359891497,0.6382847071249754,0.6423136256820021
0022400115,2024-10-29,2024-25,UTA,SAC,0,0.34519018390308576,0.3152994755435797,0.31776103932711547,0.31776056820559595,0.3280451478707239
0022400116,2024-10-29,2024-25,GSW,NOP,1,0.6668019738779513,0.5238031178483492,0.5279413265340485,0.5278631231383041,0.6043796205268217
0022400117,2024-10-30,2024-25,CHA,TOR,1,0.6284271069550148,0.6904018359164392,0.6863197708189481,0.6863240599685534,0.6552758114021058
0022400118,2024-10-30,2024-25,CLE,LAL,1,0.5500427604709344,0.5505845640325606,0.5502742784164267,0.5502775613847798,0.555438790730613
0022400119,2024-10-30,2024-25,IND,BOS,1,0.34244284468257064,0.3010228956110765,0.269468118606167,0.2694818228211519,0.25571453764578983
0022400120,2024-10-30,2024-25,PHI,DET,0,0.6183515179129221,0.6054213010917405,0.606199961292086,0.6062479248683219,0.5707296156247164
0022400121,2024-10-30,2024-25,WAS,ATL,1,0.42634686186520976,0.4459625019598788,0.44557263895735594,0.44559706983907577,0.38832020518817545
0022400122,2024-10-30,2024-25,MIA,NYK,0,0.4440853478088287,0.4449668845435202,0.44548235742425724,0.4455411015654,0.3770044771884538
0022400123,2024-10-30,2024-25,CHI,ORL,1,0.45471623610718914,0.41284298745504094,0.413900872794104,0.41389549519960606,0.374912604963896
0022400124,2024-10-30,2024-25,MEM,BKN,0,0.6437396667129499,0.6908634278282356,0.7023088875203348,0.7022770505170417,0.685367051261587
0022400125,2024-10-30,2024-25,OKC,SAS,1,0.7990048420536993,0.8134465741403104,0.8121654433556804,0.8121420430086695,0.8224108030105146
0022400126,2024-10-30,2024-25,GSW,NOP,1,0.6969773133816223,0.7752146828979648,0.7732545077655578,0.7732950810531507,0.7593909172577689
0022400127,2024-10-30,2024-25,LAC,POR,0,0.7713126037681557,0.7831570006732482,0.7814799132005399,0.7814504946166491,0.7991648333289493
0022400128,2024-10-31,2024-25,MEM,MIL,1,0.38623994964974484,0.2968393467994286,0.2756228738808479,0.27555001902481596,0.3704410255713089
0022400129,2024-10-31,2024-25,DAL,HOU,0,0.6399836076443252,0.6443917743504148,0.6436488764866383,0.6436202508299191,0.6634348895946545
0022400130,2024-10-31,2024-25,UTA,SAS,0,0.5600299715332617,0.5196228411902608,0.47558203670687854,0.475546513886108,0.4936506976616797
0022400131,2024-10-31,2024-25,LAC,PHX,0,0.36709850083585743,0.3784642051477062,0.37923048710435425,0.37928236890754397,0.3493603832163061
0022400132,2024-11-01,2024-25,CHA,BOS,0,0.20963374407739854,0.1971629649873057,0.21469504167766926,0.21474081111224314,0.21747217325454496
0022400133,2024-11-01,2024-25,CLE,ORL,1,0.6179713354265747,0.6874961159561322,0.6880456043010768,0.6881095524748557,0.6542438331068737
0022400134,2024-11-01,2024-25,DET,NYK,0,0.30012311026044886,0.3007323650206577,0.3012408516827738,0.3012742113546371,0.29185350215005335
0022400135,2024-11-01,2024-25,ATL,SAC,0,0.3477131842086194,0.32490455003353996,0.3271830615956237,0.32722859719376907,0.28620861769453815
0022400136,2024-11-01,2024-25,BKN,CHI,1,0.5156371418662579,0.47157328337991666,0.4724694761331584,0.47249888271700335,0.48040377072471824
0022400137,2024-11-01,2024-25,TOR,LAL,0,0.29840577136241075,0.28503603584299525,0.28640377731163585,0.2864388795025516,0.23951029238970925
0022400138,2024-11-01,2024-25,NOP,IND,1,0.45631445376721824,0.42170126512705386,0.44152376624626594,0.44161594852183167,0.40565154518024166
0022400139,2024-11-01,2024-25,MIN,DEN,1,0.5677958674533878,0.5696959962814976,0.5691694626518525,0.5691662821482693,0.5807356899131018
0022400140,2024-11-01,2024-25,POR,OKC,0,0.21785491337914925,0.201398887041183,0.202774397634349,0.20281055356413705,0.19079852543504597
0022400141,2024-11-02,2024-25,CHA,BOS,0,0.23053770182298217,0.20097366083479412,0.17438534614123252,0.17440568152779576,0.15535031742591973
0022400142,2024-11-02,2024-25,PHI,MEM,0,0.5635648287478473,0.5575112578396482,0.557972345508957,0.5580064823654333,0.5524534517720588
0022400143,2024-11-02,2024-25,TOR,SAC,1,0.3121308006072376,0.3176778738363129,0.31844384981269563,0.3184811840769033,0.2906952634156675
0022400144,2024-11-02,2024-25,HOU,GSW,0,0.4593741323308494,0.4157418286683279,0.41634563958532406,0.41630692560666877,0.43613967963406586
0022400145,2024-11-02,2024-25,MIL,CLE,0,0.4575576553888743,0.451571657560502,0.45266165137983605,0.45270684222884633,0.42757695306088456
0022400146,2024-11-02,2024-25,SAS,MIN,1,0.4455444893620447,0.4214842109640932,0.4238347948726704,0.4238478523285329,0.43608976726520676
0022400148,2024-11-02,2024-25,DEN,UTA,1,0.7863155602928923,0.815150350655951,0.813095989080411,0.8130589811335754,0.8138337643619475
0022400149,2024-11-02,2024-25,PHX,POR,1,0.883838336976717,0.8838288500205518,0.8819943206213041,0.8819597004143567,0.9075976367680544
0022400150,2024-11-02,2024-25,LAC,OKC,0,0.45609713653559625,0.42328346605680106,0.4249502348520512,0.42496582009574574,0.40919301658690044
0022400151,2024-11-03,2024-25,BKN,DET,0,0.6223544743099919,0.6070443121158825,0.6079871894194114,0.6080191186968584,0.6140798489516174
0022400152,2024-11-03,2024-25,NOP,ATL,0,0.6826220870481123,0.6709196376169572,0.6607668624084811,0.6607411800922665,0.6156433807006185
0022400153,2024-11-03,2024-25,DAL,ORL,1,0.6361593834351812,0.6472773293398003,0.6454284253589658,0.6454046147193961,0.6298589005008016
0022400154,2024-11-04,2024-25,CLE,MIL,1,0.716721763552059,0.7044757400038401,0.7102925117584576,0.7102962395242047,0.7264373825391716
0022400155,2024-11-04,2024-25,WAS,GSW,0,0.232123684878077,0.21516260738968154,0.20729733768081393,0.2073349460021217,0.17739671626512316
0022400156,2024-11-04,2024-25,DET,LAL,1,0.29145121746699737,0.296965721416754,0.2975773681262405,0.29759583815669605,0.3306489165087582
0022400157,2024-11-04,2024-25,ATL,BOS,0,0.1621755549162316,0.15331406623651675,0.15469394387016597,0.1547427793475627,0.14691868443322523
0022400158,2024-11-04,2024-25,BKN,MEM,1,0.4638244640621235,0.40521566395813735,0.4073253548291812,0.40730617402781216,0.4387485297188236
0022400159,2024-11-04,2024-25,MIA,SAC,0,0.5382294907944455,0.49977736203495227,0.49953213129034574,0.4995133294325741,0.518004542430043
0022400160,2024-11-04,2024-25,CHI,UTA,0,0.7554969218669871,0.7246227561426665,0.7244202217761044,0.7243360007647246,0.8144426769304648
0022400161,2024-11-04,2024-25,HOU,NYK,1,0.3866926114586235,0.40028395613972134,0.40130084040405684,0.408779616822013,0.3864410695339955
0022400162,2024-11-04,2024-25,MIN,CHA,1,0.7532872966950376,0.7422588964670419,0.7582095017808084,0.7582015881389488,0.7469934229023037
0022400163,2024-11-04,2024-25,OKC,ORL,1,0.8168235441306799,0.8221050375026795,0.8214435738705237,0.8214421791365348,0.8318370884168973
0022400164,2024-11-04,2024-25,NOP,POR,0,0.5820925527371074,0.5416944545762098,0.5433131916048507,0.5433157574908154,0.5814693442270356
0022400165,2024-11-04,2024-25,DAL,IND,0,0.539838878926612,0.6210940661496841,0.6183222617030314,0.6125670780905754,0.6497502151270013
0022400166,2024-11-04,2024-25,DEN,TOR,1,0.7867027640548141,0.79285462029606,0.7921342929967293,0.7921184942344408,0.8018100151938373
0022400167,2024-11-04,2024-25,PHX,PHI,1,0.7893570147264395,0.7560033563182402,0.762934170746947,0.7629134021491811,0.784664577958516
0022400168,2024-11-04,2024-25,LAC,SAS,1,0.6096050249771351,0.6058538047142268,0.6057428788385539,0.6057457867506365,0.6010031485288456
0022400169,2024-11-06,2024-25,CHA,DET,1,0.46212310270944645,0.44739837903432067,0.4623204461453786,0.46234127972565187,0.4659535668735329
0022400170,2024-11-06,2024-25,IND,ORL,1,0.6587136589772046,0.6608112296896819,0.6667771982479737,0.6667488181640838,0.6617210749884278
0022400171,2024-11-06,2024-25,ATL,NYK,1,0.26520303779704263,0.229358145833456,0.23222810519322623,0.23228422034772794,0.20744513468156822
0022400172,2024-11-06,2024-25,BOS,GSW,0,0.6549806241989282,0.6975601079210845,0.6956321664325681,0.695636479704488,0.7012619155689113
0022400173,2024-11-06,2024-25,HOU,SAS,1,0.6816513439678654,0.6550971551754663,0.6725216574568279,0.6725162389119919,0.640712587155707
0022400174,2024-11-06,2024-25,MEM,LAL,1,0.4298690818988624,0.47915167827553695,0.580058236965709,0.5801249908403856,0.5215634040572715
0022400175,2024-11-06,2024-25,NOP,CLE,0,0.2936152764353467,0.2816149336667747,0.3140429275709061,0.31408906864982256,0.3002006024563444
0022400176,2024-11-06,2024-25,DAL,CHI,1,0.7471549439592925,0.7687115455141548,0.7663297769454915,0.7662649697954045,0.7129603337755432
0022400177,2024-11-06,2024-25,DEN,OKC,1,0.42720460496794194,0.39349786374594714,0.39535705922840997,0.39532173121096104,0.4199611563129121
0022400178,2024-11-06,2024-25,PHX,MIA,1,0.7016520174985076,0.7118160885366035,0.7102534851728131,0.7102276086202057,0.7266238345321923
0022400179,2024-11-06,2024-25,LAC,PHI,1,0.6375807011907758,0.6382990705210929,0.6379239327200462,0.6379293649788911,0.6143864129130332
0022400180,2024-11-06,2024-25,SAC,TOR,1,0.7559157997500081,0.7621774029752393,0.7612722887472811,0.7612646028787265,0.7618455938112054
0022400181,2024-11-07,2024-25,CHI,MIN,0,0.32353154542483675,0.30703747245081825,0.30816004671660585,0.30817847817720095,0.3195737260353232
0022400182,2024-11-07,2024-25,MIL,UTA,1,0.7361624456502357,0.7166557838914853,0.715513740567524,0.7154825617699798,0.6928768039393489
0022400183,2024-11-07,2024-25,SAS,POR,1,0.5533969900829315,0.6035032316080865,0.608032007920612,0.6079898701560733,0.6376930925218809
0022400184,2024-11-08,2024-25,CHA,IND,1,0.3457825825365685,0.33217663343229265,0.32937790633909503,0.32936896010099653,0.36457617232280715
0022400185,2024-11-08,2024-25,DET,ATL,1,0.600548414831041,0.5853791188420571,0.5836191624642735,0.583526949987057,0.643760599532641
0022400186,2024-11-08,2024-25,ORL,NOP,1,0.6409219630916054,0.6906360361633478,0.7300962986394913,0.7301124631840724,0.716496243003754
0022400187,2024-11-08,2024-25,BOS,BKN,1,0.8446214963966366,0.8548128088858206,0.8543135196903306,0.8542617884980566,0.8686865623651479
0022400188,2024-11-08,2024-25,CLE,GSW,1,0.4677513926780729,0.5353696516355431,0.5336907886728356,0.533687562141872,0.5030103371850365
0022400189,2024-11-08,2024-25,NYK,MIL,1,0.7790799635400437,0.7727272039410031,0.7715465876311737,0.7715527351882444,0.7487370316524227
0022400190,2024-11-08,2024-25,DAL,PHX,0,0.4748338591334295,0.5306743553103345,0.5294950397999887,0.5295275869678618,0.4669948654690045
0022400191,2024-11-08,2024-25,MEM,WAS,1,0.7248166099648603,0.678513413275997,0.6791570304194524,0.6790862550051929,0.7337625079136997
0022400192,2024-11-08,2024-25,OKC,HOU,1,0.7280834291008267,0.7125909530647863,0.7059286071358455,0.7059384325253707,0.6966184084398799
0022400193,2024-11-08,2024-25,MIN,POR,1,0.8129085365449307,0.8241397938825918,0.8228118071833211,0.8227788298965153,0.8224665983866583
0022400194,2024-11-08,2024-25,DEN,MIA,1,0.6717834204045773,0.6817648783555643,0.6820309009211467,0.6820131289477516,0.7026452095903245
0022400195,2024-11-08,2024-25,LAL,PHI,1,0.5958853217114459,0.7111028020689262,0.7090508920878521,0.709068214565176,0.7011984427812123
0022400196,2024-11-08,2024-25,SAC,LAC,0,0.6050378854996115,0.5967709506304774,0.5960902895903635,0.5960769277784318,0.6055282816384167
0022400197,2024-11-09,2024-25,SAS,UTA,0,0.7004828263507812,0.6865027409628782,0.6904951769000529,0.6905073523948712,0.6761484870563901
0022400198,2024-11-09,2024-25,ATL,CHI,0,0.492289576466208,0.5083333801167551,0.5078931820462571,0.5079177861159223,0.45909536285505426
0022400199,2024-11-09,2024-25,CLE,BKN,1,0.7703779329726304,0.8147917069432679,0.8129550460582672,0.8129477979744032,0.8329076451704649
0022400200,2024-11-09,2024-25,LAC,TOR,1,0.7039732472462396,0.7201903158223644,0.719277133151702,0.719277027766117,0.7177406513278078
0022400201,2024-11-10,2024-25,DET,HOU,0,0.4244496499250872,0.4502461038497808,0.4479707214781475,0.4479826832334734,0.4310602512763241
0022400202,2024-11-10,2024-25,MIL,BOS,0,0.24962194438407057,0.26360381910235053,0.26450525137254194,0.2645112554331617,0.24048690431113148
0022400203,2024-11-10,2024-25,IND,NYK,1,0.44233534686330617,0.3881019826935603,0.3886718625503508,0.38868063998448665,0.3692825174195402
0022400204,2024-11-10,2024-25,ORL,WAS,1,0.7699561561454791,0.7827290471873154,0.7816882819961459,0.7816602568399459,0.7842374395229025
0022400205,2024-11-10,2024-25,PHI,CHA,1,0.5268868335134527,0.5024129816200369,0.5036502043290512,0.5036887460051761,0.5109815674800603
0022400206,2024-11-10,2024-25,MIN,MIA,0,0.6828591878678337,0.7308734568890642,0.7280834541975388,0.7280936048230096,0.7289978919052806
0022400207,2024-11-10,2024-25,OKC,GSW,0,0.6185609279281756,0.6279690556001492,0.6275730016241904,0.62756683968145,0.6034488475784877
0022400208,2024-11-10,2024-25,DEN,DAL,1,0.5918410700028288,0.6125598494833806,0.5904890969746214,0.5904964984591068,0.593321160547085
0022400209,2024-11-10,2024-25,PHX,SAC,0,0.668956201279521,0.5608647703688231,0.5850819246039978,0.5850352850945795,0.6255676386009209
0022400210,2024-11-10,2024-25,POR,MEM,0,0.41403413922999677,0.4267407816119321,0.42627636755941267,0.4262865425903932,0.4007531725524107
0022400211,2024-11-10,2024-25,LAL,TOR,1,0.7986620778865041,0.799425928259553,0.7989744809663322,0.7989527744445236,0.811860884410604
0022400212,2024-11-11,2024-25,CHI,CLE,0,0.3176628454734758,0.28911900839153376,0.27753293515645155,0.27753422746445555,0.24381613492829224
0022400213,2024-11-11,2024-25,HOU,WAS,1,0.8380362409046603,0.8079225200635733,0.8042739949100962,0.8042034282111967,0.847086279407957
0022400214,2024-11-11,2024-25,NOP,BKN,0,0.43101729202491706,0.525017926743184,0.5234622055260372,0.5235278641981906,0.4440104257838855
0022400215,2024-11-11,2024-25,OKC,LAC,1,0.6618109538104932,0.6517166590294731,0.6512842764842754,0.6512378148456147,0.6433030672137583
0022400216,2024-11-11,2024-25,SAS,SAC,1,0.4938197817072324,0.47728616553938197,0.48885683972400906,0.4888983019131124,0.4589730071936152
0022400001,2024-11-12,2024-25,BOS,ATL,0,0.8721872634522306,0.8908022732369276,0.889042419429428,0.8890341644362947,0.8924122603209141
0022400002,2024-11-12,2024-25,DET,MIA,1,0.48387151871111217,0.498853525332394,0.4968979620352891,0.496867665660816,0.5112286669527705
0022400003,2024-11-12,2024-25,ORL,CHA,1,0.6314863473943463,0.6718359201210116,0.6717970537617639,0.6718490964993484,0.6217798188426538
0022400004,2024-11-12,2024-25,PHI,NYK,0,0.36203209178091894,0.35234665956710676,0.35248893602464026,0.35252517870802796,0.3843009103383966
0022400005,2024-11-12,2024-25,MIL,TOR,1,0.7061883035648359,0.6605244150643874,0.6607966022322249,0.6607900886585586,0.664799086765414
0022400006,2024-11-12,2024-25,UTA,PHX,0,0.30215210946668525,0.2743978181893285,0.3031862484899097,0.30317634641014996,0.27423442798361775
0022400007,2024-11-12,2024-25,GSW,DAL,1,0.6514387984355795,0.6554266251278802,0.6549098123815652,0.6549097091039049,0.5956774437934997
0022400008,2024-11-12,2024-25,POR,MIN,1,0.2465689078839739,0.22809796317327213,0.20180602943232215,0.20180218068969819,0.2072310336942073
0022400217,2024-11-13,2024-25,ORL,IND,1,0.49061437457303014,0.5052771845020592,0.5053910594442513,0.5054013129340502,0.45505839976460766
0022400218,2024-11-13,2024-25,BKN,BOS,0,0.29647136919523964,0.2914383512849189,0.293158568149266,0.29320563150890494,0.24155621315528547
0022400219,2024-11-13,2024-25,NYK,CHI,0,0.7304958630727008,0.7183691275602259,0.7170932674125499,0.7170226074373868,0.7414944973241355
0022400220,2024-11-13,2024-25,PHI,CLE,0,0.2776320475280613,0.16398557589181476,0.16649063069338965,0.16648428488777617,0.1657619573643491
0022400221,2024-11-13,2024-25,OKC,NOP,1,0.8532328609900965,0.8805357414372459,0.8788800040665893,0.8788507209539771,0.8904411046106703
0022400222,2024-11-13,2024-25,HOU,LAC,1,0.5541803947075076,0.548909624135116,0.53838548057253,0.538354995026595,0.597709443892939
0022400223,2024-11-13,2024-25,MIL,DET,1,0.5875954643431749,0.692329471195844,0.6745597910939859,0.6746234836011474,0.6703658888770416
0022400224,2024-11-13,2024-25,SAS,WAS,1,0.7658963682277704,0.7749069947172659,0.7699253384023175,0.7698944317648346,0.785651697825414
0022400225,2024-11-13,2024-25,LAL,MEM,1,0.5724443489399162,0.5767804136013992,0.5849788029257326,0.5849533959944012,0.6231027804374409
0022400226,2024-11-13,2024-25,POR,MIN,1,0.3194140819135467,0.24122921347712198,0.2439953105405948,0.2440044462408191,0.22973284084209797
0022400227,2024-11-13,2024-25,SAC,PHX,1,0.5931930080525619,0.61273800185366,0.643056413668426,0.6430913513473003,0.599224047326163
0022400228,2024-11-14,2024-25,UTA,DAL,1,0.24408201924274459,0.2563562939911928,0.30630882871074666,0.3063704556575403,0.2520760228206918
0022400009,2024-11-15,2024-25,IND,MIA,0,0.6067446921141642,0.6122719446638953,0.6117108155019703,0.6116845008088858,0.5954939999221449
0022400010,2024-11-15,2024-25,ORL,PHI,1,0.7406144301006089,0.7492924992318947,0.7487840920233181,0.7487598921215367,0.6562051426270612
0022400011,2024-11-15,2024-25,TOR,DET,0,0.4735442315531528,0.48284915718868043,0.48724929687607316,0.4872453041710214,0.5000254800436684
0022400012,2024-11-15,2024-25,ATL,WAS,1,0.7181912217415538,0.7258371451133829,0.7245072398952213,0.72448876954556,0.766195783753547
0022400013,2024-11-15,2024-25,CLE,CHI,1,0.7680839790272819,0.769500639159417,0.7686391152006707,0.7686104624977869,0.8141707859733143
0022400014,2024-11-15,2024-25,NYK,BKN,1,0.7806737591168329,0.7842839862095105,0.7824156660765562,0.7823825145626017,0.766606575912295
0022400015,2024-11-15,2024-25,SAS,LAL,0,0.44777523613222825,0.5150006721944067,0.5133225706141346,0.5133766299760514,0.48569034095206476
0022400016,2024-11-15,2024-25,HOU,LAC,1,0.60765121898986,0.6073864182024227,0.6118393966032643,0.6118283774944068,0.6290875451267034
0022400017,2024-11-15,2024-25,NOP,DEN,1,0.2259427658912274,0.26491520411863545,0.26756292717058916,0.2676331620260423,0.23576489451885552
0022400018,2024-11-15,2024-25,OKC,PHX,1,0.695514017653569,0.7159508922483475,0.6921797335049529,0.6921708789999336,0.7121233591893359
0022400019,2024-11-15,2024-25,GSW,MEM,1,0.7157273374296687,0.730166380139797,0.7358463258207838,0.7358098126574196,0.7628271042004322
0022400020,2024-11-15,2024-25,SAC,MIN,0,0.5781921097898765,0.5471176753691105,0.5479014147275567,0.5478351663990163,0.587956599660783
0022400229,2024-11-16,2024-25,CHA,MIL,1,0.45656122573165075,0.4441560768519014,0.44638839513540757,0.4463644028983396,0.4785461544617159
0022400230,2024-11-16,2024-25,BOS,TOR,1,0.9256769613954687,0.9011370749108658,0.9015090063908368,0.9014868731530574,0.9259856939780263
0022400231,2024-11-16,2024-25,NOP,LAL,0,0.35863952205960276,0.25440468617152145,0.2575815875613222,0.25764083396607196,0.2465076802086453
0022400232,2024-11-16,2024-25,DAL,SAS,1,0.7364215900871092,0.7637452579001437,0.7623264654484828,0.7623730021710182,0.739088071789166
0022400233,2024-11-16,2024-25,SAC,UTA,1,0.7409210472794219,0.715164566934787,0.7149800789415276,0.7149301995635019,0.7469417309692525
0022400234,2024-11-17,2024-25,MIN,PHX,1,0.5887834638153501,0.5819784342841423,0.5807325718881609,0.5807251080368094,0.578337048987247
0022400235,2024-11-17,2024-25,IND,MIA,1,0.5421068418008979,0.5531000893777949,0.5525561638236088,0.5525548429606929,0.548958509719014
0022400236,2024-11-17,2024-25,CLE,CHA,1,0.8644507034795061,0.8190523836621046,0.8243018032246645,0.8242954887963029,0.8147842766286815
0022400237,2024-11-17,2024-25,WAS,DET,0,0.40382519614829826,0.3654506764812958,0.3752342186069308,0.3752713030565357,0.40701692831049313
0022400238,2024-11-17,2024-25,MEM,DEN,1,0.4836515318548609,0.4448380202613651,0.4455794036864817,0.4455514271711808,0.5003756522897368
0022400239,2024-11-17,2024-25,POR,ATL,1,0.4290748001573389,0.4837076533213096,0.4823373243946672,0.4823980836420288,0.47310668257656324
0022400240,2024-11-17,2024-25,NYK,BKN,1,0.735469870616635,0.7350603950472949,0.7383211259179421,0.7383010509996363,0.8064967877568087
0022400241,2024-11-17,2024-25,CHI,HOU,0,0.36958535597460074,0.40132713680155385,0.39157753771504394,0.3916114929806298,0.38667141539487215
0022400242,2024-11-17,2024-25,OKC,DAL,0,0.7526310186592312,0.74940421463248,0.7486118390875893,0.7486515359091154,0.7476186532672818
0022400243,2024-11-17,2024-25,LAC,UTA,1,0.7891132176870692,0.792375136723742,0.792126218536587,0.7921150708013373,0.8010797053631089
0022400244,2024-11-18,2024-25,DET,CHI,0,0.6071903404689417,0.6160134066882025,0.6154667829617366,0.6154563702640794,0.6202187078897893
0022400245,2024-11-18,2024-25,MIA,PHI,1,0.6049063400758162,0.6650024930257088,0.6638835459738573,0.6638110679657175,0.5909122230357531
0022400246,2024-11-18,2024-25,NYK,WAS,1,0.8801377812487593,0.8822029069268459,0.8809080759234449,0.8809139905805765,0.856245417327328
0022400247,2024-11-18,2024-25,TOR,IND,1,0.40290584374440563,0.4661735245399358,0.46536913221752235,0.46541796596154256,0.43196231373401756
0022400248,2024-11-18,2024-25,MIL,HOU,1,0.48946990047962974,0.4816483813782977,0.4825979325134936,0.48257708596344395,0.47816098546760677
0022400249,2024-11-18,2024-25,PHX,ORL,0,0.48871562972950294,0.42492623754917414,0.42692950612924724,0.4269262513767238,0.42665428646467357
0022400250,2024-11-18,2024-25,SAC,ATL,0,0.7686211729512803,0.7631999803083626,0.7627414980565959,0.762734349276763,0.7388146094710111
0022400251,2024-11-18,2024-25,LAC,GSW,1,0.3233119073757111,0.34724440692148556,0.34685860799772006,0.3468872216968315,0.3198042412099051
0022400021,2024-11-19,2024-25,BOS,CLE,1,0.6750477429689328,0.760286228073229,0.7795526914443753,0.7795745060025513,0.6887236969126695
0022400022,2024-11-19,2024-25,BKN,CHA,1,0.5987640577388017,0.5803074542925745,0.5803938081030822,0.5804260613758,0.5882206937187492
0022400023,2024-11-19,2024-25,MEM,DEN,0,0.534683878170267,0.5113933412163042,0.5093960703209022,0.5093601891763969,0.5352202272373774
0022400024,2024-11-19,2024-25,DAL,NOP,1,0.8150976132088552,0.8434237851987759,0.8415996872711984,0.8415389516204219,0.8218628124881174
0022400025,2024-11-19,2024-25,SAS,OKC,1,0.29110732848519455,0.31134238328120667,0.31027684260769123,0.31031603356842535,0.2852934493430191
0022400026,2024-11-19,2024-25,LAL,UTA,1,0.7719558563336951,0.7750979284746601,0.7737600568115857,0.7737510663184515,0.7728834575915254
0022400252,2024-11-20,2024-25,CLE,NOP,1,0.8505113973548947,0.943733047155891,0.941670691877881,0.9416494815718777,0.9288424373456379
0022400253,2024-11-20,2024-25,MIL,CHI,1,0.6267549200913088,0.6767244088670713,0.674899529704171,0.6749160063477979,0.6435762119737223
0022400254,2024-11-20,2024-25,HOU,IND,1,0.7057192584761919,0.6768812649024799,0.6500241988939421,0.6500391190877699,0.6282153283544435
0022400255,2024-11-20,2024-25,MEM,PHI,1,0.5901110667635432,0.5523233525043908,0.5430084025886894,0.5430326147881135,0.5702146958006982
0022400256,2024-11-20,2024-25,OKC,POR,1,0.8155475747014513,0.8290294571334051,0.8318916712566832,0.8318674337902442,0.8359683872275294
0022400257,2024-11-20,2024-25,PHX,NYK,0,0.4268732369822189,0.42641749213638314,0.42774053113110366,0.4277795070093884,0.38364594804913393
0022400258,2024-11-20,2024-25,GSW,ATL,1,0.7764717154759854,0.7810458387606316,0.7835615656494582,0.7835486672043839,0.8048326873434755
0022400259,2024-11-20,2024-25,LAC,ORL,1,0.5024053174279591,0.4678623077252302,0.46879062845858027,0.4687490500374428,0.49527804870733755
0022400260,2024-11-21,2024-25,CHA,DET,1,0.5039232193958968,0.48645910906711837,0.4818847096504901,0.48183807951340973,0.5332473052760314
0022400261,2024-11-21,2024-25,TOR,MIN,1,0.30281954716690335,0.33057639030072844,0.33105730414684353,0.3310688147910444,0.3221298166521021
0022400262,2024-11-21,2024-25,SAS,UTA,1,0.7041400949165171,0.7349364077486582,0.733211119168341,0.733212441656338,0.749091211226773
0022400263,2024-11-21,2024-25,LAL,ORL,0,0.604935112874698,0.6462862614939858,0.644951025398336,0.6449777704042928,0.6297231781939074
0022400027,2024-11-22,2024-25,PHI,BKN,1,0.5461745243520117,0.5132446282410834,0.45516528780544807,0.45508064997582365,0.4743318819407563
0022400028,2024-11-22,2024-25,WAS,BOS,0,0.13106109626629348,0.14232790950363697,0.14263070831375485,0.14265430017406858,0.10623665167682296
0022400029,2024-11-22,2024-25,MIL,IND,1,0.5778186155566228,0.5734477375634524,0.5734397741547439,0.5734363817909843,0.5792711912383641
0022400030,2024-11-22,2024-25,CHI,ATL,1,0.5332665406006527,0.5231339413724272,0.52298229744524,0.522969645910873,0.5316579578079277
0022400031,2024-11-22,2024-25,HOU,POR,1,0.7802198061036573,0.8101703001907168,0.7993299848112537,0.7993338536588748,0.8048984546554031
0022400032,2024-11-22,2024-25,NOP,GSW,0,0.13691568954013125,0.1433035582630129,0.14530994542560335,0.14534195969944558,0.17249991953854826
0022400033,2024-11-22,2024-25,DEN,DAL,0,0.4921994047128812,0.5347941514254856,0.5456683008892794,0.545703128135184,0.5295905280959595
0022400034,2024-11-22,2024-25,LAC,SAC,1,0.5494989733303107,0.5613606581211357,0.5615707179294961,0.5615593925127144,0.5544277904336807
0022400264,2024-11-23,2024-25,UTA,NYK,1,0.20040475227636564,0.18855851813585195,0.18383335970415438,0.18384171304522712,0.18302162808097003
0022400265,2024-11-23,2024-25,ORL,DET,1,0.6733903554589524,0.6923256761563426,0.6920626144399662,0.6921305187145527,0.6523369308183697
0022400266,2024-11-23,2024-25,CHI,MEM,0,0.3979726492746642,0.3898509108093566,0.3980405269772608,0.39801541378601946,0.4067738927535269
0022400267,2024-11-23,2024-25,HOU,POR,0,0.817054649188755,0.8503762111654789,0.8393080504265511,0.8392968144218919,0.8546957526064325
0022400268,2024-11-23,2024-25,MIL,CHA,1,0.6154483184631606,0.6767127340884809,0.6749405254046662,0.6749630352570769,0.6474166238866088
0022400269,2024-11-23,2024-25,SAS,GSW,1,0.4071662893562301,0.3877050767147163,0.3890280410028919,0.38902899386142875,0.3797410218530118
0022400270,2024-11-23,2024-25,LAL,DEN,0,0.5747520119529549,0.5453635390120134,0.546787849461086,0.5467993817774769,0.5851247488781851
0022400271,2024-11-24,2024-25,BOS,MIN,1,0.7461821593591744,0.7364346082841099,0.7362108639387772,0.736166796064498,0.823452012090785
0022400272,2024-11-24,2024-25,IND,WAS,1,0.7626954643002308,0.802783414099308,0.7947236241600492,0.7947357445303685,0.7792360541203206
0022400273,2024-11-24,2024-25,MIA,DAL,1,0.4814719312423906,0.5153443872976409,0.50222594132805,0.5022113631000357,0.5289645516266397
0022400274,2024-11-24,2024-25,PHI,LAC,0,0.35212625489226923,0.34093448792245795,0.34223877199141517,0.34226004924750686,0.34195602386981205
0022400275,2024-11-24,2024-25,CLE,TOR,1,0.8170491126696352,0.8260592997674643,0.8257432754344949,0.825727690346015,0.8153874652898185
0022400276,2024-11-24,2024-25,SAC,BKN,0,0.7019788587656992,0.752886614563363,0.7942517918596116,0.7942767283809986,0.7701627651289977
0022400277,2024-11-25,2024-25,CHA,ORL,0,0.36630254581952254,0.3086939677992523,0.30939902687348786,0.3094111499988935,0.28102990220364343
0022400278,2024-11-25,2024-25,DET,TOR,1,0.7113733328637843,0.6872217636839236,0.6861587696029715,0.6861957115715481,0.614208344685117
0022400279,2024-11-25,2024-25,IND,NOP,1,0.6425633450569185,0.6509501743402148,0.7147414988332106,0.7147241644689112,0.6915948620048767
0022400280,2024-11-25,2024-25,ATL,DAL,0,0.40973594983522144,0.4454521344070667,0.4431825727080144,0.4432591224214055,0.44015840277621354
0022400281,2024-11-25,2024-25,BOS,LAC,1,0.7777135790232134,0.7375504692088355,0.7371976514939819,0.7371447725540478,0.7376420788150141
0022400282,2024-11-25,2024-25,MEM,POR,1,0.7188897974026183,0.7719276678989582,0.7424515366039436,0.7424610440476117,0.7349329696513558
0022400283,2024-11-25,2024-25,DEN,NYK,0,0.5501304133870899,0.562333964126684,0.5556821081851173,0.555695000989404,0.5755881469597217
0022400284,2024-11-25,2024-25,GSW,BKN,0,0.8687033756554884,0.9053443335041143,0.9033801354075988,0.9033874477063819,0.8933825243448513
0022400285,2024-11-25,2024-25,SAC,OKC,0,0.30997373201178313,0.32394394379521874,0.32494629325687263,0.3249678800036828,0.33084305589994994
0022400035,2024-11-26,2024-25,WAS,CHI,0,0.37468368808004604,0.3634135191457656,0.364555506359278,0.36456042390347176,0.36981323886104994
0022400036,2024-11-26,2024-25,MIA,MIL,0,0.5996584192496305,0.6190578930102854,0.6177795083401161,0.6178148726072292,0.6086504791893765
0022400037,2024-11-26,2024-25,MIN,HOU,0,0.47660190108769956,0.4884430695048793,0.4722983044186381,0.4722951992388757,0.4723792382747075
0022400038,2024-11-26,2024-25,UTA,SAS,0,0.3874098752012197,0.33648853484865726,0.3367675537778817,0.3367273367000832,0.3564461393450291
0022400039,2024-11-26,2024-25,PHX,LAL,1,0.5582255594813411,0.6226622451077074,0.6205401446785322,0.6205197449739036,0.6439681453869252
0022400286,2024-11-27,2024-25,CHA,MIA,0,0.4233812300548242,0.4192921014550258,0.40571983094699865,0.40574587428709913,0.40198740039570274
0022400287,2024-11-27,2024-25,CLE,ATL,0,0.7838387053586727,0.7869380660125375,0.7863782111110976,0.7863848437077962,0.7889563871167515
0022400288,2024-11-27,2024-25,IND,POR,1,0.6830738571142432,0.7573325336543836,0.7469805105592676,0.7470102468689821,0.7046116766001856
0022400289,2024-11-27,2024-25,ORL,CHI,1,0.7898222096518902,0.784981489019871,0.7852081000480314,0.7851856733710754,0.7644975603196195
0022400290,2024-11-27,2024-25,PHI,HOU,0,0.3452809762904283,0.28736177565683857,0.2903504243295047,0.2903277797654257,0.2921232308541339
0022400291,2024-11-27,2024-25,WAS,LAC,0,0.18898758179705086,0.19060592936109969,0.1872483115575014,0.18727157600702501,0.18099894317177417
0022400292,2024-11-27,2024-25,DAL,NYK,1,0.5227071598826878,0.5026330509533992,0.5045041402265149,0.504484622886876,0.4928495363752672
0022400293,2024-11-27,2024-25,MEM,DET,1,0.6887015251877576,0.6556392207403391,0.6970018710925813,0.6970150836440266,0.7000321294938056
0022400294,2024-11-27,2024-25,MIN,SAC,0,0.5370272570471497,0.6139707962214173,0.6103569575633023,0.6104411985818304,0.5694392743976971
0022400295,2024-11-27,2024-25,NOP,TOR,0,0.4662576053075527,0.3885482261845328,0.4053912749805109,0.40543357084668,0.40781328380233606
0022400296,2024-11-27,2024-25,SAS,LAL,0,0.6151236663308202,0.6101627948777961,0.6094214587948461,0.6094382749252518,0.5670576579445968
0022400297,2024-11-27,2024-25,PHX,BKN,0,0.6883215707862815,0.7082968806334928,0.722139971056146,0.7221893831108694,0.6206347976720352
0022400298,2024-11-27,2024-25,UTA,DEN,0,0.24160745668597647,0.143941848228113,0.14622888779024026,0.14622417442419894,0.19545332618877578
0022400299,2024-11-27,2024-25,GSW,OKC,0,0.49496585048391406,0.39739597151359973,0.39789763383473026,0.3978817797950081,0.413981158213879
0022400040,2024-11-29,2024-25,CHA,NYK,0,0.2485069173448392,0.19152855482026923,0.1939772130733219,0.19397509522033962,0.2041259821143615
0022400041,2024-11-29,2024-25,ATL,CLE,1,0.3623987004056707,0.3708599416992575,0.37001192184285053,0.36999380044401403,0.32999470982494233
0022400042,2024-11-29,2024-25,MEM,NOP,1,0.7995102702519675,0.7858960128034952,0.8019661137646877,0.8019775680792527,0.790753481108453
0022400043,2024-11-29,2024-25,BKN,ORL,0,0.46378793668560064,0.3588549832077865,0.360682626352836,0.3606277174566238,0.4088351220564747
0022400044,2024-11-29,2024-25,MIN,LAC,1,0.5182650928669921,0.5008892708432611,0.5011617303688484,0.5011692002456337,0.4974055498968632
0022400045,2024-11-29,2024-25,IND,DET,0,0.6493185807173371,0.6398566709124622,0.6348403952942467,0.6348505809405613,0.6156670854591652
0022400046,2024-11-29,2024-25,MIA,TOR,1,0.6692567904185899,0.6373346242199146,0.6380811020455552,0.6381140676397439,0.6542139512735351
0022400047,2024-11-29,2024-25,CHI,BOS,0,0.2041623642705052,0.18506242516456078,0.18685178882450343,0.18684264561759392,0.17708380657095632
0022400048,2024-11-29,2024-25,LAL,OKC,0,0.335410481992736,0.3293434694341682,0.3299806162428224,0.3299871015815676,0.3265463824953724
0022400049,2024-11-29,2024-25,POR,SAC,1,0.3589629168493775,0.3236637406586065,0.3277815804646267,0.32777076440842307,0.360579191066062
0022400300,2024-11-30,2024-25,CHA,ATL,0,0.4751382283716337,0.44991602338179587,0.4366914957998495,0.43673937083036085,0.39967519758794273
0022400301,2024-11-30,2024-25,DET,PHI,0,0.5715094754138751,0.6066914389691478,0.5878606491710344,0.5878682865885261,0.5943225428299995
0022400302,2024-11-30,2024-25,MIL,WAS,1,0.8304963481690844,0.8624925771020747,0.8608902112902452,0.8608911517919713,0.8648006055156229
0022400303,2024-11-30,2024-25,PHX,GSW,1,0.5064290553812903,0.4119338462352402,0.3925692814972129,0.3925012744538519,0.4612413320271265
0022400304,2024-11-30,2024-25,UTA,DAL,0,0.18661893272427504,0.16591788674830601,0.16717609753618776,0.16720562602533043,0.22088824941206128
0022400305,2024-12-01,2024-25,BKN,ORL,0,0.36401578084375,0.34936586842268647,0.34952202137607574,0.34953413170932546,0.3738808158862419
0022400306,2024-12-01,2024-25,MEM,IND,1,0.7037814543379534,0.6800596958697506,0.6792411156628901,0.679241481624096,0.6927225595153678
0022400307,2024-12-01,2024-25,CLE,BOS,1,0.35923543910394734,0.45151987712051356,0.44907179219013355,0.4491874707908516,0.324508012722638
0022400308,2024-12-01,2024-25,NYK,NOP,1,0.8440993219814853,0.8513710997198538,0.8503991564498267,0.8503764795305732,0.8508920188163404
0022400309,2024-12-01,2024-25,TOR,MIA,1,0.4206008798405986,0.4330193825567112,0.4309825167567033,0.4309526122883907,0.4207423630767792
0022400310,2024-12-01,2024-25,HOU,OKC,1,0.46221678413990736,0.45815762939999205,0.4574554066794013,0.45746399249212943,0.458427702533284
0022400311,2024-12-01,2024-25,UTA,LAL,0,0.29267955635927667,0.3501027661108979,0.3617930645862978,0.3619052798430641,0.2788709364337751
0022400312,2024-12-01,2024-25,POR,DAL,0,0.34596113394809946,0.4391757837028557,0.44242556017846507,0.4425201550115565,0.35354272969308864
0022400313,2024-12-01,2024-25,SAC,SAS,0,0.5799218498516019,0.495744798353133,0.4992974686426182,0.49926935667637745,0.5366353102310624
0022400314,2024-12-01,2024-25,LAC,DEN,1,0.5224010943897143,0.4804281424304404,0.4885367481613135,0.4885138955042731,0.4985735393366486
0022400315,2024-12-02,2024-25,ATL,NOP,1,0.7878846743199172,0.7716523388394706,0.7720260317767219,0.7720056673203778,0.8088762899793978
0022400316,2024-12-02,2024-25,BOS,MIA,1,0.7776890738052007,0.7470205533033809,0.7481036945456042,0.7480100468934872,0.7624581531801773
0022400317,2024-12-02,2024-25,CHI,BKN,1,0.6272360898640598,0.7419374455893994,0.7390263401193458,0.7390253468042771,0.7192359501603416
0022400318,2024-12-02,2024-25,MIN,LAL,1,0.6700817217373,0.6671561563116708,0.6669110372999454,0.6669092107962322,0.6577191096046592
0022400050,2024-12-03,2024-25,CHA,PHI,0,0.4548014085617129,0.46627287862765493,0.4732525592116488,0.4732944021601441,0.46241266203994374
0022400051,2024-12-03,2024-25,CLE,WAS,1,0.8769338491697201,0.886366914785869,0.8898969369332899,0.8898721812932066,0.8970522865321418
0022400052,2024-12-03,2024-25,DET,MIL,0,0.41717562990169915,0.4430409400156171,0.44256819265623715,0.4425576746853921,0.4169298431006562
0022400053,2024-12-03,2024-25,NYK,ORL,1,0.5861668185279453,0.5957759897035595,0.5951138420747609,0.5950914348163612,0.5961055527144323
0022400054,2024-12-03,2024-25,TOR,IND,1,0.5642037100817371,0.559266774360148,0.5584682675193471,0.5584324729309802,0.547739704306561
0022400055,2024-12-03,2024-25,OKC,UTA,1,0.8808168491845159,0.8934178236929465,0.8923010097504034,0.8923012477845247,0.8837246622428069
0022400056,2024-12-03,2024-25,DAL,MEM,1,0.602288409566875,0.5775738865235046,0.5785518896929678,0.5785704766971577,0.6263133563114751
0022400057,2024-12-03,2024-25,PHX,SAS,1,0.62899941420082,0.6692601269527715,0.6648343907138038,0.66484895160808,0.6409691453989483
0022400058,2024-12-03,2024-25,DEN,GSW,1,0.5171934402763826,0.6208917224169653,0.618126110802806,0.6181283024094566,0.5441149871788898
0022400059,2024-12-03,2024-25,SAC,HOU,1,0.3834595685476078,0.3828370107627041,0.3855589306635554,0.38556794119146637,0.3804341918810513
0022400060,2024-12-03,2024-25,LAC,POR,1,0.7561885652424094,0.7544232362887282,0.7538244573692207,0.7538232669538815,0.7468380252239474
0022400319,2024-12-04,2024-25,BOS,DET,1,0.8813756272177181,0.8359415981234779,0.838159992556266,0.8381677912467798,0.8713499184877501
0022400320,2024-12-04,2024-25,BKN,IND,1,0.5063575446575798,0.5879124782899833,0.5877707462568407,0.5878103744310775,0.6051040988636087
0022400321,2024-12-04,2024-25,MIA,LAL,1,0.594899403836005,0.6181106830808116,0.6174030109905881,0.6173915663262495,0.6245587962790178
0022400322,2024-12-04,2024-25,PHI,ORL,0,0.38667305191603735,0.27129286860159685,0.27493950187738975,0.27490238815834744,0.29579152908762446
0022400323,2024-12-04,2024-25,MIL,ATL,0,0.5654224527325333,0.5830740111923522,0.581992118640525,0.5819850598058656,0.552808995365831
0022400324,2024-12-04,2024-25,LAC,MIN,0,0.5136703011570928,0.5020510146466497,0.5028342078428515,0.5027626162964819,0.5090430379635367
0022400325,2024-12-05,2024-25,CLE,DEN,1,0.6005061982224811,0.6051648021924491,0.5919474749023101,0.5919341494415609,0.6150055892290386
0022400326,2024-12-05,2024-25,WAS,DAL,0,0.14684350764138207,0.12369733415903804,0.12486537157352898,0.12484065413687268,0.16680611726527372
0022400327,2024-12-05,2024-25,NYK,CHA,1,0.8432437540427302,0.8486388532747273,0.8475372032124139,0.8475100760930647,0.8469797621086126
0022400328,2024-12-05,2024-25,TOR,OKC,0,0.2891997459108919,0.18325231588080768,0.18528937870474005,0.18527352525263943,0.20333505822959694
0022400329,2024-12-05,2024-25,MEM,SAC,1,0.6299937844453863,0.6133009587417052,0.5986997570880496,0.5986746276901335,0.6401240834635477
0022400330,2024-12-05,2024-25,NOP,PHX,1,0.26404900887894317,0.38856764812792244,0.3837132400830575,0.38374416701194264,0.3611683269932497
0022400331,2024-12-05,2024-25,SAS,CHI,0,0.5933620320568544,0.5796048473908895,0.5797520956287912,0.5797464757181983,0.5473535469397722
0022400332,2024-12-05,2024-25,GSW,HOU,1,0.5390257409048086,0.47228792810506154,0.46121216642697144,0.4612371489448679,0.43125812087745974
0022400333,2024-12-06,2024-25,PHI,ORL,1,0.3086321443917241,0.3012303578622959,0.31574454590364365,0.31577372031408246,0.3621117504785801
0022400334,2024-12-06,2024-25,ATL,LAL,1,0.6520335611846754,0.6607488616718773,0.6593093222859594,0.6592921391193209,0.6581502986407682
0022400335,2024-12-06,2024-25,BOS,MIL,1,0.7672839686924275,0.7455153204182954,0.746094035454483,0.7460702258168687,0.8145561866380167
0022400336,2024-12-06,2024-25,CHI,IND,0,0.5765407206453881,0.5451902956434962,0.535608050637546,0.5355869312743039,0.5276249903517037
0022400337,2024-12-06,2024-25,SAS,SAC,0,0.4918304910835665,0.4873911987821153,0.48825992273608015,0.4882153361264413,0.5052979561412402
0022400338,2024-12-06,2024-25,GSW,MIN,0,0.4774267576544644,0.5507877026844996,0.5586700265604985,0.5586509448418169,0.5541015971930036
0022400339,2024-12-06,2024-25,POR,UTA,0,0.6001362242215461,0.5920189067134303,0.6707347296165037,0.6707568152303718,0.6339792270653913
0022400340,2024-12-07,2024-25,CHA,CLE,0,0.21026014068822566,0.17096873850442235,0.1717783064032337,0.17175716772180677,0.21714883725880907
0022400341,2024-12-07,2024-25,WAS,DEN,1,0.18087607370209366,0.14017386756540798,0.14731352241386786,0.14734700549463053,0.14603047656328202
0022400342,2024-12-07,2024-25,NOP,OKC,0,0.18419699385810503,0.17861614613438345,0.17827501060461856,0.17827658929082504,0.17370355018097877
0022400343,2024-12-07,2024-25,NYK,DET,0,0.7793428344252841,0.7642766175931848,0.7656060861810903,0.7655812069274466,0.7591844493628488
0022400344,2024-12-07,2024-25,TOR,DAL,0,0.2518859486181902,0.24613501239167737,0.24633740058026185,0.2463925170119697,0.21272319638979495
0022400345,2024-12-07,2024-25,BOS,MEM,0,0.7088783475875977,0.7237993756855715,0.7078715052639424,0.7078253100803849,0.7233792448941543
0022400346,2024-12-07,2024-25,MIA,PHX,1,0.592927747453793,0.594644439817522,0.5787103961765815,0.5786742330871544,0.6357293663418072
0022400347,2024-12-08,2024-25,CHI,PHI,0,0.5794454345865366,0.5434830274836783,0.5312715169240284,0.531268065649408,0.5177312774837386
0022400348,2024-12-08,2024-25,BKN,MIL,0,0.4255144583154652,0.41299362582958565,0.41235013021100153,0.41238358242993906,0.4442308820830037
0022400349,2024-12-08,2024-25,IND,CHA,0,0.7459042820428279,0.7810911569135938,0.8031346591831686,0.8031209431017408,0.7913267238452936
0022400350,2024-12-08,2024-25,ATL,DEN,0,0.5861826892709316,0.5291962182576272,0.5122729810815723,0.5121833125190293,0.5403288624779489
0022400351,2024-12-08,2024-25,MIA,CLE,1,0.5006811776822314,0.47327630662137105,0.4736604721982927,0.4736593284316285,0.5340781808781839
0022400352,2024-12-08,2024-25,ORL,PHX,1,0.6698843878135827,0.5975892612983261,0.6004358689166565,0.600391356498512,0.6387398846426587
0022400353,2024-12-08,2024-25,WAS,MEM,0,0.21746351288465082,0.22249742766823846,0.24793527909293137,0.2479908144150313,0.22824440235921176
0022400354,2024-12-08,2024-25,SAS,NOP,1,0.6829287749877828,0.7506526501740167,0.761244861236819,0.7612885524061934,0.738721648887189
0022400355,2024-12-08,2024-25,GSW,MIN,1,0.5422197714134307,0.4980607736324551,0.4992893698526291,0.49924665347338476,0.5770594605257857
0022400356,2024-12-08,2024-25,LAC,HOU,0,0.45086727558089695,0.41836401787806615,0.4775474955438648,0.47753269109250274,0.5316782943789509
0022400357,2024-12-08,2024-25,SAC,UTA,1,0.7265161759544373,0.7224810368713354,0.7220426450094736,0.7220214346139587,0.7249677501687548
0022400358,2024-12-08,2024-25,LAL,POR,1,0.6917023312175293,0.6464729118656379,0.6474918051152369,0.6474565578465122,0.6792928778618811
0022400359,2024-12-09,2024-25,TOR,NYK,0,0.2954116897964974,0.2705248849494827,0.27127151934811,0.27127292675807374,0.2354638323868204
0022401201,2024-12-10,2024-25,MIL,ORL,1,0.536696207225855,0.5415724503153938,0.5482901891553209,0.5482555079600397,0.568696554709787
0022401203,2024-12-10,2024-25,OKC,DAL,1,0.6247242350946257,0.631831703120789,0.6309395812469808,0.6310042941298316,0.58156318003348
0022401202,2024-12-11,2024-25,NYK,ATL,0,0.7650138261257886,0.7448526722297978,0.7496618911612898,0.7496424000917559,0.7250822944694425
0022401204,2024-12-11,2024-25,HOU,GSW,1,0.5079428679704073,0.4796518378659351,0.4811813741099483,0.48125536555475196,0.5643009651279037
0022401205,2024-12-12,2024-25,BOS,DET,1,0.831782178970399,0.7943773108959696,0.7966156204774529,0.796593425510745,0.8448445013354963
0022401206,2024-12-12,2024-25,MIA,TOR,1,0.7773002728791363,0.8136707446688242,0.811611258742085,0.8116182547187114,0.8047767273669235
0022401207,2024-12-12,2024-25,NOP,SAC,0,0.28422068090469377,0.28868299595292135,0.28934421200411337,0.28931605097401797,0.3264322221519155
0022401208,2024-12-13,2024-25,CLE,WAS,1,0.8884734849519071,0.8938598422513557,0.8886539374023068,0.8886269130543712,0.9237721409225533
0022401209,2024-12-13,2024-25,PHI,IND,0,0.5978639100605535,0.5925770010620866,0.5867133159185288,0.5866387126896455,0.661649521884371
0022401210,2024-12-13,2024-25,MIN,LAL,1,0.7358031091569762,0.7216864912541138,0.7214827104519473,0.7214788482465077,0.708348438563306
0022401211,2024-12-13,2024-25,MEM,BKN,1,0.7359497996964863,0.7340183397795083,0.7334099782186836,0.7333819248979868,0.7318718629293751
0022401212,2024-12-13,2024-25,CHI,CHA,1,0.6738427217710614,0.6228095226461561,0.6281980728395457,0.6280931755382204,0.6775818667456308
0022401213,2024-12-13,2024-25,DEN,LAC,1,0.6182997615548613,0.6735691924659426,0.6723252398537235,0.6723124909178522,0.6618077868201256
0022401214,2024-12-13,2024-25,UTA,PHX,0,0.36027833796462455,0.3008688119964726,0.30318943125666065,0.3031791698103936,0.29634312166598503
0022401215,2024-12-13,2024-25,POR,SAS,0,0.40222033567257687,0.4663137226393049,0.4259334686439358,0.42598617720247556,0.4253404875846194
0022401216,2024-12-15,2024-25,IND,NOP,1,0.6516826108585129,0.6519726041472877,0.6535931580155948,0.6536021433495908,0.6439589022269897
0022401217,2024-12-15,2024-25,WAS,BOS,0,0.10084184022961934,0.10250895600629702,0.10244262796752997,0.10246954630126362,0.08899532428586082
0022401218,2024-12-15,2024-25,SAS,MIN,0,0.36107488611737254,0.34825292477250525,0.34847838288069144,0.348478003735005,0.34414007187706
0022401219,2024-12-15,2024-25,PHX,POR,1,0.7959152042325742,0.7902446878143847,0.7824997298337515,0.7824967055110796,0.7898564610468402
0022401220,2024-12-15,2024-25,LAL,MEM,1,0.3764426491320729,0.4010683525203124,0.40021627632431955,0.40023717992633756,0.3755804194179974
0022401227,2024-12-15,2024-25,ORL,NYK,0,0.4645894894164004,0.4680838621443816,0.4693797692692462,0.4694009394030923,0.438827633692564
0022401228,2024-12-15,2024-25,GSW,DAL,0,0.4740327844175214,0.48712456135143645,0.4880907262289062,0.48813561264106525,0.4555385588109426
0022401221,2024-12-16,2024-25,DET,MIA,1,0.3395907614890988,0.30160623358536204,0.3035396273805919,0.3035345814896306,0.3022567967249483
0022401222,2024-12-16,2024-25,CHA,PHI,0,0.4005497339872785,0.47531287182429416,0.47868652947509227,0.47879792431812657,0.3854131809958442
0022401223,2024-12-16,2024-25,TOR,CHI,0,0.4741483632972746,0.5026639284801788,0.5014550339622401,0.5014842457339189,0.4631741542975061
0022401224,2024-12-16,2024-25,BKN,CLE,0,0.30291649724923586,0.3159116110291499,0.3158624109700442,0.3158555036306436,0.2814365410387754
0022401225,2024-12-16,2024-25,SAC,DEN,0,0.518242545731566,0.4459221264698622,0.4598922247896899,0.45987792621852674,0.4458197361092437
0022401226,2024-12-16,2024-25,LAC,UTA,1,0.708418934251866,0.7072610943783763,0.7072685402050106,0.7072591549764541,0.712123948150745
0022400360,2024-12-19,2024-25,DET,UTA,0,0.6425156146785014,0.6735447837856968,0.6718977765084041,0.6718977064908326,0.6889015518735759
0022400361,2024-12-19,2024-25,ORL,OKC,0,0.3188786226351637,0.291604515462214,0.29524598304738014,0.29525599348575643,0.28838395696542074
0022400362,2024-12-19,2024-25,WAS,CHA,1,0.46428096468175295,0.4631847070617418,0.4608094348653008,0.4608574254428705,0.4184016808805037
0022400363,2024-12-19,2024-25,BOS,CHI,0,0.8341786676763121,0.8467846175301149,0.8455910083027525,0.845580041139877,0.8774151289366008
0022400364,2024-12-19,2024-25,TOR,BKN,0,0.5392418077147154,0.35515769349014203,0.3608713666975927,0.3608250232100638,0.43162454474260914
0022400365,2024-12-19,2024-25,HOU,NOP,1,0.8212567743861984,0.8243927687670077,0.8245161533606958,0.8245124213693588,0.8459767150934794
0022400366,2024-12-19,2024-25,MEM,GSW,1,0.5700519000553038,0.5141463370905182,0.5315003684524395,0.5314645445903103,0.5400469146710701
0022400367,2024-12-19,2024-25,MIN,NYK,0,0.5211181584005699,0.5644522035809022,0.5636735161673058,0.5637251606521109,0.5633430985750357
0022400368,2024-12-19,2024-25,DAL,LAC,0,0.7286085577780623,0.5776617570152411,0.5818775053762593,0.581792820424882,0.6475665267826188
0022400369,2024-12-19,2024-25,PHX,IND,0,0.6625422384698614,0.6674625947380973,0.6653644920898265,0.6653534126121666,0.6660413480176426
0022400370,2024-12-19,2024-25,SAS,ATL,1,0.42862890826850575,0.45801631666455545,0.4586728113890724,0.4587006104834395,0.4587210182507572
0022400371,2024-12-19,2024-25,POR,DEN,1,0.25444478476710364,0.26553723867977475,0.2682280347194,0.26818912526820077,0.2981974058344783
0022400372,2024-12-19,2024-25,SAC,LAL,0,0.6286779506778853,0.6160818843789981,0.6178636039749434,0.6178574367615053,0.6336757930336426
0022400373,2024-12-20,2024-25,PHI,CHA,1,0.758994408768123,0.8273040820839375,0.8323261359994524,0.8323390672597122,0.7995637007716382
0022400374,2024-12-20,2024-25,CLE,MIL,1,0.6530453664654302,0.7027776831612496,0.7035110581035456,0.7035064882592006,0.6833098195705615
0022400375,2024-12-20,2024-25,MIA,OKC,0,0.4565114650770539,0.4129925470483704,0.4142204979537892,0.4142333652320559,0.4134539355722871
0022400376,2024-12-21,2024-25,SAC,LAL,0,0.6007942245387223,0.5682471692912336,0.5771452589233464,0.5771389351371812,0.5793116461963543
0022400377,2024-12-21,2024-25,ORL,MIA,1,0.5984878958263402,0.6615240162229284,0.65017036810336,0.6501539585808792,0.6425087368833681
0022400378,2024-12-21,2024-25,ATL,MEM,0,0.395325587893361,0.42256687654223396,0.4211847535777477,0.42114410477633835,0.39498242511172205
0022400379,2024-12-21,2024-25,BKN,UTA,0,0.6148339451116466,0.5437861228243082,0.5443428560752831,0.5443871041652383,0.5021657737875328
0022400380,2024-12-21,2024-25,CLE,PHI,1,0.739135768167961,0.8189352014594635,0.7989965203599705,0.7989888811406113,0.7926245949261962
0022400381,2024-12-21,2024-25,CHI,BOS,0,0.27359217571910155,0.26128382426719476,0.26252529752080095,0.2625397490743844,0.2568024468767716
0022400382,2024-12-21,2024-25,MIL,WAS,1,0.7496750070289064,0.7590576714552183,0.7297098903617987,0.729679084101186,0.7544089999149918
0022400383,2024-12-21,2024-25,MIN,GSW,0,0.5949486468713626,0.6359866535412567,0.6804935991125849,0.6805015473020247,0.626234030420524
0022400384,2024-12-21,2024-25,NOP,NYK,0,0.20308147528945766,0.1962828712676119,0.19632537811741912,0.1963458522789566,0.183948855630293
0022400385,2024-12-21,2024-25,DAL,LAC,1,0.5736578964377641,0.5647313564498685,0.5658621930076698,0.5658737807659037,0.6315628022613313
0022400386,2024-12-21,2024-25,SAS,POR,1,0.6375220297797832,0.62963663079038,0.6302757629884429,0.6303039471699643,0.6433212059081255
0022400387,2024-12-21,2024-25,PHX,DET,0,0.7063450789281418,0.6575428595255595,0.6595152413544567,0.6594760267578242,0.6883467481466714
0022400388,2024-12-22,2024-25,TOR,HOU,0,0.23790104871961748,0.2433961637095394,0.24497689519889068,0.24498821440952553,0.2052472872702631
0022400389,2024-12-22,2024-25,SAC,IND,0,0.5137038544926078,0.4970459858871486,0.4941709030802111,0.49417645090410944,0.504961506990423
0022400390,2024-12-22,2024-25,NOP,DEN,0,0.20846167098652696,0.22314758235353763,0.22713105788022278,0.22712881955307748,0.23267971878136037
0022400391,2024-12-23,2024-25,CHA,HOU,0,0.3091077059442189,0.2885248535316834,0.36167600486097645,0.3616806551139065,0.3486884620134252
0022400392,2024-12-23,2024-25,CLE,UTA,1,0.8085800456338986,0.8320738632430738,0.8129083283899372,0.8129355782899463,0.7845938139142479
0022400393,2024-12-23,2024-25,ORL,BOS,1,0.3378906086974634,0.31767810035608307,0.31240422104854615,0.31240565179498425,0.29020556915714546
0022400394,2024-12-23,2024-25,PHI,SAS,1,0.5370198984949955,0.5456556115516704,0.5450998588886918,0.545060184842163,0.6069357952849299
0022400395,2024-12-23,2024-25,ATL,MIN,1,0.41525101898220934,0.3613827975470529,0.36293062847254143,0.36291666298654873,0.3822641226203221
0022400396,2024-12-23,2024-25,MIA,BKN,1,0.7427152844685007,0.7375598177907876,0.7380442513584258,0.7380402682912844,0.7351149535857696
0022400397,2024-12-23,2024-25,NYK,TOR,1,0.8987641156876021,0.8878417018510797,0.8871830858842602,0.8871672735816277,0.8724759704072974
0022400398,2024-12-23,2024-25,CHI,MIL,0,0.526726742401204,0.505278053489493,0.5054973705110261,0.5054695053991116,0.5464096668985519
0022400399,2024-12-23,2024-25,MEM,LAC,0,0.6418403555401638,0.6270127041170112,0.6198913988850195,0.6198701450075532,0.6246888422016542
0022400400,2024-12-23,2024-25,OKC,WAS,1,0.9321988921623917,0.9347426794987456,0.9349257310287812,0.9349501839969919,0.898882113410266
0022400401,2024-12-23,2024-25,DAL,POR,1,0.8500409168507064,0.8731643227306708,0.8720529933217434,0.8720521379157368,0.8811856487853542
0022400402,2024-12-23,2024-25,DEN,PHX,1,0.5726946777248197,0.5797329027695874,0.550569167077638,0.5505833150713535,0.5810000108324829
0022400403,2024-12-23,2024-25,GSW,IND,0,0.6700094353539409,0.6566627015746196,0.6566006472503214,0.6565757762126774,0.6499615954513974
0022400404,2024-12-23,2024-25,LAL,DET,0,0.6139218742765836,0.5716972755904469,0.5731924060024524,0.5731843456149728,0.609407752002398
0022400405,2024-12-25,2024-25,NYK,SAS,1,0.7561497701232327,0.7608170430582989,0.760424153378654,0.7604242261093903,0.7750719610901727
0022400406,2024-12-25,2024-25,DAL,MIN,0,0.6826483159511822,0.6870454934496601,0.685492420540671,0.6854720894837707,0.7181159298419287
0022400407,2024-12-25,2024-25,BOS,PHI,0,0.8096671254504878,0.7538024609138626,0.75580934300438,0.7558673905740435,0.695931404866429
0022400408,2024-12-25,2024-25,GSW,LAL,0,0.6215262643382614,0.6872657040685848,0.6721818761099709,0.6721982232852343,0.6410229014822466
0022400409,2024-12-25,2024-25,PHX,DEN,1,0.41829209325115996,0.4258366213564206,0.42559828979950987,0.4255957825341654,0.3989600969398135
0022400410,2024-12-26,2024-25,IND,OKC,0,0.3388930178445183,0.31729710703386993,0.3100673610230026,0.31008965452702997,0.3355358893522595
0022400411,2024-12-26,2024-25,ORL,MIA,0,0.5878728556110258,0.6185960326183183,0.6228379185527211,0.6228462381439952,0.5703113389915956
0022400412,2024-12-26,2024-25,WAS,CHA,1,0.533934877118934,0.520076909970292,0.5284283070506424,0.5283990314652761,0.5284981082369582
0022400413,2024-12-26,2024-25,ATL,CHI,1,0.5703924259427373,0.6350376913353943,0.6327061010425371,0.6327727317600782,0.6049519766209587
0022400414,2024-12-26,2024-25,MEM,TOR,1,0.823212512561036,0.8295563022562693,0.8363784741385202,0.8363935280498053,0.8240585947027222
0022400415,2024-12-26,2024-25,MIL,BKN,0,0.7347262820073293,0.7312266662557925,0.7491317091070138,0.7491133806193612,0.761753522213429
0022400416,2024-12-26,2024-25,NOP,HOU,0,0.28646720606037623,0.2695500306751429,0.2931138461274876,0.29307547476813023,0.2791265236259814
0022400417,2024-12-26,2024-25,POR,UTA,1,0.4604676238576864,0.5229069510652635,0.5224278758746166,0.522425732882865,0.5281380614889177
0022400418,2024-12-26,2024-25,SAC,DET,0,0.595455268428822,0.5484076392170956,0.5417640572603989,0.5417525854254915,0.6006043666069355
0022400419,2024-12-27,2024-25,ORL,NYK,0,0.3666932745112794,0.3740042070042829,0.3747986480478391,0.37481570180162704,0.3810876235888766
0022400420,2024-12-27,2024-25,BOS,IND,1,0.7787954155052327,0.8157697502194272,0.8155742715220548,0.8155798609823145,0.8214351744376182
0022400421,2024-12-27,2024-25,BKN,SAS,0,0.38166646559499057,0.268461132344516,0.2715205925724663,0.2715096086050388,0.3224087992353497
0022400422,2024-12-27,2024-25,HOU,MIN,0,0.5154335540585967,0.5252022395494128,0.5129279555858052,0.5129660617968664,0.5044547095745021
0022400423,2024-12-27,2024-25,NOP,MEM,0,0.23039958146450107,0.24335829717503557,0.2432895767533196,0.2432972408004828,0.22538898336027507
0022400424,2024-12-27,2024-25,DEN,CLE,0,0.49635599445989925,0.45186874197440186,0.4391286794530574,0.43907807341724175,0.45638421088399367
0022400425,2024-12-27,2024-25,PHX,DAL,0,0.3746578986299671,0.4315112192936736,0.4295822550918288,0.42968379832505776,0.4083195974002438
0022400426,2024-12-27,2024-25,LAC,GSW,1,0.5999522314069898,0.7576264017123348,0.7526098134335387,0.7526148398833546,0.7172635303008216
0022400427,2024-12-28,2024-25,ATL,MIA,1,0.46963088094073974,0.46323039486268375,0.4078446087752415,0.4078115455257304,0.435607834480637
0022400428,2024-12-28,2024-25,CHA,OKC,0,0.12271378312445794,0.1072319528079007,0.08235339277843176,0.08235238951088171,0.11798817747708096
0022400429,2024-12-28,2024-25,WAS,NYK,0,0.1994051424882101,0.1895070200410277,0.16369252254224445,0.1636671200548561,0.17237172487539626
0022400430,2024-12-28,2024-25,CHI,MIL,1,0.4612254974963216,0.3853112236342503,0.38677590580987004,0.3867763829393142,0.4095329112415375
0022400431,2024-12-28,2024-25,GSW,PHX,1,0.5497653456859983,0.6084432620826007,0.6082306677287811,0.608246467054747,0.6237385648384024
0022400432,2024-12-28,2024-25,DEN,DET,1,0.6516550747176036,0.662213350908087,0.6622531663710647,0.6622618603366923,0.6655888355728088
0022400433,2024-12-28,2024-25,UTA,PHI,0,0.3255230086991286,0.3464266492204209,0.3491169517772166,0.3491713036420629,0.3060567667179713
0022400434,2024-12-28,2024-25,POR,DAL,1,0.28352458077820575,0.3000281637689453,0.2802404334796795,0.2802663810794027,0.2509251735528316
0022400435,2024-12-28,2024-25,LAL,SAC,1,0.5767183153297765,0.5108020044911089,0.5114246705251716,0.5113697067808114,0.5685395085243347
0022400436,2024-12-29,2024-25,ORL,BKN,1,0.7649939329438473,0.825856007705487,0.8234111904588806,0.823418588042324,0.7618091345288243
0022400437,2024-12-29,2024-25,BOS,IND,0,0.8017197177794069,0.8021015771023048,0.8044489888469355,0.8044504975522319,0.7775060628644728
0022400438,2024-12-29,2024-25,TOR,ATL,0,0.48869004555805173,0.4909436726416269,0.49072735024819636,0.4906773958647463,0.5221282947809864
0022400439,2024-12-29,2024-25,HOU,MIA,0,0.7027941658961964,0.7436253746759697,0.7420539104663466,0.7420453638666755,0.7488494474108844
0022400440,2024-12-29,2024-25,OKC,MEM,1,0.6030006425124812,0.6735136190343529,0.7122062512261411,0.7122676343041612,0.6680469911513898
0022400441,2024-12-29,2024-25,MIN,SAS,1,0.6685303874612761,0.6605294298209725,0.6605402832504672,0.6605485556370757,0.6880411331775884
0022400442,2024-12-30,2024-25,CHA,CHI,0,0.4015906978481258,0.39915645914754594,0.4241746008474896,0.4242101021028661,0.3925786971736809
0022400443,2024-12-30,2024-25,WAS,NYK,0,0.1560586885525999,0.16010107701978624,0.1528682565377835,0.1528652854735396,0.15594402814783057
0022400444,2024-12-30,2024-25,NOP,LAC,0,0.2581250408794067,0.25905196651138573,0.2633733451694575,0.2633407022620282,0.26471784174912383
0022400445,2024-12-30,2024-25,UTA,DEN,0,0.2977103701956066,0.2612541422824522,0.26187126934595856,0.2618827212867143,0.23189561899017033
0022400446,2024-12-30,2024-25,GSW,CLE,0,0.3685120853467075,0.3448434329531784,0.3594695075154095,0.35943358886490284,0.4107908898671291
0022400447,2024-12-30,2024-25,POR,PHI,0,0.33090482924731346,0.35026718526225264,0.31324419537394826,0.3132537697087593,0.2992569157070611
0022400448,2024-12-30,2024-25,SAC,DAL,1,0.41533745543684164,0.5398552867065778,0.5546213882887024,0.5546658344360538,0.5035912477185841
0022400449,2024-12-31,2024-25,BOS,TOR,1,0.8705630096451666,0.8924009295571452,0.8864691630491428,0.8865102219159852,0.8595358070934261
0022400450,2024-12-31,2024-25,IND,MIL,0,0.5559282468801314,0.5631235919070258,0.5598159612891132,0.5597789979912678,0.6105611981352767
0022400451,2024-12-31,2024-25,SAS,LAC,1,0.4833625404600618,0.4670630771680271,0.4685483185907134,0.46853995378980573,0.49630391035138793
0022400452,2024-12-31,2024-25,OKC,MIN,1,0.7393014610451664,0.763131599277144,0.7622386010131957,0.762230759569413,0.7683906257554749
0022400453,2024-12-31,2024-25,PHX,MEM,0,0.42006370329098064,0.4464326012038597,0.4594175844623472,0.4593769958234403,0.4841259852610645
0022400454,2024-12-31,2024-25,LAL,CLE,0,0.4663368943134485,0.3958500084047124,0.39727962451427784,0.39722864421477827,0.4291222337259621
0022400455,2025-01-01,2024-25,DET,ORL,1,0.4428592865330257,0.45410076053989806,0.4525600459751473,0.452528180487675,0.43881829034878894
0022400456,2025-01-01,2024-25,WAS,CHI,1,0.3409817318684157,0.35757071054151673,0.3579292703278012,0.35793624138953656,0.3342984189194859
0022400457,2025-01-01,2024-25,MIA,NOP,1,0.7710324673832522,0.7739005946720853,0.7743752429809585,0.7743604562617495,0.813607647893007
0022400458,2025-01-01,2024-25,NYK,UTA,1,0.8681573983210071,0.8758328827240118,0.8748232669676638,0.8748142728961096,0.8721628903537786
0022400459,2025-01-01,2024-25,TOR,BKN,1,0.4811831207093848,0.4628768406729485,0.46225812351154494,0.4622509573450717,0.41103063314547694
0022400460,2025-01-01,2024-25,HOU,DAL,1,0.6510623423750858,0.6216953619718294,0.6193329321876284,0.6192721398637013,0.6075104090365069
0022400461,2025-01-01,2024-25,DEN,ATL,1,0.6660242108320257,0.6719107183339381,0.7013565004367834,0.7014042925433606,0.6598094303985718
0022400462,2025-01-01,2024-25,SAC,PHI,1,0.5007840348517933,0.5382039713052291,0.5640425756411414,0.5641127787989496,0.4929931691964005
0022400463,2025-01-02,2024-25,MIA,IND,0,0.5535444090007277,0.5641209650468978,0.5632914792639834,0.563304576170672,0.484249688033788
0022400464,2025-01-02,2024-25,MIN,BOS,0,0.3764700391660207,0.38799231821609126,0.38688192406774674,0.3869495248543238,0.3317250786121502
0022400465,2025-01-02,2024-25,MIL,BKN,0,0.8033857876477573,0.8387345425718273,0.8417738516148009,0.8417699032765535,0.8156177557013634
0022400466,2025-01-02,2024-25,OKC,LAC,1,0.8094258479163059,0.8141961365167338,0.8357134676479661,0.8357247160496324,0.8212317140154924
0022400467,2025-01-02,2024-25,GSW,PHI,1,0.6370889094717538,0.5606382722925995,0.5851679971521241,0.5852443140148281,0.5628160114217298
0022400468,2025-01-02,2024-25,LAL,POR,1,0.7612562351100873,0.7022158237564974,0.7042277869462581,0.7042024057768737,0.7402396228071628
0022400469,2025-01-03,2024-25,DET,CHA,1,0.7040752482110916,0.7199018775382349,0.7055444853636421,0.7055377953279645,0.7115759269282697
0022400470,2025-01-03,2024-25,TOR,ORL,0,0.33617353921253895,0.34914256214502376,0.3487298986960409,0.3487164720049832,0.35725516008087854
0022400471,2025-01-03,2024-25,HOU,BOS,0,0.4788848720899388,0.4826619747337159,0.4817665561752047,0.48176839757260154,0.5067781583313004
0022400472,2025-01-03,2024-25,NOP,WAS,1,0.6063019504731445,0.5920427462973985,0.5905853957777838,0.5906315223193832,0.5664241433063207
0022400473,2025-01-03,2024-25,OKC,NYK,1,0.5840800851191248,0.6098711904973879,0.6049041508033743,0.6049134838304973,0.6068537365550387
0022400474,2025-01-03,2024-25,DAL,CLE,0,0.3840643300139737,0.3044705617852556,0.3083907291161555,0.3084024824519549,0.32279326432622263
0022400475,2025-01-03,2024-25,DEN,SAS,0,0.6901383559706915,0.6771327975172853,0.6767906028182249,0.6768298850766794,0.627430678887156
0022400476,2025-01-03,2024-25,SAC,MEM,1,0.4269404679260716,0.40910632202954816,0.40113715710538267,0.4011266341612764,0.3962420511181211
0022400477,2025-01-03,2024-25,LAL,ATL,1,0.5154771276323136,0.5267366799394266,0.5253703507686993,0.5253611647204897,0.5100701047276197
0022400478,2025-01-04,2024-25,BKN,PHI,0,0.39878231554506505,0.26541210768903284,0.269725070972352,0.2697600769611099,0.2667223159906125
0022400479,2025-01-04,2024-25,DET,MIN,1,0.34430886300093677,0.36629712143657706,0.3614814899041897,0.3614877898841461,0.3608088453654297
0022400480,2025-01-04,2024-25,IND,PHX,1,0.5956103687072511,0.6078232973946989,0.5897366181165133,0.5898079162102151,0.560163859859638
0022400481,2025-01-04,2024-25,MIA,UTA,0,0.7521089244421508,0.7072922506873639,0.7092970272178387,0.709277190975278,0.706672992424458
0022400482,2025-01-04,2024-25,CHI,NYK,1,0.33767476117765116,0.3220309254198127,0.32082087212332755,0.3208201103839504,0.3282281959230649
0022400483,2025-01-04,2024-25,MIL,POR,0,0.7729686877202769,0.7644045156726105,0.7641474721775713,0.7641501910538623,0.7757535904080919
0022400484,2025-01-04,2024-25,SAS,DEN,0,0.5078560197133435,0.4882734831916816,0.48309474336537833,0.4830795301455794,0.46603647044275887
0022400485,2025-01-04,2024-25,GSW,MEM,1,0.5502814719125999,0.4829628354804952,0.48376439940067784,0.48378780301858704,0.5044835517492697
0022400486,2025-01-04,2024-25,LAC,ATL,1,0.6371399225240562,0.7394750556467715,0.737232008307886,0.7372749318520672,0.7294040718016108
0022400487,2025-01-05,2024-25,OKC,BOS,1,0.6057530918538819,0.6041680574706578,0.6029585586920957,0.6029483473406014,0.6294013555046997
0022400488,2025-01-05,2024-25,CLE,CHA,1,0.8859868959853112,0.9001010973570708,0.9136091705183975,0.9136151270272516,0.9026012749977088
0022400489,2025-01-05,2024-25,WAS,NOP,0,0.5022717630311098,0.4704873825188875,0.47147503602745605,0.47143185644167795,0.5033752471224174
0022400490,2025-01-05,2024-25,ORL,UTA,0,0.7452833431400382,0.8269125884631064,0.8249424253719359,0.8250066651078687,0.7403111682033484
0022400491,2025-01-05,2024-25,HOU,LAL,1,0.6209985305860002,0.6105019448538191,0.6108457808571796,0.610866814747383,0.6127347176259739
0022400492,2025-01-05,2024-25,GSW,SAC,0,0.5240383183942158,0.5537607035814425,0.5526046482641772,0.5526281938579373,0.6023930908673862
0022400493,2025-01-06,2024-25,DET,POR,1,0.7099939854026499,0.7088198686575825,0.7081422136013528,0.7081143863839212,0.7283436585130157
0022400494,2025-01-06,2024-25,PHI,PHX,0,0.5615651760670044,0.475197183348452,0.468108420512855,0.46804304144877557,0.5078985659508055
0022400495,2025-01-06,2024-25,BKN,IND,0,0.23157803676453428,0.16353473121666995,0.16636415567975676,0.16640448856618764,0.16073709764399793
0022400496,2025-01-06,2024-25,NYK,ORL,0,0.7871426346351011,0.7734176632649631,0.7732432466022301,0.7732024303566517,0.7972147783056462
0022400497,2025-01-06,2024-25,TOR,MIL,0,0.3399476227892924,0.39363848624153797,0.39186758772950153,0.3918969053445484,0.3563739393559854
0022400498,2025-01-06,2024-25,CHI,SAS,1,0.4957224424003135,0.495298408746434,0.4945761267065381,0.49457398889307047,0.51754140031777
0022400499,2025-01-06,2024-25,MEM,DAL,1,0.6557364042039404,0.6425199617530226,0.6450471993217742,0.6449682088941942,0.6602703669672544
0022400500,2025-01-06,2024-25,MIN,LAC,1,0.5502771193021169,0.5013707402237993,0.5012370653048,0.501268706647455,0.4700943047624231
0022400501,2025-01-06,2024-25,SAC,MIA,1,0.6227195682234878,0.6335054436207535,0.6318182313752861,0.6317987678168244,0.6299242852241955
0022400502,2025-01-07,2024-25,CHA,PHX,1,0.35425830549486037,0.3286145526274662,0.3311796499827372,0.3312007066774897,0.28803578507019356
0022400503,2025-01-07,2024-25,WAS,HOU,0,0.20772881424496026,0.15725837579500374,0.150844400787777,0.15082940878796372,0.17134984725846053
0022400504,2025-01-07,2024-25,DAL,LAL,1,0.4860249827429075,0.48451076384772707,0.48595297729730763,0.4859973359895299,0.4343929065610652
0022400505,2025-01-07,2024-25,NOP,MIN,0,0.4023957401531114,0.3387409689594162,0.355063978077687,0.35499114631986406,0.40751143551305036
0022400506,2025-01-07,2024-25,UTA,ATL,0,0.5410111752973793,0.5294586521849535,0.5303541009505071,0.5303008389606634,0.5052542374993424
0022400507,2025-01-07,2024-25,DEN,BOS,0,0.40311696960467724,0.4192865099026226,0.35923845975355895,0.35926339047688893,0.3546636483899491
0022400508,2025-01-07,2024-25,GSW,MIA,0,0.7055928133380642,0.7176577367003846,0.703156324599817,0.7031238092219596,0.7396715595560032
0022400509,2025-01-08,2024-25,CLE,OKC,1,0.40236751850972546,0.4052466536373783,0.40106433889023635,0.4010818949684812,0.3937149796727126
0022400510,2025-01-08,2024-25,IND,CHI,1,0.6683995675622199,0.6194081727621089,0.6140887409016708,0.6140570698440683,0.6379582213928283
0022400511,2025-01-08,2024-25,NYK,TOR,1,0.8425143431931558,0.8588232590370098,0.8579901718998688,0.8579967795375223,0.8461792892940031
0022400512,2025-01-08,2024-25,PHI,WAS,1,0.8447907706921226,0.809940494798439,0.807662390172375,0.8076506392619075,0.8072474816343923
0022400513,2025-01-08,2024-25,BKN,DET,0,0.28212973068901154,0.23733341272485955,0.24087200402786296,0.24091225868404678,0.2295391385599317
0022400514,2025-01-08,2024-25,NOP,POR,0,0.5274418231358747,0.4879254519491964,0.4991093438955221,0.4990805675638936,0.5100186952601287
0022400515,2025-01-08,2024-25,DEN,LAC,1,0.4660461320516943,0.5624233793130304,0.5271382777118956,0.5272250456916876,0.49498653873232507
0022400516,2025-01-08,2024-25,MIL,SAS,1,0.5833129314290191,0.5851526781664864,0.5841951463012389,0.5842489683751301,0.567997598508667
0022400517,2025-01-09,2024-25,CLE,TOR,1,0.90335811279438,0.8822177458948361,0.8912542446500111,0.891272250308374,0.8859909910673333
0022400518,2025-01-09,2024-25,DET,GSW,0,0.4793752191067053,0.6061670228746598,0.5160693996636282,0.516125916523516,0.4364502909329607
0022400519,2025-01-09,2024-25,ORL,MIN,0,0.5043736122462129,0.5119041370579199,0.4987158057445388,0.4987371140854733,0.4861960045855847
0022400520,2025-01-09,2024-25,MEM,HOU,0,0.5866729238495791,0.564250435671615,0.5714583549136869,0.5714375565863549,0.578351545571147
0022400521,2025-01-09,2024-25,DAL,POR,1,0.8182744935276344,0.8273782770236705,0.8279921701385363,0.8280092892019545,0.8005186185489769
0022400522,2025-01-09,2024-25,PHX,ATL,1,0.5980576279931548,0.6362166148871952,0.6184534394775371,0.6184144216306146,0.6000780523412145
0022400523,2025-01-09,2024-25,UTA,MIA,0,0.4883880027027987,0.47223428626075187,0.4722957756712742,0.47229133961829056,0.44634566317419017
0022400525,2025-01-10,2024-25,IND,GSW,1,0.6708278648515845,0.8232366993309334,0.8208573686408966,0.8208508224080378,0.7981107790277381
0022400526,2025-01-10,2024-25,ORL,MIL,0,0.46569844253102705,0.4924230094166227,0.4906948349878413,0.4907067402370795,0.45169564611317237
0022400527,2025-01-10,2024-25,PHI,NOP,0,0.6972754023338703,0.7886264086362733,0.7867477203744248,0.786758357326365,0.7812235190972608
0022400528,2025-01-10,2024-25,BOS,SAC,0,0.7310682967125987,0.7322689843376233,0.7325049399035518,0.7325022990411616,0.7453335378036978
0022400529,2025-01-10,2024-25,NYK,OKC,0,0.34783711703281583,0.32680133654039245,0.3290028091698212,0.32900344917172514,0.31896414858917754
0022400530,2025-01-10,2024-25,CHI,WAS,1,0.7685356831028727,0.7769353880650446,0.7725346914502479,0.7725236465717249,0.7815367922947828
0022400531,2025-01-10,2024-25,DEN,BKN,1,0.8675038522213238,0.8846911141298677,0.8885325906202898,0.8885054508745972,0.8895245836586982
0022400533,2025-01-11,2024-25,PHX,UTA,1,0.64666380345234,0.6777531986379628,0.6754528559484587,0.6754568819263719,0.6489636625585699
0022400534,2025-01-11,2024-25,DET,TOR,1,0.7162793685830088,0.7241114388450964,0.7264953438492636,0.7264897511461583,0.7604775196522957
0022400535,2025-01-11,2024-25,MIN,MEM,0,0.49604306820529087,0.5000229568493094,0.499457819197923,0.49944816427084454,0.5063096959143872
0022400536,2025-01-11,2024-25,POR,MIA,0,0.37134177233038806,0.3652013971374876,0.32329417714032604,0.32325849974636944,0.346869922349949
0022400539,2025-01-12,2024-25,NYK,MIL,1,0.6236654489063804,0.6420029852471035,0.6412117975675348,0.6412490185528696,0.6089697946803887
0022400540,2025-01-12,2024-25,DAL,DEN,0,0.4845699796098269,0.5080833133074862,0.49806029100710497,0.4980750033742722,0.4552435625384925
0022400541,2025-01-12,2024-25,CHI,SAC,0,0.3746820293103807,0.3755864605070061,0.37657971444433336,0.3765138705187375,0.43092661734236076
0022400542,2025-01-12,2024-25,BOS,NOP,1,0.9008768602599533,0.8919532569138552,0.8915015976131346,0.8915000175538004,0.8733870929206504
0022400543,2025-01-12,2024-25,CLE,IND,0,0.661010945469837,0.6258382493451301,0.6261456169266226,0.6261792694684514,0.6621044772332544
0022400544,2025-01-12,2024-25,ORL,PHI,1,0.6256154917723539,0.5824600207250974,0.5781546812557337,0.5782027988299799,0.5454042507735892
0022400545,2025-01-12,2024-25,WAS,OKC,0,0.0697325354783003,0.06627448609864026,0.06690405570563082,0.06691171862571561,0.054064951024360805
0022400546,2025-01-12,2024-25,UTA,BKN,1,0.6728284831301136,0.5867159373800694,0.5887054323158206,0.5886064672677296,0.6600638991324994
0022400547,2025-01-12,2024-25,PHX,CHA,1,0.7030014308204606,0.7122354474053473,0.7150534284830253,0.7150308874077341,0.7448173850245126
0022400548,2025-01-13,2024-25,WAS,MIN,0,0.15131116491556976,0.15554809653745647,0.1558149594647217,0.155825385813641,0.14533355484916982
0022400549,2025-01-13,2024-25,NYK,DET,0,0.6594176804078357,0.6577934866282794,0.6582909265752915,0.6582913411499198,0.6765198312852647
0022400550,2025-01-13,2024-25,TOR,GSW,1,0.40043000294462994,0.3827917602429832,0.3829891229676052,0.38291936033103385,0.3810380451516409
0022400551,2025-01-13,2024-25,HOU,MEM,1,0.5555520133999897,0.5758717901970601,0.5595899041351433,0.5595977598253354,0.5513913965130616
0022400552,2025-01-13,2024-25,LAL,SAS,0,0.595036420196207,0.5777786234090487,0.5780230976431441,0.5780129312657442,0.589928662491726
0022400553,2025-01-13,2024-25,LAC,MIA,1,0.5931566367531028,0.6605472480461844,0.656484316445992,0.656500730675495,0.6689603974355448
0022400554,2025-01-14,2024-25,IND,CLE,0,0.46768073288187784,0.41616249047592413,0.4190326780230639,0.41897784350342426,0.44060624078545096
0022400555,2025-01-14,2024-25,PHI,OKC,0,0.17449648283788793,0.14504871221604226,0.08799726627517122,0.08798651198482864,0.10832647221704529
0022400556,2025-01-14,2024-25,ATL,PHX,1,0.5026098305297635,0.44479822483293807,0.4456574186623224,0.4456563545427072,0.45275849740359003
0022400557,2025-01-14,2024-25,CHI,NOP,0,0.6570921333641894,0.6421293792213444,0.6383718640022824,0.6384065961120737,0.6223672132012571
0022400558,2025-01-14,2024-25,MIL,SAC,1,0.4831679510854923,0.5112624978501413,0.5099031549195905,0.5098923573501866,0.49393070348540585
0022400559,2025-01-14,2024-25,DAL,DEN,0,0.4493681687494177,0.50846701884819,0.5081118661901441,0.5080957406474914,0.5003729733183179
0022400560,2025-01-14,2024-25,POR,BKN,0,0.5856868118446081,0.5430329531501021,0.5011088960175484,0.5010986207950247,0.5181834295942295
0022400561,2025-01-15,2024-25,PHI,NYK,0,0.21867128440250602,0.31498512347823016,0.3338648478373305,0.3338962256417328,0.26616683660274504
0022400562,2025-01-15,2024-25,TOR,BOS,1,0.16091669258044355,0.15751251321765794,0.15829561192155786,0.1582934116465836,0.1595437198328917
0022400563,2025-01-15,2024-25,CHI,ATL,0,0.5844718077217248,0.5954104789483023,0.5938567980123248,0.5938685787572332,0.5778900751544213
0022400564,2025-01-15,2024-25,MIL,ORL,1,0.5405570204180817,0.5858508290956483,0.561812907230745,0.5618313622813994,0.5428976789665078
0022400565,2025-01-15,2024-25,MIN,GSW,0,0.6712319446427133,0.7056925437537073,0.7037724856567612,0.7037742551846866,0.6734120690963807
0022400566,2025-01-15,2024-25,NOP,DAL,1,0.37823992655609534,0.4167216534785103,0.41454847773138936,0.4145373113998195,0.4020140445768835
0022400567,2025-01-15,2024-25,SAS,MEM,0,0.41910257246181987,0.4464166126214663,0.44556123151416954,0.4455407845002768,0.4524033288961222
0022400568,2025-01-15,2024-25,DEN,HOU,0,0.5122056969160252,0.5220019166692772,0.42459324642602514,0.4245338646971368,0.4691960091701352
0022400569,2025-01-15,2024-25,UTA,CHA,0,0.6485401412002303,0.5383390482747114,0.542449941930011,0.5424363259030357,0.5334621063925105
0022400570,2025-01-15,2024-25,LAL,MIA,1,0.515493906501447,0.4664327079740992,0.46770137115923593,0.46766816990745264,0.5266915053739509
0022400571,2025-01-15,2024-25,LAC,BKN,1,0.8421655527858504,0.9313418623473945,0.9293673561693634,0.9293655219806052,0.9046087630870149
0022400572,2025-01-16,2024-25,DET,IND,0,0.45770110690794513,0.46815353279763694,0.4714179382180587,0.471465006709257,0.4059400210533965
0022400573,2025-01-16,2024-25,WAS,PHX,0,0.24636091802567842,0.26850598538755865,0.26790927879319615,0.2679572921251996,0.21850510674178295
0022400574,2025-01-16,2024-25,OKC,CLE,1,0.6732268017181042,0.6358823869493714,0.6366970562751778,0.6366600406771915,0.6545508423660582
0022400575,2025-01-16,2024-25,POR,LAC,0,0.30660894186458604,0.3274770055444681,0.331910317020502,0.3319116972250462,0.35757295483000395
0022400576,2025-01-16,2024-25,SAC,HOU,1,0.5307383460148765,0.6187520968769615,0.6187662376863242,0.6187636769676187,0.5972431952097764
0022400577,2025-01-17,2024-25,BOS,ORL,1,0.7718448875770362,0.781859978654986,0.7807543832100833,0.7807320510122273,0.7811878714696785
0022400578,2025-01-17,2024-25,NYK,MIN,0,0.6333801660736287,0.6780075161405646,0.675951436776679,0.6759742779786202,0.6368354929940221
0022400579,2025-01-17,2024-25,MIA,DEN,0,0.4635887659121691,0.44242522728454153,0.4290910762999664,0.4290842937832017,0.41617615260312363
0022400580,2025-01-17,2024-25,MIL,TOR,1,0.7504290931050664,0.7491172661243704,0.7621108946432217,0.7621278862941341,0.7642985184887621
0022400581,2025-01-17,2024-25,NOP,UTA,1,0.586563038792545,0.693149688160748,0.6880081531623041,0.6879285911412197,0.7503979095724266
0022400582,2025-01-17,2024-25,SAS,MEM,0,0.407627899990568,0.43244524694083514,0.4311642778021194,0.4311628844184859,0.4090770286031591
0022400583,2025-01-17,2024-25,DAL,OKC,1,0.30527778013088047,0.3555545665274061,0.35593053601825814,0.35591381900890723,0.3877634587294159
0022400584,2025-01-17,2024-25,CHI,CHA,0,0.6643960281816236,0.6468449498133447,0.6519306200865413,0.6519344434965018,0.6424541736564163
0022400585,2025-01-17,2024-25,LAL,BKN,1,0.8310764543488626,0.8523381976065009,0.8503859632079989,0.8503427119751876,0.7479879265707394
0022400586,2025-01-18,2024-25,DET,PHX,0,0.5549696585295656,0.5625101299577334,0.5627890742739419,0.5627796515606287,0.6051853752971003
0022400587,2025-01-18,2024-25,BOS,ATL,0,0.7228798446605774,0.7472369879145039,0.750023840589352,0.7499686237859363,0.7648729028443032
0022400588,2025-01-18,2024-25,IND,PHI,1,0.7686089675161842,0.8004263472739734,0.8412464896923879,0.8412649039341554,0.8012716482093095
0022400589,2025-01-18,2024-25,GSW,WAS,1,0.8353700101796638,0.8630437641144675,0.8616490702470537,0.861628464226842,0.8741152040793908
0022400590,2025-01-18,2024-25,MIN,CLE,0,0.37944412830539315,0.37922617717452733,0.39263309634711735,0.3927110889460083,0.3324578031097657
0022400591,2025-01-18,2024-25,POR,HOU,0,0.20268139001247745,0.2206960425754261,0.2325095058491776,0.23248716478226986,0.18198948434046006
0022400592,2025-01-19,2024-25,MIA,SAS,1,0.5688652804325787,0.5580568557620679,0.5579451541960838,0.5579510671232948,0.5484065799691402
0022400593,2025-01-19,2024-25,ORL,DEN,0,0.33598906382297417,0.3291818803948509,0.3297288616977998,0.32974954823212316,0.3111611536740721
0022400594,2025-01-19,2024-25,MIL,PHI,1,0.8000004945875593,0.7853585778820497,0.8016361454189771,0.8016039073925729,0.829402065590244
0022400595,2025-01-19,2024-25,OKC,BKN,1,0.9234890963296807,0.9045885199121966,0.9097456727381186,0.9097391863174498,0.9232252669999252
0022400596,2025-01-19,2024-25,LAC,LAL,1,0.670344768908918,0.6774653874919292,0.6684649028099735,0.6684591985105519,0.7230783490894793
0022400597,2025-01-19,2024-25,POR,CHI,1,0.298720763467942,0.342536981400153,0.3234825192548921,0.323465815965209,0.3431927117991325
0022400598,2025-01-19,2024-25,SAC,WAS,1,0.9197241859556403,0.9107969415730697,0.9123251917706515,0.9123048891027353,0.9146625172324206
0022400599,2025-01-20,2024-25,CHA,DAL,1,0.304412626740409,0.28305839446905484,0.3030655270607655,0.30310794312707967,0.2877388451562766
0022400600,2025-01-20,2024-25,HOU,DET,0,0.7193463946424262,0.7164838591749391,0.7058104226936034,0.7058196376827331,0.7144921945369742
0022400601,2025-01-20,2024-25,MEM,MIN,1,0.6375337219412022,0.6697668176118227,0.668184465127546,0.6681895545888138,0.5744862327520562
0022400602,2025-01-20,2024-25,NYK,ATL,1,0.6476676601882382,0.6458180355641315,0.6623815742858501,0.6623793292213215,0.653930294177981
0022400603,2025-01-20,2024-25,CLE,PHX,1,0.7959784762916435,0.7926720808596014,0.791730198852421,0.7916897396087816,0.7659435389035559
0022400604,2025-01-20,2024-25,GSW,BOS,0,0.31392494778058755,0.2293195056173395,0.2519127086018093,0.251917262980364,0.2853710466662089
0022400605,2025-01-20,2024-25,NOP,UTA,1,0.6755914979368115,0.7026088238972685,0.6984638157906436,0.6983692379513746,0.7366486013793155
0022400611,2025-01-20,2024-25,LAC,CHI,0,0.7961164398317738,0.7608232292128816,0.7605546080259595,0.7605784614140618,0.6577192924481374
0022400606,2025-01-21,2024-25,BKN,NYK,0,0.24841122706731358,0.20094300670529455,0.202899435272242,0.2028993201140935,0.20602760288350985
0022400607,2025-01-21,2024-25,MIA,POR,0,0.753236080456246,0.7382562148609733,0.7383491099528506,0.7383932117567441,0.7102118887487572
0022400608,2025-01-21,2024-25,TOR,ORL,1,0.4541550652747298,0.5011423408349427,0.4979004932940963,0.49789060624901615,0.4643996778631363
0022400609,2025-01-21,2024-25,DEN,PHI,1,0.8174245435132921,0.8081787628874723,0.8008215078137463,0.8008186185634178,0.7999350354963621
0022400610,2025-01-21,2024-25,LAL,WAS,1,0.8202443029236125,0.8235790639748441,0.8225782000470839,0.8225657956513711,0.8216648680248009
0022400612,2025-01-22,2024-25,ATL,DET,0,0.5595056523333642,0.5578890313059559,0.5577388961327386,0.5577425909573194,0.562147324825015
0022400613,2025-01-22,2024-25,BKN,PHX,0,0.27842494116593136,0.17197006864671094,0.1737349742172546,0.17376674235443268,0.16909176433342238
0022400614,2025-01-22,2024-25,DAL,MIN,0,0.5735458376637165,0.5468494522106478,0.5476100236895103,0.5474887612425275,0.5922815114493899
0022400615,2025-01-22,2024-25,HOU,CLE,1,0.4657389114589797,0.44174963193087957,0.4292527866229022,0.4292898702050022,0.40000986580170905
0022400616,2025-01-22,2024-25,MEM,CHA,1,0.7782036448503394,0.7469637565995274,0.7494285820801775,0.7494684705313533,0.7421631718034419
0022400618,2025-01-22,2024-25,OKC,UTA,1,0.9099518458785048,0.9160526714789141,0.9093895843732749,0.9094000492753505,0.898499349171988
0022400619,2025-01-22,2024-25,SAC,GSW,1,0.7186987564707666,0.7386941361532654,0.7228943618710618,0.7228768935040695,0.7393748683466446
0022400620,2025-01-22,2024-25,LAC,BOS,0,0.34321654317649847,0.31485382889550034,0.3165808038478253,0.31659827296725024,0.2695503201004893
0022400622,2025-01-23,2024-25,ORL,POR,0,0.5945558534780003,0.6814169673035683,0.71698975853884,0.7170292298886628,0.7038822996499642
0022400623,2025-01-23,2024-25,ATL,TOR,0,0.6416460957611474,0.6106638229014951,0.6102536048205961,0.6102406666934341,0.6082010324667849
0022400624,2025-01-23,2024-25,MIL,MIA,1,0.6680496187542316,0.7263390353573675,0.7232165800656416,0.7232301163131016,0.6981344689515675
0022400625,2025-01-23,2024-25,OKC,DAL,0,0.782712738389694,0.7739422216566719,0.7739930077224583,0.7740099785471423,0.7794277620779759
0022400626,2025-01-23,2024-25,DEN,SAC,1,0.7072336081135148,0.7000231644069668,0.7003935166669641,0.7003859968633573,0.7178862420687191
0022400628,2025-01-23,2024-25,GSW,CHI,1,0.46832297622413266,0.4572912914109907,0.4762021205563344,0.47623940632630357,0.4530796088390226
0022400629,2025-01-23,2024-25,LAL,BOS,1,0.38334534279881527,0.37194413613473165,0.37219608070761084,0.37218796580457725,0.36462764978240036
0022400983,2025-01-23,2024-25,LAC,WAS,1,0.7979708248849794,0.8005122996679701,0.8008588175712591,0.8008691060631286,0.8858586011806895
0022400630,2025-01-24,2024-25,CHA,POR,0,0.6905851596454916,0.6716739009054253,0.622364982808872,0.6222142050284752,0.6791219188682526
0022400631,2025-01-24,2024-25,PHI,CLE,1,0.20151561430779286,0.18994023370933483,0.18322591139984887,0.1832331362838528,0.19106060439089037
0022400632,2025-01-24,2024-25,MEM,NOP,1,0.7532300872838275,0.7390009221302232,0.7070131457055705,0.7070145435925238,0.7415475119365483
0022400634,2025-01-25,2024-25,MIN,DEN,1,0.4412458872976848,0.43476925299275626,0.4422151600560976,0.44222063632684494,0.42915773729159873
0022400635,2025-01-25,2024-25,DAL,BOS,0,0.450414149953062,0.3966467592910973,0.3973069432035719,0.3973182678458249,0.3713624130291163
0022400636,2025-01-25,2024-25,BKN,MIA,0,0.2523941780250948,0.34415327171447774,0.3429542645204853,0.34296556040893067,0.2777536492538405
0022400637,2025-01-25,2024-25,CHA,NOP,1,0.5545447762649403,0.4626570403122869,0.4972934502395917,0.49724163931028603,0.5347994681413267
0022400638,2025-01-25,2024-25,ORL,DET,1,0.41063107631255763,0.41888136809509646,0.42050391747777166,0.4205110329562082,0.46500602226712695
0022400639,2025-01-25,2024-25,ATL,TOR,0,0.6348071939313866,0.5655411546471084,0.5683535206224538,0.5683179108892368,0.6003265255072127
0022400640,2025-01-25,2024-25,CLE,HOU,0,0.5765667069720474,0.5076803220970986,0.5087593558466594,0.5087368312601067,0.5422039642821255
0022400641,2025-01-25,2024-25,NYK,SAC,1,0.6087938447824818,0.6083611160435921,0.6071928836420865,0.6071873979116851,0.5942839899430199
0022400642,2025-01-25,2024-25,CHI,PHI,0,0.6352135635905256,0.6091752391278294,0.610140790920754,0.6101115018512835,0.6389484564875031
0022400643,2025-01-25,2024-25,MEM,UTA,1,0.7333569244859253,0.7985709579469025,0.797260047995581,0.7972938449109612,0.7824847020194359
0022400644,2025-01-25,2024-25,GSW,LAL,0,0.4907032906350635,0.5578620171737781,0.5563619915967304,0.5563965275563145,0.4775596463350869
0022400645,2025-01-25,2024-25,PHX,WAS,1,0.8318499563157444,0.8407412879099072,0.8397148580094199,0.8397134676421748,0.8590274941579061
0022400646,2025-01-25,2024-25,LAC,MIL,1,0.5449461998278229,0.5933368158862172,0.5909799335541958,0.5909848035636978,0.5831415481692939
0022400647,2025-01-26,2024-25,POR,OKC,0,0.16024856905780493,0.17969049205330576,0.17855950642815446,0.17857509959509932,0.133354963345835
0022400648,2025-01-27,2024-25,CHA,LAL,0,0.4149076882489466,0.4385074363073726,0.43614425856613304,0.43614065702080784,0.4203337034557016
0022400649,2025-01-27,2024-25,CLE,DET,1,0.7201107430301762,0.731958832115729,0.7127394030401205,0.7127633789923877,0.6738078618724276
0022400650,2025-01-27,2024-25,BOS,HOU,0,0.6118973696098727,0.5254275981887347,0.5277798792002281,0.5277515718764081,0.5297428155714963
0022400651,2025-01-27,2024-25,BKN,SAC,0,0.19695742578726913,0.19224275835824764,0.1928229406480852,0.19285304223104707,0.17335437223489567
0022400652,2025-01-27,2024-25,MIA,ORL,1,0.5449024492377907,0.4957566008214081,0.4983890087768148,0.49841919847975413,0.48589282917568016
0022400653,2025-01-27,2024-25,NYK,MEM,1,0.5529320526039554,0.5557931721965377,0.5548795661964901,0.5548289647755051,0.5617677121981886
0022400654,2025-01-27,2024-25,TOR,NOP,1,0.6360940422410374,0.6049378126292881,0.6056564738881194,0.6056765322363113,0.5621877403957906
0022400655,2025-01-27,2024-25,CHI,DEN,1,0.286661163068797,0.2875831716433712,0.28756649683420193,0.2875572612277014,0.2638908536382219
0022400656,2025-01-27,2024-25,MIN,ATL,1,0.7571868597919291,0.8037089342971566,0.8302250356250794,0.8302999508449364,0.7758593767581674
0022400657,2025-01-27,2024-25,DAL,WAS,1,0.8727932143154352,0.875842525283594,0.8754163939686737,0.8753955510123757,0.8604834229255419
0022400658,2025-01-27,2024-25,UTA,MIL,0,0.28377058906398994,0.2635022596689738,0.24850341174781734,0.2485026588590664,0.2324949873886904
0022400659,2025-01-27,2024-25,PHX,LAC,1,0.4059656447212928,0.4077221896056093,0.4090718605987619,0.40906985639455296,0.40181084256050975
0022400532,2025-01-28,2024-25,ATL,HOU,0,0.2846018509340426,0.27820889014060124,0.2796912565585454,0.27972069348804224,0.2814697866122593
0022400660,2025-01-28,2024-25,PHI,LAL,1,0.5165811389930202,0.4380681141934816,0.4406567738112132,0.44065943253329964,0.44957203688552416
0022400661,2025-01-28,2024-25,GSW,UTA,1,0.7491529442626756,0.8011590875224531,0.7626028362737304,0.7626142056990555,0.7675572089871865
0022400662,2025-01-28,2024-25,POR,MIL,1,0.3591728234359276,0.34853070581843293,0.3536812815129438,0.3536734115364347,0.32654052165141195
0022400663,2025-01-29,2024-25,CHA,BKN,0,0.7383841676680863,0.6691862081990493,0.6702646834823498,0.6701419148560146,0.6749386216968233
0022400664,2025-01-29,2024-25,IND,DET,1,0.7089598441006537,0.6754467537966016,0.6739312520790229,0.6738554474737892,0.6992176588164176
0022400665,2025-01-29,2024-25,WAS,TOR,0,0.2692163336114437,0.22926750338063331,0.21537019208303151,0.21541112073239085,0.20711847206798759
0022400666,2025-01-29,2024-25,BOS,CHI,1,0.7943585481476886,0.810877765387307,0.8105452232374157,0.8105840236361289,0.8029169547380399
0022400667,2025-01-29,2024-25,MIA,CLE,0,0.33498144618222325,0.33591241350258816,0.33481944641235045,0.33488041638500443,0.2816549052222187
0022400668,2025-01-29,2024-25,NYK,DEN,1,0.5804850793746246,0.575046355241663,0.575746200907186,0.5757320526267782,0.5935250105506676
0022400669,2025-01-29,2024-25,PHI,SAC,1,0.3376232050371214,0.3519375186577309,0.35141750785284837,0.35144227905770814,0.32225852422513385
0022400670,2025-01-29,2024-25,NOP,DAL,0,0.3760010558287169,0.35003685050895156,0.348415125631543,0.34834233219475086,0.3596390357238452
0022400671,2025-01-29,2024-25,SAS,LAC,0,0.39926063485652524,0.41109837917497133,0.41028951684835413,0.4103134311330282,0.3964461492055858
0022400672,2025-01-29,2024-25,PHX,MIN,0,0.4423098553203319,0.3990868066229452,0.44995595568074925,0.4499907119404343,0.4135048848687389
0022400673,2025-01-29,2024-25,GSW,OKC,1,0.16456567034095604,0.18798826235459756,0.1879832303916081,0.18798036813168473,0.18127715886125098
0022400674,2025-01-30,2024-25,WAS,LAL,0,0.16722365383903817,0.22810682078530253,0.23120007547770163,0.2312466172062583,0.18562000932331874
0022400675,2025-01-30,2024-25,CLE,ATL,1,0.7887798067401739,0.8010367221162137,0.7966677069996665,0.7966605096501729,0.781533910259788
0022400676,2025-01-30,2024-25,MEM,HOU,1,0.5003956673910731,0.47422894766647355,0.4750564282635015,0.475093987132987,0.45193121746867304
0022400677,2025-01-30,2024-25,UTA,MIN,0,0.29607668170516205,0.32011342494251466,0.3471130687457665,0.34710286468108364,0.3369554374300533
0022400678,2025-01-30,2024-25,POR,ORL,1,0.44806685462376844,0.4215855124931066,0.3964668673048517,0.39645939747377906,0.4422113308800088
0022400679,2025-01-31,2024-25,CHA,LAC,0,0.24420319865069084,0.23162408688672284,0.24006714692474868,0.24009737929570685,0.23574938233787013
0022400680,2025-01-31,2024-25,DET,DAL,1,0.46033945195996234,0.45274128896389,0.4520873915982668,0.4520562957628789,0.481365483459196
0022400681,2025-01-31,2024-25,PHI,DEN,0,0.36050670957813263,0.3538208325575547,0.3546029519125465,0.35461124001580996,0.3432913910569925
0022400682,2025-01-31,2024-25,TOR,CHI,0,0.6365191289186497,0.5510310663842563,0.5516732849474941,0.5516581289693449,0.5535947939814733
0022400683,2025-01-31,2024-25,NOP,BOS,0,0.21927229653440491,0.16552610737177592,0.16545187095344344,0.1654123582726873,0.1567806684821096
0022400684,2025-01-31,2024-25,SAS,MIL,1,0.4153638032118253,0.42258533576681134,0.43173762624524786,0.43172856563063683,0.4248278117559429
0022400685,2025-01-31,2024-25,GSW,PHX,0,0.6010591804930451,0.6131588341672745,0.6119380310031131,0.6119031857774785,0.5770250310486
0022400686,2025-02-01,2024-25,IND,ATL,1,0.7927141733346501,0.8002842855941095,0.7998150702565893,0.7997901711980114,0.8398709525660814
0022400687,2025-02-01,2024-25,UTA,ORL,1,0.4761959846809534,0.46049589016303205,0.5053199701066358,0.5053393465331487,0.451759624061068
0022400688,2025-02-01,2024-25,CHA,DEN,0,0.2514671008363818,0.2532837456288095,0.2531659960360874,0.2531970703786243,0.22655677564372315
0022400689,2025-02-01,2024-25,HOU,BKN,0,0.8567251043539426,0.8537149987744698,0.8551285906089333,0.8551301958778325,0.8334805829109766
0022400690,2025-02-01,2024-25,MIN,WAS,0,0.9181759181791781,0.8882968186339473,0.889528661593604,0.8894952098703611,0.9198740345106647
0022400691,2025-02-01,2024-25,OKC,SAC,1,0.791441447352465,0.7661653790517928,0.7667247311516141,0.7666859146417596,0.8024112176245325
0022400692,2025-02-01,2024-25,NYK,LAL,0,0.7315901150862663,0.7306670970467906,0.7295462124823627,0.729536848719765,0.7246091450877766
0022400693,2025-02-01,2024-25,SAS,MIA,0,0.5318015006979027,0.5433909677140927,0.5428835658541574,0.5428568054738045,0.5214654927483444
0022400694,2025-02-01,2024-25,POR,PHX,1,0.5079309699714507,0.517110750049623,0.5124554581740158,0.5124285838563,0.5210610869424283
0022400695,2025-02-02,2024-25,DET,CHI,1,0.6248142604323373,0.6483559151400143,0.65595848122223,0.6559684548751459,0.6526890350673382
0022400696,2025-02-02,2024-25,CLE,DAL,1,0.6910458057631039,0.8277475523939706,0.8240299228122987,0.8241044251196913,0.7780658417274535
0022400697,2025-02-02,2024-25,TOR,LAC,1,0.32773121946622713,0.2901428840739974,0.2913172430358815,0.2913646247230212,0.21931132567443018
0022400698,2025-02-02,2024-25,PHI,BOS,0,0.2789204896681465,0.24053970511485595,0.259575053868817,0.2595973243682407,0.24897443644681821
0022400699,2025-02-02,2024-25,MIL,MEM,0,0.458904752414414,0.469802663327532,0.46959782032861824,0.46955724830016676,0.4879164841156898
0022400700,2025-02-03,2024-25,CHA,WAS,0,0.6927623440395215,0.6935984123549128,0.7056975438607086,0.7057079490579832,0.6830071361135494
0022400701,2025-02-03,2024-25,DET,ATL,0,0.623550719312978,0.6477221354130008,0.6448652481437563,0.6448451285009755,0.6682908594061849
0022400702,2025-02-03,2024-25,NYK,HOU,1,0.5958026956487432,0.6186661475941055,0.6174976785415861,0.6174775637420984,0.6248748383196291
0022400703,2025-02-03,2024-25,MEM,SAS,1,0.6782730967442744,0.6307930720589754,0.6162525811927572,0.616212992926034,0.6598125381745601
0022400704,2025-02-03,2024-25,MIN,SAC,0,0.6515867854412924,0.6243353391722051,0.6353479148166699,0.6353567813998138,0.6033947325596398
0022400705,2025-02-03,2024-25,OKC,MIL,1,0.8668713879741512,0.9273928490687524,0.9514611637516185,0.9514641264195057,0.9259101636771117
0022400706,2025-02-03,2024-25,DEN,NOP,1,0.8343724168379298,0.8652222553526653,0.859133012781826,0.8591276825030802,0.837259825342404
0022400707,2025-02-03,2024-25,UTA,IND,0,0.2520055995333575,0.2623655559402058,0.29337027132599264,0.2934084547556823,0.27179578015415123
0022400708,2025-02-03,2024-25,GSW,ORL,1,0.6350607845953345,0.685863524530498,0.6844132823713107,0.6844028591195003,0.6666018759512933
0022400709,2025-02-03,2024-25,POR,PHX,1,0.49099964179879846,0.5137467003548383,0.5194696404257643,0.5194316945557879,0.5544538229640036
0022400710,2025-02-04,2024-25,CLE,BOS,0,0.5525636280864781,0.5414783239329076,0.5425877580841221,0.5426297977442693,0.5350689022796834
0022400711,2025-02-04,2024-25,BKN,HOU,1,0.39883180060904044,0.31479094815586667,0.3146869503410471,0.3146765595313175,0.27013461188229426
0022400712,2025-02-04,2024-25,PHI,DAL,1,0.5680489986726324,0.643988305086529,0.6608146355080944,0.6607449132923782,0.5273486130438206
0022400713,2025-02-04,2024-25,TOR,NYK,0,0.379669138753573,0.26801527656173946,0.27109723163297905,0.27106114746582005,0.2918773286272273
0022400714,2025-02-04,2024-25,CHI,MIA,1,0.514426313370002,0.5131893366711199,0.5153635311312171,0.5153164389028816,0.5383761948699505
0022400715,2025-02-04,2024-25,LAC,LAL,0,0.6367177712055142,0.6527712568041701,0.6493490279744064,0.6493201781149401,0.5432261340313169
0022400716,2025-02-04,2024-25,POR,IND,1,0.41554881786017134,0.41330128202036553,0.40348446590487125,0.4034844058136556,0.3689557332888723
0022400717,2025-02-05,2024-25,CHA,MIL,0,0.43783670760991283,0.29575503834094885,0.2770242619248964,0.27701951699194205,0.3217548716459288
0022400718,2025-02-05,2024-25,DET,CLE,0,0.4086899593225152,0.43021421698822304,0.4893523862675599,0.48932227506465414,0.5050270160169706
0022400719,2025-02-05,2024-25,ATL,SAS,0,0.521835308821849,0.5444932361436455,0.5327943247253091,0.5328140412897459,0.4971926246043249
0022400720,2025-02-05,2024-25,BKN,WAS,0,0.5802489376352921,0.6709674802526246,0.6688585585435103,0.668905629044541,0.7120256323798114
0022400721,2025-02-05,2024-25,PHI,MIA,0,0.6036482542841001,0.5597772993458846,0.5607485414726724,0.5606947092596137,0.616913159695335
0022400722,2025-02-05,2024-25,TOR,MEM,0,0.22868878098004056,0.19355288268699125,0.1949912699442674,0.19495427668334286,0.24552728032635307
0022400723,2025-02-05,2024-25,MIN,CHI,1,0.7801077964253907,0.7941354592316482,0.7940433061113817,0.7940762190061456,0.7569798232726226
0022400724,2025-02-05,2024-25,OKC,PHX,1,0.8387284600276859,0.8890643502964073,0.8875319629168246,0.8875327037386866,0.8775167099331768
0022400725,2025-02-05,2024-25,UTA,GSW,1,0.3875703686857735,0.3070710358660583,0.34849977859762754,0.3485820030629036,0.34654687657906047
0022400726,2025-02-05,2024-25,DEN,NOP,1,0.8338261672429029,0.8384871084163198,0.8466475094270313,0.8466648011132157,0.8325054555929278
0022400727,2025-02-05,2024-25,SAC,ORL,0,0.7147414756851813,0.7045265039466465,0.7052458030743531,0.7052590577761977,0.6906110582133341
0022400728,2025-02-06,2024-25,BOS,DAL,0,0.7808232259755276,0.7397836501779027,0.7400690429579988,0.7400342024483547,0.7370832279734694
0022400729,2025-02-06,2024-25,MIN,HOU,1,0.5260627500512746,0.5758028772793298,0.5747584653001244,0.574765556958793,0.5664819724736379
0022400730,2025-02-06,2024-25,DEN,ORL,1,0.7916146158668177,0.7891298997693575,0.7787910324083159,0.7787396846275245,0.8001319872481745
0022400731,2025-02-06,2024-25,LAL,GSW,1,0.7185856835950102,0.7468765801281716,0.7517330778432186,0.7517440226762967,0.7849589163248185
0022400732,2025-02-06,2024-25,POR,SAC,1,0.603698546271021,0.6169666581434061,0.6153286311662042,0.6153172637314372,0.5711399479948138
0022400733,2025-02-06,2024-25,LAC,IND,0,0.49622612904545255,0.4522953068463921,0.45462760300479294,0.4545787641194288,0.4937386948757456
0022400734,2025-02-07,2024-25,CHA,SAS,1,0.35007184873784897,0.3536911580208991,0.34327850944391863,0.34322071901801465,0.3855793673119991
0022400735,2025-02-07,2024-25,WAS,CLE,0,0.15312265440624992,0.13165787966218687,0.09373517396734533,0.09372936159373658,0.10495759431883142
0022400736,2025-02-07,2024-25,ATL,MIL,1,0.4455801384614213,0.48538369593953545,0.4838417234885784,0.4838517355647011,0.4349764657175985
0022400737,2025-02-07,2024-25,BKN,MIA,1,0.41493448727023025,0.3610420261508382,0.361434503860958,0.3614010335101732,0.3884633048282461
0022400738,2025-02-07,2024-25,DET,PHI,1,0.6003162358280305,0.6080612656683134,0.6071787387423415,0.6071702786584022,0.5626355950475599
0022400739,2025-02-07,2024-25,OKC,TOR,1,0.9097674169072043,0.9161650855841894,0.9158319684228653,0.9158002092808863,0.9242749217929374
0022400740,2025-02-07,2024-25,PHX,UTA,1,0.5884152154402352,0.5740669663921957,0.5761513812912432,0.5761990718674294,0.5616560337245219
0022400741,2025-02-08,2024-25,DAL,HOU,1,0.5442995553313423,0.56545093248793,0.5624983840916963,0.5624555361450571,0.5796579277401187
0022400742,2025-02-08,2024-25,LAL,IND,1,0.5753456651059566,0.5516460799072578,0.6080565164868506,0.6080109648157647,0.5332907870123739
0022400743,2025-02-08,2024-25,ORL,SAS,1,0.5704359365780692,0.5442110199408702,0.5446837614382132,0.544668415032612,0.6321672073518368
0022400744,2025-02-08,2024-25,WAS,ATL,0,0.3553424255744693,0.32910160057653043,0.3271104996972202,0.32708592408961334,0.36472987819844765
0022400745,2025-02-08,2024-25,CHI,GSW,0,0.4825925063981533,0.48208014389990644,0.48169536168022975,0.4817124196573607,0.4788533608138001
0022400746,2025-02-08,2024-25,MEM,OKC,0,0.4782817506702959,0.4475501887119817,0.44364378439805685,0.4436958968863131,0.425060212579687
0022400747,2025-02-08,2024-25,MIN,POR,1,0.7072097149275793,0.700729602381157,0.6748383761718828,0.6748235208380962,0.6279794748905052
0022400748,2025-02-08,2024-25,NYK,BOS,0,0.5205832852648514,0.5016260791885858,0.5010051635259101,0.5010220288399271,0.4839843409882201
0022400749,2025-02-08,2024-25,PHX,DEN,0,0.2821404406784158,0.28059529154901736,0.28718791254766174,0.287230369728863,0.24637787410784256
0022400750,2025-02-08,2024-25,SAC,NOP,1,0.7520846935623979,0.7494396565296887,0.7497446117177522,0.7497527927693247,0.7473476469694157
0022400751,2025-02-08,2024-25,LAC,UTA,1,0.807061045609502,0.9067821396291809,0.9042281036489762,0.9042445049824923,0.8378428800659757
0022400752,2025-02-09,2024-25,DET,CHA,1,0.7630981963283608,0.733604561500343,0.7981533584543831,0.7982145447053073,0.7776556917430552
0022400753,2025-02-09,2024-25,HOU,TOR,1,0.7293362962791908,0.705180742734417,0.7051050174874239,0.7050416176461781,0.7469915729433709
0022400754,2025-02-09,2024-25,MIL,PHI,1,0.5479755799154201,0.5490737003558038,0.5289411722608459,0.5290051171399658,0.48376966631900137
0022400755,2025-02-10,2024-25,CLE,MIN,1,0.6104160566207462,0.6111980460819051,0.6192293363342449,0.6191979768608693,0.6040606954411625
0022400756,2025-02-10,2024-25,ORL,ATL,0,0.525378895947544,0.5306490244894585,0.5299996382650483,0.5299831535337408,0.5466354279733059
0022400757,2025-02-10,2024-25,WAS,SAS,0,0.3217482627571636,0.30395289533484643,0.30341052654166106,0.30338938226110984,0.3196168036703242
0022400758,2025-02-10,2024-25,BKN,CHA,1,0.6609452311091099,0.677036392929552,0.6768685928086653,0.6768857317313731,0.6203124869769346
0022400759,2025-02-10,2024-25,MIA,BOS,0,0.24642069955266513,0.1869020914662837,0.18836986308528816,0.18838756671011964,0.2415919312541664
0022400760,2025-02-10,2024-25,MIL,GSW,0,0.43262044161233043,0.3849772119593602,0.40824936866789824,0.4083271743565503,0.3760801793942371
0022400761,2025-02-10,2024-25,OKC,NOP,1,0.9199384970562928,0.9289908919655272,0.9285966993970265,0.9286142668831792,0.919099434649665
0022400762,2025-02-10,2024-25,DAL,SAC,0,0.6045651222549105,0.5579425818898239,0.559846119462454,0.5597394148747176,0.5397918789529602
0022400763,2025-02-10,2024-25,DEN,POR,1,0.7187950076745283,0.7405641440964166,0.7702713312092203,0.7703224612972208,0.7446377888422606
0022400768,2025-02-10,2024-25,LAL,UTA,1,0.8208689862007662,0.8338401963015,0.8325515209825445,0.832530614095378,0.8138402676107664
0022400764,2025-02-11,2024-25,PHI,TOR,0,0.701491110800749,0.6747138666026885,0.6971772729286986,0.6970677714268215,0.7566974620123709
0022400765,2025-02-11,2024-25,IND,NYK,0,0.5392935196315654,0.526646967947554,0.5256133168785146,0.525601645689802,0.565488038462293
0022400766,2025-02-11,2024-25,CHI,DET,0,0.4341987043629105,0.4269525339135374,0.4271562061373211,0.4271393404137669,0.48139550169850726
0022400767,2025-02-11,2024-25,PHX,MEM,0,0.32768940373810446,0.326481054120326,0.3293130674318179,0.3293013460927878,0.4131940134564708
0022400769,2025-02-12,2024-25,BOS,SAS,1,0.8080315874622145,0.7936285927029474,0.7968408473003884,0.7968444028761063,0.7995699138239242
0022400770,2025-02-12,2024-25,ORL,CHA,1,0.696547037462684,0.7725660139912847,0.7582770205476965,0.7582898937701509,0.6198163289795718
0022400771,2025-02-12,2024-25,WAS,IND,0,0.2642284369436919,0.2237203982026669,0.21910014590519347,0.21910085458421766,0.20373747848895435
0022400772,2025-02-12,2024-25,BKN,PHI,1,0.5006146601571314,0.6234367746134278,0.6207326164879183,0.6207830055941929,0.588353991080994
0022400773,2025-02-12,2024-25,NYK,ATL,1,0.6563679220280751,0.6918840869698177,0.6910961183416316,0.6911669758497792,0.6105762845897044
0022400774,2025-02-12,2024-25,TOR,CLE,0,0.16276575850370223,0.16856493525618746,0.16819871224067554,0.16821004218168314,0.2023346383868139
0022400775,2025-02-12,2024-25,CHI,DET,0,0.4192890866897056,0.36888770239625523,0.3697225153209649,0.3697009315171061,0.3739729860983694
0022400776,2025-02-12,2024-25,MIN,MIL,0,0.7036360224447736,0.7199463542682741,0.7600050953232513,0.760022772394456,0.7407672112210071
0022400777,2025-02-12,2024-25,NOP,SAC,0,0.29158586261473235,0.282353636555541,0.3022493514503676,0.3022304042606232,0.3495019495381105
0022400778,2025-02-12,2024-25,OKC,MIA,1,0.8797003030122231,0.9038129598490166,0.900411387988589,0.9004260092593724,0.8918534352181391
0022400779,2025-02-12,2024-25,HOU,PHX,1,0.7037461962787891,0.7791034852613484,0.7774664227683166,0.7775110009504967,0.7579889827879925
0022400780,2025-02-12,2024-25,DEN,POR,1,0.7791942178903662,0.81989277634361,0.8379687358313312,0.8379646462954818,0.8214295786510406
0022400781,2025-02-12,2024-25,UTA,LAL,1,0.2602912976854057,0.2630631071841313,0.26303097530925296,0.26308968377847297,0.23315453288382199
0022400782,2025-02-12,2024-25,DAL,GSW,1,0.5172947497872107,0.4156785509211903,0.42017408930122513,0.42017978812401224,0.38256250686508886
0022400783,2025-02-12,2024-25,LAC,MEM,1,0.5607150646777284,0.6044856373460328,0.6020265297291856,0.6019682350410621,0.5670863278241961
0022400784,2025-02-13,2024-25,HOU,GSW,0,0.5496704964952553,0.501070548683639,0.5252568177865578,0.5253093814168653,0.4926111776289954
0022400785,2025-02-13,2024-25,NOP,SAC,1,0.34668444666282916,0.29813704650661366,0.2994330724909162,0.2993916557434923,0.2948525740895647
0022400786,2025-02-13,2024-25,DAL,MIA,1,0.657381197813909,0.570273935356116,0.5733331137291686,0.5733950096518944,0.5033208244628264
0022400787,2025-02-13,2024-25,MIN,OKC,1,0.3099486271675477,0.22520378831634597,0.22920258967904913,0.22921575804138822,0.2385401787855565
0022401004,2025-02-13,2024-25,UTA,LAC,0,0.35009762336828865,0.28668481285949715,0.2931887534649885,0.2932094915410063,0.28234864960215134
0022400524,2025-02-19,2024-25,LAL,CHA,0,0.827021432501988,0.8135450533293587,0.8145685281490318,0.8145713283707674,0.8446138695864714
0022400788,2025-02-20,2024-25,IND,MEM,1,0.5027704704909123,0.5098435890015512,0.5108754017463099,0.5108311677720798,0.5963787708505692
0022400789,2025-02-20,2024-25,PHI,BOS,0,0.20105602472910483,0.17954640467354838,0.18153366168018892,0.18150952307909168,0.2678433071692451
0022400790,2025-02-20,2024-25,ATL,ORL,0,0.6384899983567862,0.6494221055059075,0.6493238168895948,0.6492843951683996,0.6312094233167589
0022400791,2025-02-20,2024-25,BKN,CLE,0,0.19624039940387586,0.18419590739524808,0.1844631884046168,0.1844102129301106,0.24973031939940146
0022400792,2025-02-20,2024-25,NYK,CHI,1,0.7921256859914059,0.806500107736098,0.8077662665524866,0.8077552564368651,0.7764294721894159
0022400793,2025-02-20,2024-25,MIL,LAC,1,0.3816243327517228,0.3701168701875624,0.38758050838205954,0.387635925085396,0.33889153073086187
0022400794,2025-02-20,2024-25,DEN,CHA,1,0.8856115931808021,0.9203080125443401,0.9239144755616041,0.9239530685580196,0.8975364204687233
0022400795,2025-02-20,2024-25,SAS,PHX,1,0.6087500955949079,0.5675219608192164,0.5689475256335796,0.5688709672542595,0.5072281094929466
0022400796,2025-02-20,2024-25,POR,LAL,0,0.4145528123345276,0.5191675368429837,0.5207799540484943,0.5208604482360817,0.5450181818550448
0022400797,2025-02-21,2024-25,CLE,NYK,1,0.6517531421938488,0.6625605230548846,0.6535472894769193,0.6535683671100309,0.6268820147515064
0022400798,2025-02-21,2024-25,ORL,MEM,0,0.4249911451733158,0.4057170603296108,0.386249349902956,0.3862195294979765,0.3863454704087382
0022400799,2025-02-21,2024-25,WAS,MIL,0,0.3500117756539799,0.3687384110806155,0.36569304346269643,0.3657343386844278,0.4282307409139781
0022400800,2025-02-21,2024-25,TOR,MIA,0,0.4683736546236191,0.46875211855889,0.4711028021568292,0.47112940304121537,0.4838892938829102
0022400801,2025-02-21,2024-25,HOU,MIN,1,0.4824091481781982,0.4787844716610919,0.4789915459344564,0.4789737273958684,0.5341312112405984
0022400802,2025-02-21,2024-25,SAS,DET,0,0.36267238985823697,0.3430931280515906,0.3468413314221052,0.3468445801235289,0.3941225588951568
0022400803,2025-02-21,2024-25,DAL,NOP,1,0.6995386109771741,0.7019063368047292,0.7053238232918341,0.7053624544537793,0.7692345170808812
0022400804,2025-02-21,2024-25,UTA,OKC,0,0.14864707838516877,0.11895083820740027,0.12033414157253747,0.12032280164929476,0.1650687148343637
0022400805,2025-02-21,2024-25,SAC,GSW,0,0.48003867435624775,0.46498475960724633,0.4680075780803818,0.46803523944219055,0.5073412453102542
0022400806,2025-02-22,2024-25,CHI,PHX,0,0.4452438311275912,0.37114540174870064,0.36039098427973854,0.3603165339150774,0.43051862229357923
0022400807,2025-02-22,2024-25,PHI,BKN,0,0.6448568959514542,0.7410573004574627,0.737919996034274,0.7378939521052917,0.7579420474098966
0022400808,2025-02-22,2024-25,DEN,LAL,0,0.6736744999889142,0.6491125178424838,0.6488352532634865,0.6488463353118897,0.6191586907283817
0022400809,2025-02-22,2024-25,UTA,HOU,1,0.3498936794127252,0.27353006572426874,0.2757041286406562,0.27571325497448257,0.3167040720515078
0022400810,2025-02-22,2024-25,POR,CHA,1,0.6897966040318793,0.6718988356179431,0.6536880044893257,0.653704756951936,0.5622766866265425
0022400811,2025-02-23,2024-25,BOS,NYK,1,0.6909777228765255,0.7207189881032782,0.6973904010851293,0.6973665059599987,0.7065008193743617
0022400812,2025-02-23,2024-25,GSW,DAL,1,0.5723134913089948,0.601512537358403,0.5997441531275323,0.5997124066965733,0.6523009406937451
0022400813,2025-02-23,2024-25,IND,LAC,1,0.5352605728951273,0.5869705569998078,0.6231822342014052,0.6232142488182085,0.6365131295163907
0022400814,2025-02-23,2024-25,ATL,DET,0,0.47486196144545134,0.43666240329306244,0.4355722266497825,0.43555555575077365,0.4500789502425557
0022400815,2025-02-23,2024-25,ORL,WAS,1,0.7698009556315283,0.8648611993492109,0.8617153917664753,0.8617343771859632,0.8019496536760815
0022400816,2025-02-23,2024-25,TOR,PHX,1,0.48560830064266597,0.44837847906068595,0.4523649078296773,0.4523931047759486,0.4763608000624069
0022400817,2025-02-23,2024-25,MIL,MIA,1,0.5873391679813986,0.582979005493848,0.5847363015038326,0.5847368072650998,0.5968249584680582
0022400818,2025-02-23,2024-25,NOP,SAS,1,0.44443272721557303,0.46490005841257526,0.4625156644794893,0.46248699635965557,0.4418549789446589
0022400819,2025-02-23,2024-25,CLE,MEM,1,0.6790612065266253,0.6800066515029215,0.697356027285991,0.6973206393128883,0.7374632093341841
0022400820,2025-02-23,2024-25,MIN,OKC,0,0.3473294699401343,0.3060897808982556,0.3080728133508725,0.3081032555540692,0.2701295122915219
0022400821,2025-02-24,2024-25,DET,LAC,1,0.640563161783832,0.6410629973029646,0.6398909010454781,0.6398906366572412,0.6476981253199136
0022400822,2025-02-24,2024-25,IND,DEN,0,0.47853566684902493,0.5068638684432003,0.5059551177206468,0.505913392101994,0.5427937566629011
0022400823,2025-02-24,2024-25,PHI,CHI,0,0.6244062905803193,0.5286802340274839,0.6041696443781656,0.6041913061441045,0.5535852442555118
0022400824,2025-02-24,2024-25,WAS,BKN,1,0.35133796073215484,0.3620528764712563,0.36095866697786455,0.36094156861081544,0.4550809676736429
0022400825,2025-02-24,2024-25,ATL,MIA,1,0.625563576073457,0.6531249546083965,0.6507690725816878,0.6507738755223302,0.6068207430377528
0022400826,2025-02-24,2024-25,OKC,MIN,0,0.7905395619767878,0.7939097220534109,0.7888927761600555,0.7888418803871642,0.8266496473532813
0022400827,2025-02-24,2024-25,UTA,POR,0,0.4382924260858201,0.2760389927447728,0.28083599877070564,0.2808118099960057,0.3638692189385349
0022400828,2025-02-24,2024-25,SAC,CHA,1,0.7558651903620903,0.7837402839697591,0.7830733898178681,0.7831115258422391,0.7567249797354547
0022400829,2025-02-25,2024-25,TOR,BOS,0,0.1780232198750236,0.23483015375068697,0.2476380372159566,0.2477080962390041,0.19332255082021743
0022400830,2025-02-25,2024-25,ORL,CLE,0,0.20956782661092718,0.255149375156192,0.2532772199690285,0.253231269728396,0.2869032513399078
0022400831,2025-02-25,2024-25,HOU,MIL,1,0.5852386908814219,0.5953369293080915,0.5803409491293207,0.5803593869142951,0.5797634781760822
0022400832,2025-02-25,2024-25,MEM,PHX,1,0.721182917771579,0.6981416425760534,0.6997639413296673,0.6997931041539385,0.6937589130080403
0022400833,2025-02-25,2024-25,NOP,SAS,1,0.4913380197430299,0.5051018155668949,0.5031910684943224,0.503177148241024,0.5158090272561445
0022400834,2025-02-25,2024-25,GSW,CHA,1,0.9093798370559747,0.9407197672118147,0.9413996071245134,0.9413960089416014,0.9168934699557277
0022400835,2025-02-25,2024-25,LAL,DAL,1,0.6828934393042682,0.687336302087392,0.6726919725147649,0.6726831649104116,0.662718194131521
0022400836,2025-02-26,2024-25,DET,BOS,1,0.4909898617555163,0.5118891714558793,0.5082665038206865,0.508257327219575,0.3911163328740236
0022400837,2025-02-26,2024-25,IND,TOR,1,0.8489422101801383,0.8414724288917579,0.8620291656346977,0.8620284320165026,0.8467442561495739
0022400838,2025-02-26,2024-25,NYK,PHI,1,0.8200228310066614,0.8218564333794527,0.7965515410053654,0.7965534629906216,0.7802600963847643
0022400839,2025-02-26,2024-25,WAS,POR,0,0.3280233786488238,0.33219725244630516,0.33097456096670896,0.3309406628241537,0.348275592617749
0022400840,2025-02-26,2024-25,BKN,OKC,0,0.1092625710678856,0.09069969390694402,0.09162695190564138,0.09162341768530677,0.0920924409284774
0022400841,2025-02-26,2024-25,MIA,ATL,1,0.5026881561804479,0.475959177040375,0.4770885338630469,0.4770859158849964,0.49896854757231607
0022400842,2025-02-26,2024-25,CHI,LAC,0,0.43086824090816295,0.41407571825874523,0.41394651634629576,0.41391092454678,0.36484573690455413
0022400843,2025-02-26,2024-25,UTA,SAC,0,0.3401567051652074,0.32281406186747613,0.32473539632475,0.3247691949830042,0.30962072099848686
0022400844,2025-02-26,2024-25,HOU,SAS,1,0.7073634738404309,0.6754209938193158,0.6769066769980961,0.6768880934995612,0.6815510375885523
0022400845,2025-02-27,2024-25,ORL,GSW,0,0.3382147247312683,0.3334268938234122,0.33354179188332717,0.33355709858865235,0.30452125310917294
0022400846,2025-02-27,2024-25,MIL,DEN,1,0.378990109039704,0.3740273870034066,0.3750098428308832,0.37501968260162843,0.3522405840986867
0022400847,2025-02-27,2024-25,DAL,CHA,1,0.8625519290726408,0.837223259928778,0.8372395111588422,0.8372100805430458,0.826175935354377
0022400848,2025-02-27,2024-25,PHX,NOP,0,0.6380980459418798,0.6556643651432761,0.6551066366116124,0.6551220850905192,0.6454954304147569
0022400849,2025-02-27,2024-25,LAL,MIN,1,0.585014261588625,0.621115983360711,0.6178185348273495,0.617783286135048,0.6542144478129136
0022400850,2025-02-28,2024-25,DET,DEN,0,0.5768384041939428,0.5696203764621266,0.5843737467253135,0.5844186544309012,0.5749972601040025
0022400851,2025-02-28,2024-25,ATL,OKC,0,0.19629668991824012,0.21102076633997216,0.20962171312960087,0.20963329993551866,0.2053362554281173
0022400852,2025-02-28,2024-25,BOS,CLE,0,0.5054363449010781,0.41825540111423154,0.4205213145508536,0.42041269790892516,0.4874542343788871
0022400853,2025-02-28,2024-25,BKN,POR,0,0.39011951260880634,0.49797197629658385,0.4955417789090718,0.49555846962053735,0.4792751408012096
0022400854,2025-02-28,2024-25,MIA,IND,1,0.3905161614495509,0.36085375481815385,0.3647275484705498,0.36470777587534187,0.34852406782642115
0022400855,2025-02-28,2024-25,CHI,TOR,1,0.611726564413692,0.6139947578588482,0.6051505826363781,0.6051141266546531,0.6483012937314879
0022400856,2025-02-28,2024-25,MEM,NYK,0,0.5731466352206774,0.5839491856032849,0.578078492430659,0.5780607518400873,0.5859227989924444
0022400857,2025-02-28,2024-25,PHX,NOP,1,0.6292210013367356,0.7150217879412925,0.7127389095875099,0.7127530215356502,0.6746527120659798
0022400858,2025-02-28,2024-25,UTA,MIN,1,0.3205581541646372,0.3260479590397016,0.32562202959277575,0.3256137240097818,0.333954727565828
0022400859,2025-02-28,2024-25,LAL,LAC,1,0.5829220137786764,0.4952295736449942,0.5201921522021783,0.5201805113332457,0.4912046127968535
0022400860,2025-03-01,2024-25,CHA,WAS,0,0.5446029063902542,0.5638398350087374,0.5545774601137545,0.5545563688735752,0.5699005618155817
0022400861,2025-03-01,2024-25,DET,BKN,1,0.8332584858647565,0.8801887455053917,0.8782938774940011,0.8783062943239197,0.8472974041361523
0022400862,2025-03-01,2024-25,HOU,SAC,0,0.5639148753044786,0.5567584343075014,0.5577793125380466,0.5578170029568145,0.6522083353275732
0022400863,2025-03-01,2024-25,MEM,SAS,0,0.7294390866640741,0.6940985923055109,0.6784396290008378,0.6783023270069349,0.6567528081884271
0022400864,2025-03-01,2024-25,PHI,GSW,1,0.2660422017923731,0.29410548490515726,0.29365874946204734,0.2937167194479895,0.2925421826663446
0022400865,2025-03-01,2024-25,DAL,MIL,0,0.5545075711071255,0.5621078640294997,0.5616430343994839,0.5616186632764768,0.5743875591465695
0022400866,2025-03-02,2024-25,BOS,DEN,1,0.6327404277597088,0.6498414271414296,0.6309757002004366,0.6309652740933844,0.6048035592697685
0022400867,2025-03-02,2024-25,CLE,POR,1,0.8794846405176886,0.8215365845991753,0.8223207902272054,0.8223052335648664,0.8320473497113652
0022400868,2025-03-02,2024-25,IND,CHI,1,0.7595749641509099,0.8155163869368243,0.8585442869581694,0.8585870891541308,0.8035709153725364
0022400869,2025-03-02,2024-25,MIA,NYK,0,0.4028896426468985,0.38940784693081515,0.3888110479138471,0.38876348746353306,0.37253183137592955
0022400870,2025-03-02,2024-25,ORL,TOR,0,0.6371688068542702,0.6741502568452704,0.6710390255336893,0.6710291941183709,0.667831936653731
0022400871,2025-03-02,2024-25,SAS,OKC,0,0.14523384272425754,0.17906754661899338,0.17822040285257967,0.1782505286649187,0.15251112191744567
0022400872,2025-03-02,2024-25,UTA,NOP,0,0.5800830330001006,0.36631877310372246,0.3727347004138551,0.3726830652388516,0.3491957921578
0022400873,2025-03-02,2024-25,PHX,MIN,0,0.387293819933121,0.3878008052496929,0.38626963758338817,0.3862294002040655,0.4197150775896768
0022400874,2025-03-02,2024-25,LAL,LAC,1,0.6000230658188824,0.6101785631668672,0.6111231928989135,0.6111288636775407,0.653915011381652
0022400875,2025-03-03,2024-25,CHA,GSW,0,0.17659285016523887,0.1598182753853585,0.1575740485875461,0.15759335843000638,0.19037006896076222
0022400876,2025-03-03,2024-25,PHI,POR,0,0.5857423075579854,0.5532710218238037,0.5050223144311752,0.5048643825495538,0.5762192885744908
0022400877,2025-03-03,2024-25,MIA,WAS,1,0.7548784701872316,0.7400801326662042,0.7401265088756135,0.7400439544013289,0.795635958195274
0022400878,2025-03-03,2024-25,MEM,ATL,0,0.678769797335995,0.7050898866492433,0.674191144013755,0.6742311037533928,0.6589227876771887
0022400879,2025-03-03,2024-25,OKC,HOU,1,0.7224075223675486,0.8569275139147623,0.9033007407447761,0.9033610373522146,0.8748723366347754
0022400880,2025-03-03,2024-25,DAL,SAC,0,0.5053017720276665,0.501557023348856,0.5012797424099459,0.5012949757095032,0.5183693337224455
0022400881,2025-03-03,2024-25,UTA,DET,0,0.20273241884179308,0.20277643548404126,0.2056610583940146,0.20571448471093515,0.25359213780492906
0022400882,2025-03-04,2024-25,IND,HOU,1,0.7898453972868764,0.8256471036564124,0.8158597009338407,0.8158132400009772,0.7719964334354238
0022400883,2025-03-04,2024-25,ORL,TOR,0,0.6108541919267352,0.5824856367701392,0.5652640007712737,0.5652687017424602,0.5630115668113082
0022400884,2025-03-04,2024-25,ATL,MIL,0,0.3741010218488792,0.38635623293885113,0.38588112683694853,0.3858637699361816,0.42878491072150043
0022400885,2025-03-04,2024-25,NYK,GSW,0,0.6756498682555838,0.5996387474280664,0.6020189326669692,0.6020361629456304,0.5662519039143196
0022400886,2025-03-04,2024-25,CHI,CLE,0,0.19131612951679017,0.1997194381266639,0.1991120630785139,0.19906349060801218,0.20827440541904452
0022400887,2025-03-04,2024-25,MIN,PHI,1,0.8579941110947339,0.8811151172635028,0.8837368621355397,0.8837798866911724,0.8398767206755421
0022400888,2025-03-04,2024-25,SAS,BKN,1,0.6907294583900649,0.7000835640538633,0.6995205420343485,0.6994872127558777,0.6430009048700717
0022400889,2025-03-04,2024-25,PHX,LAC,1,0.4240834481920755,0.46109507077764716,0.470441651329303,0.4704944770931806,0.41232021567711447
0022400890,2025-03-04,2024-25,LAL,NOP,1,0.7917310923448827,0.7840066979693325,0.7845409557570022,0.7845578295168033,0.7891378924931187
0022400891,2025-03-05,2024-25,BOS,POR,1,0.8139348557799421,0.7873560089882872,0.7789356654514704,0.7788796060653131,0.8248397612092203
0022400892,2025-03-05,2024-25,CHA,MIN,0,0.23725522253651124,0.26483667010758377,0.23029641812622945,0.23023537599555208,0.2703884650645263
0022400893,2025-03-05,2024-25,CLE,MIA,1,0.7529904458001169,0.78485688334507,0.7848622636902907,0.7849524621523465,0.7564920622479433
0022400894,2025-03-05,2024-25,WAS,UTA,1,0.4759329117169899,0.5461628448247946,0.5282473757267874,0.5283061343210768,0.44598895079321976
0022400895,2025-03-05,2024-25,MEM,OKC,0,0.27483739777141536,0.2574244813365395,0.2589891176268431,0.2590416144040621,0.2174306376992456
0022400896,2025-03-05,2024-25,DEN,SAC,1,0.6645450804600463,0.6263208694787747,0.665796277731123,0.6658179030958845,0.6559107830361283
0022400897,2025-03-05,2024-25,MIL,DAL,1,0.5894118665702424,0.7196646422245263,0.7115266114256565,0.7115367912864405,0.6784447151891688
0022400898,2025-03-05,2024-25,LAC,DET,1,0.45828813555234255,0.388451417719154,0.38856801360298715,0.3885182943328189,0.3754870747813873
0022400899,2025-03-06,2024-25,ATL,IND,1,0.3340772202069302,0.3704789922673685,0.3684539114544329,0.36849906481838773,0.3312692160266804
0022400900,2025-03-06,2024-25,BOS,PHI,1,0.8543935564238045,0.8685393497856742,0.8679879925341816,0.8679370279585006,0.8599887331005324
0022400901,2025-03-06,2024-25,BKN,GSW,0,0.2124205502391179,0.20327788467740593,0.20409666724146489,0.20412395085514537,0.17953831292557068
0022400902,2025-03-06,2024-25,NOP,HOU,0,0.3952414336726278,0.41459036988204856,0.41209282593277746,0.4120426189335285,0.4395627534138848
0022400903,2025-03-06,2024-25,LAL,NYK,1,0.6201607891655948,0.6737247662924495,0.6715634010453203,0.6715645409331512,0.5953575705296108
0022400944,2025-03-06,2024-25,ORL,CHI,0,0.6091404085269185,0.6029073634048976,0.574497894555732,0.5744750367324737,0.5520341814660076
0022400904,2025-03-07,2024-25,CHA,CLE,0,0.0873349909388297,0.07406180330643533,0.07431491553423668,0.0742928740251777,0.09104817135916103
0022400905,2025-03-07,2024-25,TOR,UTA,1,0.6774544423428389,0.6204245806543227,0.6212516789732845,0.6211236218367514,0.6898114756537722
0022400906,2025-03-07,2024-25,DAL,MEM,0,0.36353730495196585,0.3547103405233647,0.35552402692807944,0.35551247630469585,0.33791288834596594
0022400907,2025-03-07,2024-25,MIA,MIN,0,0.4463025259584177,0.4270610770730296,0.4285987129086039,0.4284926276240388,0.4813691906477574
0022400908,2025-03-07,2024-25,OKC,POR,1,0.8711579670341517,0.6993973142335123,0.7331986973538566,0.7331195342515531,0.774929618343539
0022400909,2025-03-07,2024-25,DEN,PHX,1,0.7585917506052645,0.7339222478870587,0.7461280100231364,0.7461437214390688,0.7588765011467709
0022400910,2025-03-07,2024-25,SAC,SAS,1,0.6908146091931496,0.6848032928913422,0.6852630325526347,0.6852524334984438,0.6666829522655504
0022400911,2025-03-07,2024-25,LAC,NYK,1,0.5063715422212175,0.552106822658395,0.5514288852441935,0.5514959081246747,0.604157565826611
0022400912,2025-03-08,2024-25,CHA,BKN,1,0.41317821655967746,0.3697978218438301,0.36954197558992063,0.3695273434083204,0.4034433962211845
0022400913,2025-03-08,2024-25,HOU,NOP,1,0.7217042632811058,0.7284653614487934,0.7287017476828025,0.7287438585287744,0.6965238692429914
0022400914,2025-03-08,2024-25,ATL,IND,1,0.37161684765073966,0.40483510199853756,0.4035478005705187,0.40352617377456584,0.4291167758727085
0022400915,2025-03-08,2024-25,TOR,WAS,0,0.6694846485849292,0.6479826703713306,0.6502529841642058,0.6501681185931293,0.7634067828942834
0022400916,2025-03-08,2024-25,MIA,CHI,0,0.629585416419122,0.6067604999176536,0.6032669897155282,0.6032770759788699,0.5880169381964152
0022400917,2025-03-08,2024-25,MIL,ORL,0,0.7289173945433928,0.7271445438116405,0.7268877583395124,0.7268988807225566,0.7179527613157959
0022400918,2025-03-08,2024-25,BOS,LAL,1,0.583937060228961,0.6376896779320953,0.6377885138460652,0.6378021516062542,0.698535125062964
0022400919,2025-03-08,2024-25,GSW,DET,1,0.6226599828707432,0.5784576933188122,0.5785333332110282,0.5784495628341592,0.5936933392074002
0022400920,2025-03-09,2024-25,OKC,DEN,1,0.6401323159753555,0.7054012595630343,0.7081047476539055,0.7081094980485516,0.7308946406781179
0022400921,2025-03-09,2024-25,DAL,PHX,0,0.48279352636265604,0.4631521142071061,0.4649068069756077,0.46496610687895373,0.45218324474794325
0022400922,2025-03-09,2024-25,MIL,CLE,0,0.2633219672633768,0.2640857644660381,0.2635270975673543,0.26352067283245184,0.27968710645120076
0022400923,2025-03-09,2024-25,NOP,MEM,0,0.2438654423737859,0.19482626760489788,0.2118838695826904,0.21187355373840874,0.24530017701083545
0022400924,2025-03-09,2024-25,PHI,UTA,1,0.5997299573325853,0.6973647455932346,0.6935732451789706,0.6935931289036159,0.619583289335423
0022400925,2025-03-09,2024-25,MIN,SAS,1,0.7785559809456583,0.7810797116499353,0.7813267956795004,0.7813373534303638,0.7724258066110097
0022400926,2025-03-09,2024-25,POR,DET,0,0.4367617342563362,0.4254299727423214,0.4164093389527354,0.4164442424138763,0.4135703185336543
0022400927,2025-03-09,2024-25,LAC,SAC,1,0.5919481988932629,0.5960611325923889,0.5937788825897055,0.5937597752811311,0.60612714304179
0022400928,2025-03-10,2024-25,ATL,PHI,1,0.7843318056298223,0.7704150237340622,0.770179419894337,0.7701171943483186,0.8111401154982869
0022400929,2025-03-10,2024-25,BOS,UTA,1,0.9470202180569572,0.9141969132205149,0.9144091596198458,0.9143960311425587,0.9107607651068504
0022400930,2025-03-10,2024-25,BKN,LAL,1,0.1794099547122881,0.20442654375090097,0.20388254737264047,0.2039082882588101,0.21250836806813717
0022400931,2025-03-10,2024-25,MIA,CHA,0,0.8173034226067925,0.8065289792451327,0.8060167877469424,0.8060320520278266,0.7306966895563336
0022400932,2025-03-10,2024-25,TOR,WAS,1,0.7487059053813426,0.8381643865815381,0.8350175872892779,0.8350050454868839,0.8049157535883764
0022400933,2025-03-10,2024-25,CHI,IND,1,0.37276343472062723,0.3605799021578038,0.3662955780984573,0.36627705523834186,0.3863805142775934
0022400934,2025-03-10,2024-25,HOU,ORL,1,0.6698193482529325,0.642076386795241,0.6122314727085183,0.6122392907208195,0.6596112967828723
0022400935,2025-03-10,2024-25,MEM,PHX,1,0.6814772877716596,0.6490741395834813,0.6103573489006064,0.6103803728457443,0.5733098325039254
0022400936,2025-03-10,2024-25,OKC,DEN,0,0.7720203546803003,0.8142416691707522,0.7857718009536989,0.7858007606178236,0.7404794942982671
0022400937,2025-03-10,2024-25,SAS,DAL,0,0.6195705159289442,0.5894257337208499,0.5887950257371125,0.5887329033051893,0.626310111825514
0022400938,2025-03-10,2024-25,GSW,POR,1,0.8096098569504921,0.8385581334683924,0.8300391374088388,0.8300190726933355,0.8466868917267091
0022400939,2025-03-10,2024-25,SAC,NYK,0,0.4628924754715368,0.429470316244055,0.4308194778717749,0.43078629545066033,0.4678038616378955
0022400940,2025-03-11,2024-25,CLE,BKN,1,0.9333336217504674,0.9229305401709578,0.8901046241254776,0.890100873961335,0.9193769454630062
0022400941,2025-03-11,2024-25,DET,WAS,1,0.9244659171514703,0.9320493540149576,0.9311032337015741,0.9311090997938934,0.8634925608817278
0022400942,2025-03-11,2024-25,IND,MIL,1,0.5184979701138632,0.5907318821697001,0.5876100693474906,0.5875713771763926,0.6033879829823596
0022400943,2025-03-11,2024-25,NOP,LAC,1,0.23048336720184523,0.1970597887510884,0.1965237239791298,0.19653713983082216,0.29673791219029944
0022400945,2025-03-12,2024-25,ATL,CHA,1,0.7543804929771986,0.6930837610637028,0.6949276498904634,0.6949384645130895,0.7003281450504976
0022400946,2025-03-12,2024-25,BOS,OKC,0,0.47367996115148686,0.5257408734175171,0.523044004505472,0.5231004769858063,0.49922580616772155
0022400947,2025-03-12,2024-25,TOR,PHI,1,0.6838989068132906,0.5708096631189171,0.5729783269616427,0.5728645621489552,0.7123370267903504
0022400948,2025-03-12,2024-25,MIA,LAC,0,0.47521887808583924,0.5377639365170981,0.5375135483939053,0.537547013742388,0.5342086783176794
0022400949,2025-03-12,2024-25,HOU,PHX,1,0.651088400675387,0.6739963723867552,0.6728075200993493,0.6729007954726681,0.6723172879241528
0022400950,2025-03-12,2024-25,MEM,UTA,1,0.7397805633515022,0.7073090744487296,0.7215772982698772,0.7216328954947002,0.7271823436307709
0022400951,2025-03-12,2024-25,SAS,DAL,1,0.546437110584809,0.5523833343033427,0.5698943569539057,0.5698402959224219,0.5918328381642437
0022400952,2025-03-12,2024-25,DEN,MIN,0,0.5886196133639185,0.5949137859416996,0.5791736388370777,0.5791566367880833,0.5801488543898898
0022400953,2025-03-12,2024-25,POR,NYK,0,0.3721204905833783,0.35960527128851116,0.3617967245211243,0.3618163365901576,0.31823594455473364
0022400954,2025-03-13,2024-25,DET,WAS,0,0.8504114561421501,0.8602499239418995,0.8602903427856426,0.8603033115657581,0.8604496658088887
0022400955,2025-03-13,2024-25,MIL,LAL,1,0.4942166434476526,0.5294961194748603,0.5282125889763705,0.528204641815209,0.41376500419780254
0022400956,2025-03-13,2024-25,CHI,BKN,1,0.7259584112432188,0.721023211964173,0.7198077707079562,0.7197741443675947,0.6870544777280888
0022400957,2025-03-13,2024-25,GSW,SAC,1,0.7134313555032938,0.705572642144026,0.7035305974313715,0.7035087001022421,0.6970844425525976
0022401141,2025-03-13,2024-25,NOP,ORL,0,0.532414357833458,0.5572598039504723,0.5893588317413204,0.5893067933802034,0.5819144459134276
0022400958,2025-03-14,2024-25,MIA,BOS,0,0.22306504964106755,0.26567059568034584,0.23218882868340981,0.23223403083083605,0.20049073380425178
0022400959,2025-03-14,2024-25,PHI,IND,0,0.2162220587178185,0.1349907877511544,0.0925180014710204,0.09250768192025705,0.1832191194289028
0022400960,2025-03-14,2024-25,ATL,LAC,0,0.45463643453163183,0.439030864781779,0.4384948536894803,0.43850772899694,0.3973631374331301
0022400961,2025-03-14,2024-25,HOU,DAL,1,0.7717900226498138,0.7887741549245728,0.7866956649440893,0.7866593274772388,0.7975866880575323
0022400962,2025-03-14,2024-25,MEM,CLE,0,0.3806936436938826,0.38824399717582775,0.3910866616652327,0.39104191136469146,0.39312957695764866
0022400963,2025-03-14,2024-25,MIN,ORL,1,0.8385195292641018,0.8390205128269514,0.8585505871451952,0.8585765077730374,0.851999450465489
0022400964,2025-03-14,2024-25,SAS,CHA,0,0.6978047057929192,0.654549215372808,0.6576193499094912,0.6576253722715065,0.6600605072697231
0022400965,2025-03-14,2024-25,DEN,LAL,1,0.6753807656960858,0.8278295026599273,0.8237616620802906,0.8237889583972773,0.8337470849710885
0022400966,2025-03-14,2024-25,UTA,TOR,0,0.4826776866881741,0.46364263437423187,0.46279630020663176,0.46280712354725156,0.4053420632622377
0022400967,2025-03-14,2024-25,PHX,SAC,1,0.5790763182242404,0.5847221120678397,0.5934354351616418,0.5934197006506671,0.5627766214706352
0022400968,2025-03-15,2024-25,BKN,BOS,0,0.1872861051662911,0.2362084262187331,0.2256648535015387,0.22562190251134318,0.2411378479667803
0022400969,2025-03-15,2024-25,DET,OKC,0,0.3062191583474023,0.33171590444483184,0.3470839858578574,0.3471400759887672,0.34355815681720914
0022400970,2025-03-15,2024-25,HOU,CHI,1,0.6496963065039018,0.6460137327171169,0.6452937559458742,0.6452824993324427,0.6964348077146255
0022400971,2025-03-15,2024-25,MEM,MIA,1,0.7030981014900196,0.720597711709926,0.6927125017974683,0.6926658442374785,0.6983776237809327
0022400972,2025-03-15,2024-25,MIL,IND,1,0.5928327463271608,0.5694382756584246,0.5585381448742575,0.5585651324323708,0.5550909742143653
0022400973,2025-03-15,2024-25,SAS,NOP,1,0.5240681841577166,0.5808590957726113,0.5798358082842298,0.5798963277441531,0.5391217526106833
0022400974,2025-03-15,2024-25,GSW,NYK,1,0.5817163554433455,0.602554669976462,0.6017464901234537,0.6017088168927973,0.6249490088021676
0022400975,2025-03-15,2024-25,DEN,WAS,0,0.8287745394894945,0.812173960763214,0.8121507167191857,0.8121574987732015,0.8511354852831835
0022400538,2025-03-16,2024-25,LAC,CHA,1,0.8357376211181157,0.8303285871317405,0.8308195008840341,0.8308042224314123,0.8351048961036965
0022400976,2025-03-16,2024-25,DAL,PHI,0,0.6324459153057277,0.6150091311505992,0.6000463291181657,0.6000313950164267,0.6071148635536875
0022400977,2025-03-16,2024-25,LAL,PHX,1,0.5629576473379659,0.6854363179016825,0.6857370659772626,0.6857423183009582,0.7046782388503887
0022400978,2025-03-16,2024-25,BKN,ATL,1,0.39310149773406516,0.37598417200563006,0.2841744600622464,0.2841778351227908,0.2892263758477843
0022400979,2025-03-16,2024-25,CLE,ORL,0,0.840519988722499,0.8463216376976845,0.8447045670421846,0.8447118987590997,0.8519853997026474
0022400980,2025-03-16,2024-25,POR,TOR,1,0.5750270929418331,0.6218790201946878,0.6819394637297943,0.681997756666863,0.5533373802154352
0022400981,2025-03-16,2024-25,MIN,UTA,1,0.8729447674825007,0.8942956045129284,0.8930706711707949,0.8930936284465867,0.8220990824043836
0022400982,2025-03-16,2024-25,MIL,OKC,0,0.3249119693319911,0.34620316890671693,0.3529533203506747,0.35299060296584805,0.3068460274395802
0022400537,2025-03-17,2024-25,LAL,SAS,1,0.7326678789493432,0.7456899443231986,0.7444996149599047,0.7445000456107587,0.743003564376329
0022400984,2025-03-17,2024-25,NYK,MIA,1,0.7966587555463992,0.78444993960207,0.7836642322297271,0.7836792861760951,0.7500893916845861
0022400985,2025-03-17,2024-25,HOU,PHI,1,0.8831728953684064,0.8930824576846836,0.9017139294754379,0.9017070169879468,0.9009517263007508
0022400986,2025-03-17,2024-25,MIN,IND,0,0.5571964292705128,0.6608204833602033,0.7283903957578618,0.7285468807062454,0.6858764991968087
0022400987,2025-03-17,2024-25,NOP,DET,0,0.2676820473671164,0.25592744068687123,0.26154771659276765,0.26154207863514434,0.2835311013636312
0022400989,2025-03-17,2024-25,UTA,CHI,0,0.33213660707725484,0.26554648166989997,0.2676760577845733,0.2676695603737899,0.307543980481192
0022400990,2025-03-17,2024-25,GSW,DEN,0,0.6182034283038853,0.659406764124236,0.7802127870002322,0.7802599739111383,0.726897186182028
0022400991,2025-03-17,2024-25,PHX,TOR,1,0.6079365244209171,0.6250865350350738,0.6249772644338055,0.6249446513447401,0.6452785551886121
0022400992,2025-03-17,2024-25,SAC,MEM,1,0.4688789098336228,0.46192223200319454,0.47205717400648745,0.4720861520451796,0.4847317512428379
0022400995,2025-03-17,2024-25,POR,WAS,1,0.6700336528148445,0.6545144328877034,0.6206131057879879,0.6206731854613122,0.5867738786228993
0022400993,2025-03-18,2024-25,CHA,ATL,0,0.4097841539373875,0.38704705054180144,0.35003065324413113,0.34990375858487427,0.45737253019755897
0022400994,2025-03-18,2024-25,BOS,BKN,1,0.9022012617357684,0.8592395340478355,0.8605379832605418,0.8605061660714439,0.8814404211042417
0022400997,2025-03-18,2024-25,LAC,CLE,1,0.388757329950563,0.423795881669152,0.4212330739000154,0.42116480616122776,0.4650510463194748
0022401012,2025-03-18,2024-25,GSW,MIL,1,0.635237763211309,0.6059525472545896,0.6039438848330602,0.603883358058763,0.6132214023731833
0022400627,2025-03-19,2024-25,UTA,WAS,1,0.560852680259685,0.5341224276651773,0.5354027126927866,0.5354951103541175,0.4803064984131811
0022400998,2025-03-19,2024-25,IND,DAL,1,0.7767790272038239,0.7851501681974011,0.7833611010813571,0.7833958115841227,0.7915743468687919
0022400999,2025-03-19,2024-25,ORL,HOU,0,0.3711831827924791,0.357913874844262,0.3583471728866964,0.35830137718578753,0.365688100833876
0022401000,2025-03-19,2024-25,MIA,DET,0,0.3457726186308324,0.3205848181586488,0.32069022376511064,0.3206849169795582,0.3261852520208549
0022401001,2025-03-19,2024-25,MIN,NOP,0,0.8767205593321877,0.900955505894053,0.8999888924597976,0.9000046289666037,0.8845090945340998
0022401002,2025-03-19,2024-25,OKC,PHI,1,0.9262625059011207,0.8813880331673908,0.8480849946559401,0.8480582322913827,0.8501576168681478
0022401003,2025-03-19,2024-25,SAS,NYK,1,0.2723474299288809,0.2685127382887156,0.2621491469268325,0.2621660846394154,0.26162063199635227
0022401006,2025-03-19,2024-25,LAL,DEN,1,0.5518845725154319,0.536425696167964,0.5664815376911079,0.566460367867029,0.6023384855318437
0022401007,2025-03-19,2024-25,PHX,CHI,1,0.5544523921055856,0.5560739530060951,0.5576450975277211,0.557636983411775,0.5577076537215115
0022401008,2025-03-19,2024-25,POR,MEM,1,0.3921584520489347,0.40228647045467236,0.4041312862291789,0.404162743684333,0.38095022280520874
0022401009,2025-03-19,2024-25,SAC,CLE,1,0.3836450854323577,0.27070688109741076,0.2734888199065635,0.2734106980470827,0.3250831977441258
0022400996,2025-03-20,2024-25,LAL,MIL,0,0.5792057019979504,0.3659348524266871,0.3719631353834914,0.37191087790157035,0.39885872895887803
0022401005,2025-03-20,2024-25,GSW,TOR,1,0.8354030627791915,0.8347557573955411,0.8344567848433487,0.8344102153922331,0.8815415063777647
0022401010,2025-03-20,2024-25,CHA,NYK,1,0.2277094028214997,0.23380458776769664,0.21819047347405382,0.21817198633592494,0.273260942223376
0022401011,2025-03-20,2024-25,IND,BKN,1,0.7496587549084592,0.8093407908928749,0.8157762479422053,0.8157927262610284,0.7899896347230307
0022401013,2025-03-20,2024-25,SAC,CHI,0,0.6567068654836404,0.6924190706378376,0.6905556867397915,0.6905930897295648,0.6233708810105981
0022401014,2025-03-21,2024-25,WAS,ORL,0,0.33402085877751003,0.25657325140285986,0.24378037356267132,0.2437840211266866,0.34310593636362374
0022401015,2025-03-21,2024-25,MIA,HOU,0,0.31183677459225445,0.318650861374333,0.318882492490214,0.3188761415127886,0.31412301235627704
0022401016,2025-03-21,2024-25,MIN,NOP,1,0.8578541115910255,0.8857163201019895,0.8847970880741967,0.8848114739208816,0.8707250734119024
0022401017,2025-03-21,2024-25,OKC,CHA,1,0.9367366433220274,0.9622802819787333,0.962573855324417,0.9625875401992309,0.9466295354210562
0022401018,2025-03-21,2024-25,SAS,PHI,1,0.6701824281608371,0.6701674145446241,0.669508907407564,0.6694970164714626,0.6663979753798108
0022401019,2025-03-21,2024-25,DAL,DET,1,0.27440075358303767,0.21330975594475884,0.21589612884242199,0.21591019162334305,0.19656819402601197
0022401020,2025-03-21,2024-25,UTA,BOS,0,0.14941042707827024,0.12908818778830258,0.13008027225699229,0.13006251172847233,0.14052363180482622
0022401021,2025-03-21,2024-25,PHX,CLE,1,0.2690227158985347,0.2719449403225067,0.30542139202721896,0.30535332221165234,0.3882336796680549
0022401022,2025-03-21,2024-25,POR,DEN,1,0.4222556497686863,0.40941496374984476,0.35488441005780647,0.35482339674004687,0.38828746294767363
0022401023,2025-03-21,2024-25,LAC,MEM,1,0.6580092855450214,0.7071066463869943,0.7027829254072344,0.7027745095010703,0.7069490415110233
0022401024,2025-03-22,2024-25,IND,BKN,1,0.8055312506419225,0.9079754640600064,0.9097445471859331,0.9097415293226732,0.8719649485528791
0022401025,2025-03-22,2024-25,ATL,GSW,1,0.30536071934927406,0.3556274763670589,0.3534154182206055,0.35346981204402883,0.3267626389343052
0022401026,2025-03-22,2024-25,NYK,WAS,1,0.8817859781742321,0.89347451068823,0.8851704248489235,0.8851597414403714,0.8505687723200185
0022401027,2025-03-22,2024-25,SAC,MIL,0,0.5094548135285327,0.46998344788033264,0.4642664293820669,0.46418712982590227,0.5187230754652309
0022401028,2025-03-22,2024-25,LAL,CHI,0,0.4599858529108872,0.6994619399243991,0.6976979712854029,0.6977484924215154,0.7186384167493668
0022401029,2025-03-23,2024-25,DET,NOP,1,0.866586840057964,0.8466072233548001,0.8466593714732585,0.8466579794792746,0.8339817366694839
0022401030,2025-03-23,2024-25,UTA,CLE,0,0.14169104930637264,0.13030211651657894,0.13071192645240715,0.1307140086136164,0.12196221431462818
0022401031,2025-03-23,2024-25,ATL,PHI,1,0.6767966845025092,0.7198676766785959,0.7169551144233111,0.7169559620197922,0.722368585381763
0022401032,2025-03-23,2024-25,MIA,CHA,1,0.7314777984144676,0.7505965531091069,0.7613590021941248,0.761364309124363,0.6877762275625726
0022401033,2025-03-23,2024-25,TOR,SAS,0,0.4883785726194333,0.3664388771344593,0.37090912215086863,0.3708421975533549,0.5304968069954794
0022401034,2025-03-23,2024-25,POR,BOS,0,0.2941230037058637,0.30660886019350597,0.3201631713046269,0.32026770768688995,0.24799813675378657
0022401035,2025-03-23,2024-25,HOU,DEN,0,0.6499086664405274,0.6725003280029767,0.6689898874896074,0.6689510939740939,0.6826612451350863
0022401036,2025-03-23,2024-25,LAC,OKC,0,0.37062250707597183,0.3931402320501412,0.40280414593833885,0.4028046262420301,0.36945824806079364
0022401037,2025-03-24,2024-25,IND,MIN,1,0.4812126780598016,0.48433074654987224,0.4832821315845276,0.4832534149596958,0.49040799762946136
0022401038,2025-03-24,2024-25,ORL,LAL,1,0.4291310949574889,0.3932451904959016,0.3937514635739372,0.3937477459883121,0.410843177165027
0022401039,2025-03-24,2024-25,WAS,TOR,0,0.5638437512526199,0.631469879684854,0.6277743281884471,0.6277371651721707,0.6095512771771808
0022401040,2025-03-24,2024-25,BKN,DAL,0,0.4594879174819361,0.4642587559244439,0.4649478238983369,0.4649310149329671,0.4652004920195908
0022401041,2025-03-24,2024-25,NOP,PHI,1,0.5757131309062524,0.4692171927819018,0.4592819799131499,0.45927976929318165,0.5234669451122478
0022401042,2025-03-24,2024-25,DEN,CHI,0,0.5591513596834174,0.521985487703955,0.4989958419549744,0.4990128795810534,0.5024403432643756
0022401043,2025-03-24,2024-25,PHX,MIL,1,0.5653587930768709,0.5106398346757971,0.5085148031546577,0.5084820370258926,0.5028784531476177
0022401044,2025-03-24,2024-25,SAC,BOS,0,0.35604703942820737,0.393478206963517,0.4185728472340209,0.418601487954421,0.3793564607242511
0022401045,2025-03-25,2024-25,CHA,ORL,0,0.398931385552343,0.40139732515495924,0.4057194637571915,0.4057006294514837,0.3569505385643625
0022401046,2025-03-25,2024-25,DET,SAS,1,0.6952952070568782,0.7062097630665195,0.7201777615945484,0.7201760159043276,0.7202157678040831
0022401047,2025-03-25,2024-25,MIA,GSW,1,0.32739951831229874,0.2884834106580003,0.2899437057201644,0.28991347028546355,0.3454026436768537
0022401048,2025-03-25,2024-25,NYK,DAL,1,0.8039256617401123,0.8718689175895437,0.8699645557473855,0.8699522565933309,0.8661901409607115
0022401049,2025-03-25,2024-25,HOU,ATL,1,0.7155884889948231,0.7198956096839834,0.7191149448650601,0.7191151239803442,0.7588519566388827
0022401050,2025-03-25,2024-25,UTA,MEM,0,0.24620322610048032,0.1975545390361119,0.1997937375185336,0.19978377301984956,0.23421450385259646
0022401051,2025-03-25,2024-25,POR,CLE,0,0.29557043750637274,0.35667029907139375,0.3510345592258911,0.3510668477110557,0.36620012166505356
0022401052,2025-03-25,2024-25,SAC,OKC,0,0.15285011744690827,0.1835860939884578,0.20119920285640885,0.2012359502990299,0.1768306981230319
0022401053,2025-03-26,2024-25,PHI,WAS,0,0.5038406009728289,0.6067852293606635,0.5795963625856332,0.5796945941966958,0.5485434322143473
0022401054,2025-03-26,2024-25,BKN,TOR,0,0.48879628509052736,0.4757345180738215,0.47584962005844167,0.47585102962772213,0.5425254348894765
0022401055,2025-03-26,2024-25,IND,LAL,0,0.5886968952131508,0.5857373086988859,0.5862268802391067,0.5862594200887452,0.5590831157401804
0022401056,2025-03-26,2024-25,NYK,LAC,0,0.3969189254583108,0.40158624752316036,0.40310993122959865,0.40311773722631444,0.3840890465335944
0022401057,2025-03-26,2024-25,DEN,MIL,1,0.5247340983767794,0.6183202833789837,0.6442385635686592,0.6442336746175922,0.6618243394512409
0022401058,2025-03-26,2024-25,PHX,BOS,0,0.32418281254145814,0.33845787941759353,0.3765752264507685,0.3765935838761047,0.3163630954362042
0022401059,2025-03-27,2024-25,CLE,SAS,1,0.8146108610348051,0.7628747557868288,0.7535378628200681,0.7535211051229849,0.831620620398141
0022401060,2025-03-27,2024-25,ORL,DAL,0,0.7363328164726082,0.7311975378054053,0.719499748355231,0.7194379356687577,0.7150180999894784
0022401061,2025-03-27,2024-25,WAS,IND,0,0.19514550822082294,0.17054204259870065,0.1678348835542647,0.1678235751913612,0.2388002681877889
0022401062,2025-03-27,2024-25,MIA,ATL,1,0.559193208709294,0.5552099436615696,0.554937939716449,0.554926147981645,0.5510504990267933
0022401063,2025-03-27,2024-25,CHI,LAL,1,0.60587117512485,0.6196480928781369,0.6198984111870192,0.6199004298289704,0.6086643791900112
0022401064,2025-03-27,2024-25,OKC,MEM,1,0.80613374108987,0.802614263384931,0.800962784960128,0.8009668469525404,0.7996159354122083
0022401065,2025-03-27,2024-25,UTA,HOU,0,0.15543711152098194,0.1614447251731304,0.17715247340937246,0.1771882858646985,0.1329078190395809
0022401066,2025-03-27,2024-25,SAC,POR,1,0.5138020071462613,0.4952797421576781,0.4792480185832641,0.47919719915615944,0.5734990253121395
0022401067,2025-03-28,2024-25,DET,CLE,1,0.5056633700519731,0.502556226112111,0.4209379388657996,0.4209380249239979,0.4158804043907318
0022401068,2025-03-28,2024-25,BKN,LAC,0,0.16152509594256362,0.1498017767831962,0.15104248030636014,0.1510369715384648,0.1943006754592549
0022401069,2025-03-28,2024-25,TOR,CHA,1,0.6675318969939482,0.6941366082081221,0.6951327084075731,0.6951270649356893,0.6804266986635228
0022401070,2025-03-28,2024-25,MIL,NYK,0,0.517762070696442,0.5573593574443213,0.567672387816494,0.567735322748468,0.530978094289397
0022401071,2025-03-28,2024-25,MIN,PHX,1,0.7185409273850214,0.734006336046413,0.7334697281481621,0.7334653635854461,0.7298173424693848
0022401072,2025-03-28,2024-25,NOP,GSW,0,0.2063443202741868,0.17726954956909555,0.17206856500750484,0.1721343730267109,0.15969672034114496
0022401073,2025-03-28,2024-25,DEN,UTA,1,0.9134376981801888,0.9255772806397048,0.9185108995756704,0.918486256686481,0.9219865431031025
0022401074,2025-03-29,2024-25,ORL,SAC,1,0.5290772354472003,0.5264235406642156,0.5248915024341277,0.5248699961589391,0.5299188872484898
0022401075,2025-03-29,2024-25,WAS,BKN,0,0.5319992359892218,0.6105682563808895,0.6082791453659625,0.6083008810948437,0.5907044096804134
0022401076,2025-03-29,2024-25,PHI,MIA,0,0.27529484608714144,0.28127302022074674,0.28262875050369796,0.28269078024527206,0.29253881423891753
0022401077,2025-03-29,2024-25,CHI,DAL,0,0.72880167777201,0.7337647324421052,0.7198877058568058,0.719862290814197,0.7381791599935077
0022401078,2025-03-29,2024-25,MEM,LAL,0,0.5346420827178547,0.5166237255061437,0.5201759384297316,0.5202235812552324,0.4830879299735556
0022401079,2025-03-29,2024-25,OKC,IND,1,0.7697279436531901,0.752661898658427,0.7438666251718642,0.743866001268889,0.7487918872938867
0022401080,2025-03-29,2024-25,SAS,BOS,0,0.22637754452183995,0.2778219528880122,0.2754804028331181,0.27552812335596333,0.1950285113171417
0022401081,2025-03-30,2024-25,CLE,LAC,1,0.6133893439235697,0.6792187969668878,0.6778623977415474,0.677910818066375,0.6115656472744506
0022401082,2025-03-30,2024-25,NYK,POR,1,0.691065626929433,0.721534510191356,0.7094948301052567,0.7094907922093175,0.7162053032113911
0022401083,2025-03-30,2024-25,MIL,ATL,0,0.6424291729844951,0.6191251472904757,0.6222115667233994,0.6222126446522318,0.5842133034078363
0022401084,2025-03-30,2024-25,MIN,DET,1,0.6082064834210513,0.5791893533702245,0.5805043456328194,0.5805162296564896,0.6364828963402736
0022401085,2025-03-30,2024-25,NOP,CHA,1,0.552779174112838,0.6238799857231181,0.6183443012272156,0.6184332306347177,0.5599365619256964
0022401086,2025-03-30,2024-25,SAS,GSW,0,0.2925164578909196,0.27108762533739134,0.2759662627388183,0.27601076922212053,0.2551249199090857
0022401087,2025-03-30,2024-25,PHI,TOR,0,0.31336266801047086,0.2884093659357554,0.28919636163431667,0.28922805530536,0.25244971066595717
0022401088,2025-03-30,2024-25,PHX,HOU,0,0.40610648701777297,0.43173356856452827,0.4370367467360136,0.4370690093977878,0.3847153282466211
0022401089,2025-03-31,2024-25,CHA,UTA,1,0.5223446152474993,0.5899058653780007,0.5859719986807412,0.585956537613798,0.5943096596443072
0022401090,2025-03-31,2024-25,IND,SAC,1,0.7130659874122617,0.6860039015725427,0.6860943409495547,0.6860709554935212,0.709025343644141
0022401091,2025-03-31,2024-25,ORL,LAC,0,0.4458631777643284,0.47585919207336785,0.4659306672523758,0.4659601407426057,0.3677506804077448
0022401092,2025-03-31,2024-25,WAS,MIA,0,0.26003114652969805,0.238397333785594,0.26421152968704353,0.26421195954286464,0.306155128351864
0022401093,2025-03-31,2024-25,MEM,BOS,0,0.32662815739941864,0.34730102286142367,0.3464815970507215,0.3464998634037835,0.27910012189905165
0022401094,2025-03-31,2024-25,OKC,CHI,1,0.8203510301289522,0.8641510362532238,0.8708025879154188,0.8708304500047516,0.8569353976280691
0022401095,2025-03-31,2024-25,DAL,BKN,0,0.7222824614969457,0.8197509670639829,0.8176542321708925,0.8176463677717895,0.7608569234122964
0022401096,2025-03-31,2024-25,LAL,HOU,1,0.6009901740300329,0.5846105032221316,0.5835055872810784,0.5834496549346337,0.6002943890243579
0022400988,2025-04-01,2024-25,SAS,ORL,0,0.5000139872390439,0.5010900320512442,0.47031266881812384,0.4702820232740965,0.47872301722284427
0022401097,2025-04-01,2024-25,ATL,POR,0,0.6076075366608616,0.6448999430427033,0.6410310188650943,0.6410415905610246,0.6393819976326345
0022401098,2025-04-01,2024-25,NYK,PHI,1,0.8943790243780078,0.8859660340593881,0.8853384309637556,0.8853081383123113,0.8817197295650359
0022401099,2025-04-01,2024-25,CHI,TOR,1,0.5776388522419266,0.6873846724991072,0.7001041893906379,0.7000696509393223,0.6971927860145207
0022401100,2025-04-01,2024-25,MEM,GSW,0,0.39241847372621547,0.40092015989563823,0.4074854924285896,0.40751659853652533,0.36686258031793234
0022401101,2025-04-01,2024-25,MIL,PHX,1,0.6068759227568957,0.7307979363166864,0.7275619579119458,0.7275988184061913,0.6835030759728778
0022401102,2025-04-01,2024-25,DEN,MIN,0,0.5039489794768349,0.5156600450914361,0.5136394034599681,0.5136537788899903,0.4944129913638775
0022401103,2025-04-02,2024-25,CLE,NYK,1,0.7747664692498702,0.7520885277687696,0.7324891588954496,0.7325056417664138,0.7036102610591405
0022401104,2025-04-02,2024-25,IND,CHA,1,0.868797839276327,0.8781409023987935,0.8736805848904093,0.8737017978688341,0.8656997618477064
0022401105,2025-04-02,2024-25,WAS,SAC,1,0.2502420565005928,0.20876907797898678,0.20757973115880238,0.2075826566694133,0.2127123277498891
0022401106,2025-04-02,2024-25,BOS,MIA,0,0.8335717126366811,0.7817473144875946,0.783089489075118,0.7830530590596717,0.737397764661163
0022401107,2025-04-02,2024-25,HOU,UTA,1,0.9026202932701166,0.8942342961511979,0.8693507444299258,0.8693410851453874,0.8531066137052737
0022401108,2025-04-02,2024-25,OKC,DET,1,0.7994170597189976,0.7771881151611106,0.7773125646008443,0.7773645395306882,0.7474588800538057
0022401109,2025-04-02,2024-25,DAL,ATL,1,0.6159961432671804,0.5511259569675447,0.5533338158933518,0.5532766480098783,0.591827609454902
0022401110,2025-04-02,2024-25,DEN,SAS,0,0.8039010471583764,0.7620017814793234,0.629494119513636,0.6294534643741516,0.6347343020130412
0022401111,2025-04-02,2024-25,LAC,NOP,1,0.903980317356469,0.9162594762673473,0.9152667409103907,0.9152409770509162,0.9131221757448422
0022401112,2025-04-03,2024-25,WAS,ORL,0,0.1819606240261117,0.14312359982846273,0.14775750781893043,0.14775569300210112,0.17666935516059884
0022401113,2025-04-03,2024-25,BKN,MIN,0,0.1712282954941107,0.13305135378993627,0.13415279420209086,0.13412176973791784,0.1846817304497878
0022401114,2025-04-03,2024-25,MIA,MEM,0,0.4967674937622123,0.47010250627558964,0.46957894211135176,0.4695656524897136,0.5235909073018084
0022401115,2025-04-03,2024-25,PHI,MIL,0,0.23205480928143402,0.2076836271575907,0.21290556174736727,0.2128924875634812,0.24153816171499304
0022401116,2025-04-03,2024-25,TOR,POR,0,0.4456557701599757,0.3694334750335646,0.37143143089476527,0.3713700013062324,0.4873723080328457
0022401117,2025-04-03,2024-25,LAL,GSW,0,0.48555601877349264,0.5036412797035426,0.5111134718894238,0.5110933365726985,0.5571166750491919
0022401118,2025-04-04,2024-25,CHA,SAC,0,0.34004571835003156,0.3116643177434063,0.3199779205442132,0.3198543249507687,0.4171102889949421
0022401119,2025-04-04,2024-25,IND,UTA,1,0.8950371666486945,0.9145503345879783,0.9127221179558929,0.9127305217781967,0.8872306510853123
0022401120,2025-04-04,2024-25,BOS,PHX,1,0.8252347022610887,0.827732111025267,0.8275299751301606,0.827497566848442,0.8661580803904477
0022401121,2025-04-04,2024-25,TOR,DET,0,0.23569759053509035,0.1847446794108942,0.18676518058126032,0.1867485545225486,0.2621431193480512
0022401122,2025-04-04,2024-25,CHI,POR,1,0.7066448046740178,0.7439955580649966,0.7626590995513641,0.7626828073882926,0.7282282603953762
0022401123,2025-04-04,2024-25,HOU,OKC,1,0.25530305701713374,0.2128452853706309,0.229745798781082,0.22976539165491555,0.2840085766641946
0022401124,2025-04-04,2024-25,SAS,CLE,0,0.26410266993105375,0.23480801924325892,0.23487208250161415,0.23485025466863474,0.21013814124008978
0022401125,2025-04-04,2024-25,GSW,DEN,1,0.6808989486628481,0.56952625576811,0.6013999446613356,0.6013753339430638,0.5673122526357637
0022401126,2025-04-04,2024-25,LAL,NOP,1,0.8374767907742734,0.8350610604896614,0.8332392387911396,0.8331754302415915,0.8405749436969904
0022401127,2025-04-04,2024-25,LAC,DAL,1,0.7858875209256098,0.8663369580567746,0.8636132902066763,0.8636047103388403,0.8122098416323996
0022401128,2025-04-05,2024-25,ATL,NYK,0,0.43565858866794593,0.4238134770538812,0.4223503842550876,0.4223495520321927,0.3971127530905505
0022401129,2025-04-05,2024-25,DET,MEM,0,0.5168548687676888,0.4817403834769254,0.4569003735144499,0.4569088104607078,0.5222052927909048
0022401130,2025-04-05,2024-25,PHI,MIN,0,0.12531815900747892,0.11751861123102612,0.11825948355799112,0.11827092186805949,0.09606857844247162
0022401131,2025-04-05,2024-25,MIA,MIL,0,0.6134133764631267,0.5461957549947626,0.5767852914168489,0.5766840522354685,0.6050498275672604
0022401132,2025-04-05,2024-25,LAC,DAL,1,0.8232321744412667,0.8433991361311515,0.8417474881511521,0.8417612456502748,0.8035025314168641
0022400617,2025-04-06,2024-25,NOP,MIL,0,0.3330729276987928,0.28855076585667355,0.28955722320995475,0.2895478400975914,0.3149925981835293
0022401133,2025-04-06,2024-25,CHA,CHI,0,0.24967007371941075,0.2398995155511011,0.23165120355561514,0.2316481959077287,0.24039532724348403
0022401134,2025-04-06,2024-25,BKN,TOR,0,0.4816766922609158,0.4702616606197565,0.468651201152154,0.46862873864361715,0.47183999155194745
0022401135,2025-04-06,2024-25,OKC,LAL,0,0.7855493975106214,0.7820457815435022,0.7828247195544024,0.7828626998627414,0.7562572403233303
0022401136,2025-04-06,2024-25,ATL,UTA,1,0.7469541027143627,0.7664320330295225,0.7649434476017352,0.764924220277279,0.775778719256833
0022401137,2025-04-06,2024-25,BOS,WAS,1,0.9393778530954666,0.9479240332839619,0.9393730747375514,0.9393604657776103,0.9489204603213204
0022401138,2025-04-06,2024-25,CLE,SAC,0,0.7937887362156169,0.8066027112725108,0.8218338006008373,0.821876855358005,0.8138653785994571
0022401139,2025-04-06,2024-25,POR,SAS,1,0.6405966359494053,0.6043218497423104,0.5641967127068804,0.5641786547498729,0.5573577540852558
0022401140,2025-04-06,2024-25,NYK,PHX,1,0.7084341909474092,0.7266343095510662,0.721680437417252,0.7216540690805017,0.7593957560340022
0022401142,2025-04-06,2024-25,DEN,IND,0,0.5354588483234194,0.5602317489496792,0.5601913456556262,0.5602596247060426,0.518546680376881
0022401143,2025-04-06,2024-25,GSW,HOU,0,0.5777675511282995,0.6111156342497972,0.608560243477754,0.6085362665559865,0.5931880310040912
0022401144,2025-04-07,2024-25,DET,SAC,0,0.7008639851853236,0.7184387648541378,0.6969533244084117,0.6969840733769219,0.6826379490905579
0022401145,2025-04-07,2024-25,MIA,PHI,1,0.8361159685142783,0.8394475474702459,0.8385513572012206,0.8385532473903163,0.8401151034765632
0022401146,2025-04-08,2024-25,CHA,MEM,0,0.21735978658559116,0.21526956181820175,0.22048683718419987,0.22046768172450135,0.22342168107581442
0022401147,2025-04-08,2024-25,CLE,CHI,1,0.7379740549245067,0.8405812673169,0.8375797735977097,0.8376484283587002,0.7272121208284424
0022401148,2025-04-08,2024-25,IND,WAS,1,0.9184445828449693,0.9186676341224337,0.9180897587327562,0.9180788960960836,0.9196884929838552
0022401149,2025-04-08,2024-25,ORL,ATL,1,0.6275788278611351,0.6322946924737116,0.6300982260975195,0.6300843541208077,0.6440885242063719
0022401150,2025-04-08,2024-25,BKN,NOP,1,0.5760701045073289,0.5819180981703961,0.5808253437338871,0.5807666063506356,0.5561823779715737
0022401151,2025-04-08,2024-25,NYK,BOS,0,0.4103068503210829,0.4746788155785472,0.47155332606481354,0.471598604007748,0.37118248656662906
0022401152,2025-04-08,2024-25,MIL,MIN,1,0.34991621678630225,0.37277012619746674,0.37884877433150066,0.37885830588412783,0.35636963323371373
0022401153,2025-04-08,2024-25,OKC,LAL,1,0.6978143239949164,0.7325306874515106,0.7320929525901076,0.73215543965802,0.6942639421834319
0022401154,2025-04-08,2024-25,PHX,GSW,0,0.2804185015597597,0.2588354303647329,0.2579936283348349,0.25809044697879635,0.21734779578575741
0022401155,2025-04-08,2024-25,LAC,SAS,1,0.8408949878828444,0.8113608111742084,0.8111375360518513,0.811099881791559,0.8159501247905235
0022401156,2025-04-09,2024-25,ORL,BOS,1,0.2996743489328917,0.519476632339933,0.5041691818789159,0.5043361962152701,0.4658062164247657
0022401157,2025-04-09,2024-25,WAS,PHI,0,0.4195963005035907,0.4534116238983777,0.42229138548522477,0.4222661328303553,0.45871781863088656
0022401158,2025-04-09,2024-25,TOR,CHA,1,0.800577764370822,0.8452401295355602,0.8443555962955104,0.8443427411513356,0.8163115661188212
0022401159,2025-04-09,2024-25,DAL,LAL,0,0.43405174263922186,0.4121077577094328,0.4127481638658773,0.41271086767165654,0.40855823820216836
0022401160,2025-04-09,2024-25,CHI,MIA,1,0.3983677978438757,0.47634405167699206,0.49600455833846224,0.49600448820787735,0.49165469270808704
0022401162,2025-04-09,2024-25,UTA,POR,1,0.2815806840505062,0.24391116866220583,0.2648578724016022,0.2648085458679183,0.30585333830416034
0022401163,2025-04-09,2024-25,GSW,SAS,0,0.8370259897425076,0.8512445985694094,0.850352118159481,0.8503279404361118,0.8654709942077438
0022401164,2025-04-09,2024-25,PHX,OKC,0,0.16952596242980184,0.31283644173016906,0.3084504289629658,0.30852199429321187,0.23613683191846255
0022401165,2025-04-09,2024-25,SAC,DEN,0,0.46175956491795267,0.42683985267221924,0.42877365149992425,0.42872164116821326,0.45932458138187715
0022401166,2025-04-09,2024-25,LAC,HOU,1,0.48765073772614626,0.7118678481615343,0.7047123044865252,0.7047850049337302,0.8172297949911264
0022401161,2025-04-10,2024-25,MIL,NOP,1,0.8335835932391162,0.9155550217107788,0.9134552408582601,0.9134873819489068,0.852829192522296
0022401167,2025-04-10,2024-25,DET,NYK,1,0.48100077019690396,0.6381519764830872,0.6338086474230511,0.6339000282170447,0.5858190544462323
0022401168,2025-04-10,2024-25,IND,CLE,1,0.5063626010568288,0.5800731469751998,0.5721285421901444,0.5722051057825794,0.4832700402929809
0022401169,2025-04-10,2024-25,BKN,ATL,0,0.3433441940354696,0.34548009679663394,0.3454935462658852,0.3454989328043296,0.3022271533317816
0022401170,2025-04-10,2024-25,MEM,MIN,0,0.4036961025945819,0.36661959395482663,0.3685287596573609,0.368512946867752,0.3447549018223846
0022401171,2025-04-11,2024-25,DET,MIL,0,0.6349134797795137,0.6082238838559769,0.6080348676909144,0.6079523147883209,0.6494513265716154
0022401172,2025-04-11,2024-25,IND,ORL,0,0.6336599912975275,0.5780233716003879,0.5770588166185314,0.5770411370262686,0.5325592825540982
0022401173,2025-04-11,2024-25,PHI,ATL,0,0.39391426637657945,0.2817589092258786,0.2853726967369208,0.2853440279150471,0.3239197081683362
0022401174,2025-04-11,2024-25,BOS,CHA,1,0.9074292730962806,0.8910433874483875,0.8928287040129734,0.8928516177054067,0.9326473065210926
0022401175,2025-04-11,2024-25,NYK,CLE,0,0.40738936147362137,0.5366064952869478,0.5335837752625928,0.5336061101348136,0.49453634034257954
0022401176,2025-04-11,2024-25,CHI,WAS,1,0.8915228485019212,0.8860019324608808,0.8773960455044976,0.8773523383277916,0.8888173245602019
0022401177,2025-04-11,2024-25,NOP,MIA,0,0.16668866900707005,0.1767904468790699,0.17807883466118837,0.17809534826231457,0.19840656314627095
0022401178,2025-04-11,2024-25,DAL,TOR,1,0.5992516024406751,0.6777955267373628,0.6737672210731829,0.6737752936908705,0.6994945142209835
0022401179,2025-04-11,2024-25,MIN,BKN,1,0.9193248080766676,0.9451879209954307,0.9442364329994266,0.944240476716824,0.9378591114932211
0022401180,2025-04-11,2024-25,DEN,MEM,1,0.7356386633949027,0.7221364071773165,0.7194965447139173,0.7194641268151897,0.6863816610851973
0022401181,2025-04-11,2024-25,UTA,OKC,0,0.10892248588838303,0.1379218612024397,0.1348900392059701,0.134933261898014,0.14621777727011995
0022401182,2025-04-11,2024-25,PHX,SAS,1,0.5140623232543171,0.5253368083173015,0.5249869806660115,0.5251025665796062,0.46953198016460507
0022401183,2025-04-11,2024-25,POR,GSW,0,0.27813172412076487,0.26593778629762865,0.24624235286897744,0.24625981108363182,0.23536583609050293
0022401184,2025-04-11,2024-25,SAC,LAC,0,0.3183479587056722,0.310283155739365,0.3044349486891854,0.3044757726844646,0.2519592061952584
0022401185,2025-04-11,2024-25,LAL,HOU,1,0.7099355753854835,0.8185721283427813,0.8117747666554135,0.8116934350804133,0.8403933964899413
0022401186,2025-04-13,2024-25,ATL,ORL,1,0.53320547129436,0.33975848304960754,0.3452354505084724,0.3450834857593342,0.43903727777267115
0022401187,2025-04-13,2024-25,BOS,CHA,1,0.9391566003257398,0.8554164291262437,0.856823082372583,0.8567870150988979,0.8467665197820788
0022401188,2025-04-13,2024-25,BKN,NYK,0,0.1630392285500832,0.1774680385547521,0.29223993605651677,0.2923552952938203,0.2263796209802209
0022401189,2025-04-13,2024-25,CLE,IND,0,0.7709995163106113,0.7173482510114151,0.7214257406042893,0.7212827655116403,0.47037455727231203
0022401190,2025-04-13,2024-25,MIA,WAS,0,0.8898587384432386,0.85370077699288,0.8552978406549535,0.855211686973787,0.9043879433932918
0022401191,2025-04-13,2024-25,PHI,CHI,0,0.19884485354280368,0.20813221028771478,0.21682676610688353,0.2168520471840726,0.19578812089213674
0022401192,2025-04-13,2024-25,MIL,DET,1,0.5288381123190162,0.13093292335218543,0.17474288636047158,0.1747112137340623,0.217803275533062
0022401193,2025-04-13,2024-25,HOU,DEN,0,0.3740147418706328,0.3283102843318662,0.3342804164628234,0.3343903784094718,0.5240481454930231
0022401194,2025-04-13,2024-25,MEM,DAL,1,0.6636367809125924,0.37616646382235713,0.3846814513185709,0.38468942608339785,0.47640719204756227
0022401195,2025-04-13,2024-25,MIN,UTA,1,0.9104668505202098,0.915179231848027,0.914675268974585,0.9146698850195865,0.9244337959440605
0022401196,2025-04-13,2024-25,NOP,OKC,0,0.07479715254363774,0.0747754654669599,0.07395182784378003,0.07395902102791062,0.08335791539171855
0022401197,2025-04-13,2024-25,SAS,TOR,1,0.6749292330700304,0.6956962665882518,0.6931733876584688,0.6931008011564225,0.7189136249743209
0022401198,2025-04-13,2024-25,GSW,LAC,0,0.464956022475282,0.4856615178755898,0.48627783071365693,0.48628639813165947,0.5239643442274267
0022401199,2025-04-13,2024-25,POR,LAL,1,0.2549466119829347,0.5471829772091216,0.5399103894443067,0.5401368632988852,0.6781387226825653
0022401200,2025-04-13,2024-25,SAC,PHX,1,0.6390684664757376,0.7606615618964025,0.7565450313808112,0.7565777404665082,0.7038224829000529
0022500001,2025-10-21,2025-26,OKC,HOU,1,0.6904209879589659,0.6069190919111762,0.6118992407522567,0.6118882182586932,0.680853468274692
0022500002,2025-10-21,2025-26,LAL,GSW,0,0.25302620294429934,0.22873489676030334,0.23448612725544749,0.23462363255445534,0.6061616033638498
0022500003,2025-10-22,2025-26,NYK,CLE,1,0.5263129016815761,0.5912933435468446,0.6038267884832641,0.6037415662425016,0.3426028225280728
0022500004,2025-10-22,2025-26,DAL,SAS,0,0.4698403401072255,0.3762670335910253,0.3816015835148787,0.3816039834719556,0.560406425233315
0022500080,2025-10-22,2025-26,CHA,BKN,1,0.5571192139210981,0.5610915957769677,0.5612482481586952,0.5611989538704946,0.5116899001205407
0022500081,2025-10-22,2025-26,ORL,MIA,1,0.5230024352868592,0.5446247618232569,0.5460661011600908,0.5460589244814643,0.5678228494661112
0022500082,2025-10-22,2025-26,ATL,TOR,0,0.6898367176096255,0.693497097967378,0.6941567421806205,0.6940928861641318,0.7453364894878274
0022500083,2025-10-22,2025-26,BOS,PHI,0,0.8235006665556472,0.8315926290458439,0.8319684792532778,0.831925313460989,0.7565273965682687
0022500084,2025-10-22,2025-26,CHI,DET,1,0.5456067853818165,0.4925026090242602,0.4959690045300489,0.4959183428964366,0.5839724266741736
0022500085,2025-10-22,2025-26,MEM,NOP,1,0.786585361517667,0.8049257114850953,0.8058905497462179,0.8058087982411593,0.7419320010320707
0022500086,2025-10-22,2025-26,MIL,WAS,1,0.7672020583280957,0.8134298081214857,0.8140989241293469,0.8140527653387096,0.8229424089872032
0022500087,2025-10-22,2025-26,UTA,LAC,1,0.16143329679409865,0.1475553995359338,0.15067100440247527,0.15072367212355833,0.16043079217417297
0022500088,2025-10-22,2025-26,PHX,SAC,1,0.423993983308685,0.4757569873366465,0.47597663793694767,0.4760984385005651,0.5354884457483299
0022500089,2025-10-22,2025-26,POR,MIN,0,0.32494616316562464,0.3232926289487292,0.30884290601481873,0.30889354546640024,0.43419696129759644
0022500005,2025-10-23,2025-26,IND,OKC,0,0.38525507600602976,0.4260814474102591,0.42440580819256135,0.42446984932131754,0.29733832374531655
0022500006,2025-10-23,2025-26,GSW,DEN,1,0.6096009734788711,0.6168007873950601,0.6188748382382562,0.6188178522322665,0.6240297603491911
0022500018,2025-10-24,2025-26,NYK,BOS,1,0.47931677265730965,0.4780970354017928,0.47915887264555096,0.47916335026861046,0.555240478633262
0022500019,2025-10-24,2025-26,LAL,MIN,1,0.5543242447332541,0.564438132250957,0.562473842253331,0.5624071167080966,0.5971419278466056
0022500090,2025-10-24,2025-26,ORL,ATL,0,0.5803366257939917,0.6397324570909695,0.6377169930105849,0.6377975178293873,0.5704601211984203
0022500091,2025-10-24,2025-26,BKN,CLE,0,0.21103446094667894,0.208956617132875,0.2096554302613476,0.20968918229786287,0.19687852787121962
0022500092,2025-10-24,2025-26,TOR,MIL,0,0.4018402258396758,0.41996772727989967,0.41970815207504925,0.41976570546838127,0.37548369718024655
0022500093,2025-10-24,2025-26,HOU,DET,0,0.6507928515872995,0.681642484302127,0.6932524063629669,0.6932433012946696,0.7028119766446157
0022500094,2025-10-24,2025-26,MEM,MIA,0,0.6159612777097713,0.5848838452003295,0.6171176908074697,0.6170990146900848,0.6086024176097993
0022500095,2025-10-24,2025-26,NOP,SAS,0,0.42805985509362626,0.42159663453502416,0.42201397505250754,0.421962105376225,0.4718945207998951
0022500096,2025-10-24,2025-26,DAL,WAS,0,0.6680710179773017,0.6838255089960914,0.6828038447862363,0.6827825429408759,0.6680411430355973
0022500097,2025-10-24,2025-26,POR,GSW,1,0.4722767878608856,0.4967867376421612,0.49739413103356755,0.49745435609558314,0.4491985010414009
0022500098,2025-10-24,2025-26,SAC,UTA,1,0.6262663503946261,0.6317852722079905,0.6321432389066077,0.6321015278492035,0.6517081049065487
0022500099,2025-10-24,2025-26,LAC,PHX,1,0.7453781716593819,0.7760884779818317,0.7737292519618105,0.7736781436559167,0.8044518142395356
0022500100,2025-10-25,2025-26,ORL,CHI,0,0.4072555048992213,0.37600705012268815,0.3786753775409188,0.37868671868106063,0.3846508923288173
0022500101,2025-10-25,2025-26,ATL,OKC,0,0.241069980724727,0.212431684142807,0.2139468157745669,0.21395230823809874,0.22211580419810323
0022500102,2025-10-25,2025-26,PHI,CHA,1,0.6381428487349514,0.6247307276437991,0.6235927238412354,0.6235660216004157,0.635444706010875
0022500103,2025-10-25,2025-26,MEM,IND,1,0.4434801209437899,0.5224936627968723,0.5286883053844311,0.5286945320091402,0.5428491014071717
0022500104,2025-10-25,2025-26,DEN,PHX,1,0.8071011349778321,0.8091927706577692,0.8078030911019245,0.8077906678110196,0.8184799449107973
0022500105,2025-10-26,2025-26,SAS,BKN,1,0.7194970177125685,0.6730643501032428,0.6745471719442557,0.6745268590492647,0.7173657338944492
0022500106,2025-10-26,2025-26,DET,BOS,1,0.5298549381841893,0.5569985439003333,0.5554898188133807,0.5554839360683441,0.5435188279840623
0022500107,2025-10-26,2025-26,CLE,MIL,1,0.6583870961217402,0.6771635269017945,0.6735702898833148,0.6736036833331386,0.6761896314400613
0022500108,2025-10-26,2025-26,MIA,NYK,1,0.5066720240896645,0.5445069516183509,0.5436119214668607,0.5436493600386192,0.5063888405255951
0022500109,2025-10-26,2025-26,WAS,CHA,0,0.597882017988159,0.6024308077019658,0.6019521846052606,0.6020005986461623,0.5324495752290046
0022500110,2025-10-26,2025-26,MIN,IND,1,0.7814568019580441,0.806139130086416,0.8036338194617311,0.803607840723082,0.8124416930469455
0022500111,2025-10-26,2025-26,DAL,TOR,1,0.499170352180815,0.4987721783272713,0.49855094560778435,0.4985039468609863,0.523013339381161
0022500112,2025-10-26,2025-26,LAC,POR,1,0.6558216267992489,0.6561121963094375,0.6551292949644278,0.6550571638583133,0.6984022713815013
0022500113,2025-10-26,2025-26,SAC,LAL,0,0.3736876939333334,0.40864720453429687,0.40943388469993397,0.4095216012547645,0.32114695005820676
0022500007,2025-10-27,2025-26,DET,CLE,0,0.43560910106235673,0.42335775065015235,0.4246018703543558,0.42467191961606393,0.33510267125862236
0022500008,2025-10-27,2025-26,MIN,DEN,0,0.5062881876442945,0.47077793180278893,0.4713572114071502,0.47131676520337806,0.4427982798489727
0022500114,2025-10-27,2025-26,PHI,ORL,1,0.4966129106982066,0.4163598758594666,0.41818271999273676,0.4181129472719151,0.4835776789401095
0022500115,2025-10-27,2025-26,CHI,ATL,1,0.6679154061748209,0.6608838062443413,0.6640455403473436,0.6640272251364675,0.659986849046974
0022500116,2025-10-27,2025-26,HOU,BKN,1,0.8674110736931826,0.8993737938183755,0.898146899401645,0.8981393612337919,0.8781025899871087
0022500117,2025-10-27,2025-26,NOP,BOS,0,0.47520651994600666,0.4042251538267632,0.3945337970584236,0.39447717447797526,0.4087915885026334
0022500118,2025-10-27,2025-26,SAS,TOR,1,0.6775971666066659,0.6676918811589406,0.6676888085743579,0.6676626029588438,0.6699443549089283
0022500119,2025-10-27,2025-26,DAL,OKC,0,0.17496495308114915,0.1493244052175495,0.15029659755387256,0.15032577243212414,0.13425576673854245
0022500120,2025-10-27,2025-26,UTA,PHX,1,0.5624432321828039,0.6188449417235814,0.61659780704181,0.6166076232388309,0.5976430586736041
0022500121,2025-10-27,2025-26,GSW,MEM,1,0.6658809506899668,0.7041062824369616,0.7013962462451558,0.7013494247116476,0.6824768103325788
0022500122,2025-10-27,2025-26,LAL,POR,0,0.6538849782237445,0.6426506258573619,0.6420917145156944,0.6420398175704862,0.5614703862343146
0022500123,2025-10-28,2025-26,WAS,PHI,0,0.4619532794750108,0.43634606022811473,0.43774099772950714,0.4377708577628573,0.4264006763603542
0022500124,2025-10-28,2025-26,MIA,CHA,1,0.7080830131464558,0.6848140014367747,0.6854878534375988,0.6854964159103129,0.6436843774628905
0022500125,2025-10-28,2025-26,MIL,NYK,1,0.5727639825683917,0.5492439011527191,0.5485725990379152,0.5485904701315318,0.530764326741041
0022500126,2025-10-28,2025-26,OKC,SAC,1,0.776527945141832,0.7873452855015808,0.7853668905551929,0.7852976667680515,0.7912510429644949
0022500127,2025-10-28,2025-26,GSW,LAC,1,0.42529140119071424,0.451818288286016,0.4521799768555963,0.452203520431061,0.46848637046118213
0022500128,2025-10-29,2025-26,BOS,CLE,1,0.45007331944235907,0.4630302792613382,0.46272448372595143,0.46280792617792504,0.42083858478328545
0022500129,2025-10-29,2025-26,DET,ORL,1,0.5908600213410838,0.57767904338279,0.6057653741121928,0.6057659628343112,0.6449113587151037
0022500130,2025-10-29,2025-26,BKN,ATL,0,0.34486517300863184,0.33709485920908944,0.33763944437016913,0.3376747261960175,0.3165241157645325
0022500131,2025-10-29,2025-26,TOR,HOU,0,0.32043679844125245,0.2711129351391136,0.27327955878925964,0.2733074105750258,0.2417686691014026
0022500132,2025-10-29,2025-26,CHI,SAC,1,0.7186202377238207,0.7289086851689204,0.7212483509461552,0.7212352647016763,0.7365029846995581
0022500133,2025-10-29,2025-26,DAL,IND,1,0.44470000237512036,0.49386452108459916,0.49150243626957146,0.49150519540596643,0.47592764678123767
0022500134,2025-10-29,2025-26,DEN,NOP,1,0.8364333828300521,0.8410095031463732,0.843003493731596,0.842975552500427,0.8428151794098457
0022500135,2025-10-29,2025-26,UTA,POR,0,0.3761727856151519,0.3638893580285777,0.37395134841953465,0.3740128083932154,0.3136250965476656
0022500136,2025-10-29,2025-26,MIN,LAL,0,0.6138234360315497,0.6177147206013504,0.6163045409159479,0.6162895004333059,0.6685836634170519
0022500137,2025-10-29,2025-26,PHX,MEM,0,0.38882636684448985,0.4038452435280392,0.40006569964712113,0.40009729016956386,0.33034244425989345
0022500138,2025-10-30,2025-26,CHA,ORL,0,0.5692037906768715,0.6095603191383837,0.5839967169319654,0.5839907399390616,0.5548264286512502
0022500139,2025-10-30,2025-26,MIL,GSW,1,0.45813923999225864,0.41209882719900875,0.33849764483028444,0.3385310408520252,0.3561862266312667
0022500140,2025-10-30,2025-26,OKC,WAS,1,0.9017384506439285,0.9162099886543492,0.9152265540565848,0.9152060360726268,0.937167479870809
0022500141,2025-10-30,2025-26,SAS,MIA,1,0.5030339429486232,0.5113223382563443,0.5100326101470148,0.5100253880439352,0.507949731060647
0022500020,2025-10-31,2025-26,IND,ATL,0,0.5261598440356869,0.5114838624286999,0.5132402254124628,0.5133454320519972,0.4554352997589622
0022500021,2025-10-31,2025-26,PHI,BOS,0,0.35808250717823714,0.3797954069458264,0.3782316443059682,0.37821361439061135,0.35188547445423085
0022500022,2025-10-31,2025-26,CLE,TOR,0,0.8078881632002722,0.7247066699713054,0.7267556532311232,0.7266839919094024,0.7616022768857622
0022500023,2025-10-31,2025-26,CHI,NYK,1,0.5615835905198525,0.584298782388231,0.5819253212632568,0.5819140241460597,0.584621701908256
0022500024,2025-10-31,2025-26,MEM,LAL,0,0.5469132774417789,0.49361649561931953,0.4946735919798202,0.494683268559847,0.3588791180048174
0022500025,2025-10-31,2025-26,PHX,UTA,1,0.5310772330548431,0.5333935991804388,0.5333859559108582,0.5334011715368685,0.46522987483452677
0022500026,2025-10-31,2025-26,POR,DEN,1,0.44748177174533327,0.4245891085338341,0.4087970091405797,0.4088049654857823,0.3863687725886155
0022500027,2025-10-31,2025-26,LAC,NOP,1,0.8409813686696406,0.8666788497150242,0.8646900778450225,0.8646556689656678,0.8655103523193505
0022500142,2025-11-01,2025-26,MIL,SAC,0,0.6679375696140264,0.7232620450535509,0.729160119537318,0.729164123128208,0.7435908832786626
0022500143,2025-11-01,2025-26,CHA,MIN,0,0.2848097078270096,0.2754704028641453,0.27750887311544503,0.2775256620088691,0.2954281317016086
0022500144,2025-11-01,2025-26,IND,GSW,1,0.2395826856635361,0.2090594133573482,0.21179696795522532,0.21187478060030046,0.12359898186412752
0022500145,2025-11-01,2025-26,WAS,ORL,0,0.3369234039114808,0.327657997095195,0.3280615689550629,0.3280799116944694,0.33237422874483696
0022500146,2025-11-01,2025-26,BOS,HOU,0,0.462753857766765,0.4493729741710741,0.4512861145002305,0.4513295898136324,0.45513309965636717
0022500148,2025-11-02,2025-26,OKC,NOP,1,0.8958974947926035,0.8910197636473832,0.8905762969604951,0.8905398808339844,0.9036423752742073
0022500149,2025-11-02,2025-26,BKN,PHI,0,0.39331965538714986,0.44908922872418916,0.4473824092420068,0.4474398371156352,0.4309107891965509
0022500150,2025-11-02,2025-26,CHA,UTA,1,0.43413952883154877,0.399542408593912,0.411393157505412,0.4114071446474295,0.35751673307608195
0022500151,2025-11-02,2025-26,CLE,ATL,1,0.5775849737845626,0.6263694782006525,0.6160318083886656,0.6160743248414465,0.5908025060897719
0022500152,2025-11-02,2025-26,TOR,MEM,1,0.4193448916634676,0.4729220375574935,0.471483995842027,0.4715422495030279,0.4591115716766791
0022500153,2025-11-02,2025-26,NYK,CHI,1,0.503007408444095,0.5022886287724926,0.5123960088684164,0.5124566113642051,0.47113413759382117
0022500154,2025-11-02,2025-26,PHX,SAS,1,0.39443382397876076,0.38790636054267624,0.3914987790977621,0.39149590483934005,0.38581856500256856
0022500155,2025-11-02,2025-26,LAL,MIA,1,0.6599940856477063,0.6804305044822343,0.6779191119904058,0.6777998376668963,0.7324562230267407
0022500156,2025-11-03,2025-26,BKN,MIN,0,0.19307084297583563,0.15716101650698192,0.15855097572871252,0.15855362926635214,0.1428024886980783
0022500157,2025-11-03,2025-26,IND,MIL,0,0.3463643286296494,0.3094693267741357,0.3178448867347827,0.31791316109828527,0.28206787058421245
0022500158,2025-11-03,2025-26,BOS,UTA,0,0.8092380068738315,0.8075599442889471,0.8080168792665877,0.8080138584401572,0.8108852361766826
0022500159,2025-11-03,2025-26,NYK,WAS,1,0.8092734268397599,0.834584142848585,0.8329279200186089,0.8328955398792794,0.8392745909003002
0022500160,2025-11-03,2025-26,HOU,DAL,1,0.8001651333477674,0.8451813380792484,0.8283901214324908,0.8283428585461136,0.8386861013826499
0022500161,2025-11-03,2025-26,MEM,DET,0,0.3882868426861461,0.4218227769995096,0.46698515140739505,0.46698812788835875,0.4601957066080348
0022500162,2025-11-03,2025-26,DEN,SAC,1,0.7706655281279639,0.7949447378108637,0.7918913648407377,0.7918629745264879,0.8086831784839474
0022500163,2025-11-03,2025-26,POR,LAL,0,0.5440345952189877,0.6724385405471421,0.6769938256695699,0.6770437105042397,0.7416666354668094
0022500164,2025-11-03,2025-26,LAC,MIA,0,0.7250158020737171,0.702808222173263,0.7009756031954114,0.700938329806868,0.7326509871555903
0022500165,2025-11-04,2025-26,TOR,MIL,1,0.45425534520315763,0.45315226103550227,0.45456074218246195,0.45456490601753036,0.4256933634621601
0022500166,2025-11-04,2025-26,ATL,ORL,1,0.5866454037148068,0.5849715173659407,0.5840955567805974,0.5840652730522282,0.6039201618426341
0022500167,2025-11-04,2025-26,CHI,PHI,1,0.697221203443914,0.7132841376312945,0.7115620931795524,0.7115488629168694,0.6889975081909339
0022500168,2025-11-04,2025-26,NOP,CHA,1,0.5488921455567106,0.48101804051644226,0.48193093790439434,0.4818703323026547,0.5565639951619604
0022500169,2025-11-04,2025-26,GSW,PHX,1,0.793074774592213,0.7725273039385986,0.7867630273359764,0.7866844553246223,0.8233322077854801
0022500170,2025-11-04,2025-26,LAC,OKC,0,0.348430883352576,0.2814247227180817,0.2820124510996176,0.2819820348328274,0.3372874547221812
0022500171,2025-11-05,2025-26,CLE,PHI,1,0.7527258341323352,0.7924729240802402,0.7857825001710371,0.7858052627799718,0.7919720447358125
0022500172,2025-11-05,2025-26,DET,UTA,1,0.7218873579782783,0.7236255150960995,0.7233968462530567,0.7234094818096046,0.71738790406619
0022500173,2025-11-05,2025-26,IND,BKN,0,0.7106352652727033,0.7149450883462327,0.7157759332961178,0.7157945947659601,0.6690840554598781
0022500174,2025-11-05,2025-26,BOS,WAS,1,0.8564625187255831,0.8616494778822014,0.8608496026768642,0.860831994330319,0.8671260756393392
0022500175,2025-11-05,2025-26,NYK,MIN,1,0.5004003272989672,0.4802215277994432,0.4814808070167777,0.48149965226633284,0.4559735664877375
0022500176,2025-11-05,2025-26,MEM,HOU,0,0.3437149601800151,0.32561099225481405,0.34217572629589255,0.34224332957577436,0.2867817053942408
0022500177,2025-11-05,2025-26,DAL,NOP,0,0.6714441318756346,0.6619392611597728,0.6629517679739282,0.6630085242386522,0.6141749190491953
0022500178,2025-11-05,2025-26,DEN,MIA,1,0.661626023417015,0.6794646621484537,0.6773500197138693,0.6773105976339611,0.7063592913317486
0022500179,2025-11-05,2025-26,LAL,SAS,1,0.6256277181864145,0.6777060576380353,0.682104805733463,0.6821166823833659,0.7329867599137093
0022500180,2025-11-05,2025-26,POR,OKC,1,0.4363181234393902,0.44479400349961673,0.4431452721024025,0.4432739382260791,0.37791373767696007
0022500181,2025-11-05,2025-26,SAC,GSW,1,0.44149413645943886,0.5856754752711213,0.5842275463967668,0.584221631400378,0.5309072784091633
0022500182,2025-11-06,2025-26,PHX,LAC,1,0.3592279946898306,0.40542291058413027,0.39760023193143235,0.39766635476249496,0.3751333978167816
0022500028,2025-11-07,2025-26,ORL,BOS,1,0.4235766630015884,0.4295744993713568,0.42918203363810564,0.42919474066022284,0.40676024948741196
0022500029,2025-11-07,2025-26,WAS,CLE,0,0.16500532041133695,0.15262003016448808,0.1398135521212847,0.13983507009885646,0.17694026184119904
0022500030,2025-11-07,2025-26,ATL,TOR,0,0.6257475198901505,0.5488207443814643,0.5497778749925483,0.5497354515128191,0.6280380609086699
0022500031,2025-11-07,2025-26,BKN,DET,0,0.2788306295266477,0.27274817159530906,0.2727567289501628,0.2727299056602601,0.30702045680924145
0022500032,2025-11-07,2025-26,SAS,HOU,1,0.3394669248096864,0.2955160959661878,0.29754066025170334,0.29756528400843174,0.26380764083936986
0022500033,2025-11-07,2025-26,MIA,CHA,1,0.7673140304119781,0.7580952811110604,0.7578552748118339,0.7578356804178907,0.777347905170464
0022500034,2025-11-07,2025-26,MEM,DAL,1,0.6159424294806415,0.6557332062771641,0.6548886987571101,0.6548793257182504,0.6860626903765349
0022500035,2025-11-07,2025-26,MIL,CHI,1,0.4924685772934765,0.49061558984148124,0.4924725757133952,0.49245250772232063,0.5052223600739137
0022500036,2025-11-07,2025-26,MIN,UTA,1,0.7753054636222751,0.7882272218185542,0.7867751296917809,0.7867540666654137,0.7870372277106897
0022500037,2025-11-07,2025-26,DEN,GSW,1,0.7021668298571048,0.6816027331628955,0.687853032933041,0.6878575467187801,0.6508017418247731
0022500038,2025-11-07,2025-26,SAC,OKC,0,0.23423414176522783,0.23831132652115244,0.23879127824093618,0.23886739112984748,0.19337288306206998
0022500183,2025-11-08,2025-26,WAS,DAL,0,0.42851566741758884,0.4079085114802301,0.41680473063290074,0.41680088729519116,0.4180407893189454
0022500184,2025-11-08,2025-26,PHI,TOR,1,0.5627919699862105,0.5531394967391541,0.5533658187643616,0.5533864622349983,0.5922697479304074
0022500185,2025-11-08,2025-26,ATL,LAL,1,0.37936624974563793,0.25578098761856,0.26056728827932624,0.26049942783599994,0.29997213351769003
0022500186,2025-11-08,2025-26,CLE,CHI,1,0.6456101649978284,0.6382449136463191,0.6445899141725611,0.644517844755449,0.6673279280581716
0022500187,2025-11-08,2025-26,MIA,POR,1,0.4554805083726428,0.450224952764792,0.4519167433152431,0.45194740455305454,0.4297239632658189
0022500188,2025-11-08,2025-26,SAS,NOP,1,0.6296598284872783,0.6254858679795714,0.6296730857680167,0.6296928180301045,0.6059425496340112
0022500189,2025-11-08,2025-26,DEN,IND,1,0.7831052386187661,0.78491463529961,0.7445891431331575,0.7444653328394838,0.7989526506660504
0022500190,2025-11-08,2025-26,LAC,PHX,0,0.6416730017066518,0.6449548148213615,0.64443447024426,0.6444205382300825,0.6623150671903771
0022500191,2025-11-09,2025-26,MIL,HOU,0,0.45518156260472925,0.44292314398979554,0.44343929661946757,0.443459863841666,0.43381803307370376
0022500192,2025-11-09,2025-26,NYK,BKN,1,0.839776374727896,0.8576491108199301,0.8565809871832702,0.8565679962576643,0.8463431773932937
0022500193,2025-11-09,2025-26,ORL,BOS,0,0.4685007366852598,0.46509596392138347,0.4649638774402421,0.4649752129819651,0.46020614531005766
0022500194,2025-11-09,2025-26,MEM,OKC,0,0.24107740047711568,0.2069816605362188,0.219245139274737,0.21928057584685648,0.19541006595078478
0022500195,2025-11-09,2025-26,PHI,DET,0,0.4159807454358258,0.38954066134303805,0.38866902454645996,0.3886542970567076,0.4117464796888794
0022500196,2025-11-09,2025-26,GSW,IND,1,0.7618786618993573,0.8502118616875699,0.8474950352324846,0.8474961775887231,0.8132237454069714
0022500197,2025-11-09,2025-26,SAC,MIN,0,0.3672332947349159,0.3609706583757104,0.36616250017078117,0.3661968149780165,0.35629190228956986
0022500198,2025-11-10,2025-26,CHA,LAL,0,0.3003633675319321,0.25728836329029603,0.25928480713024465,0.25932057507668627,0.17130355707078598
0022500199,2025-11-10,2025-26,DET,WAS,1,0.8313527157695495,0.8286498912602973,0.7991616168440939,0.7991136651096983,0.7988142728753505
0022500200,2025-11-10,2025-26,ORL,POR,1,0.3798526408135278,0.35148098717241055,0.35316249412249406,0.3531841733629204,0.3351744572115123
0022500201,2025-11-10,2025-26,MIA,CLE,1,0.4672529985240789,0.45941413005798265,0.4603367986035635,0.46034772699569704,0.43584354333517206
0022500202,2025-11-10,2025-26,CHI,SAS,0,0.6217754636174446,0.606520760897854,0.574669807903605,0.5745910997480699,0.6238251167723301
0022500203,2025-11-10,2025-26,DAL,MIL,0,0.410805331389615,0.39099737530150624,0.3930237576754025,0.3930307942750918,0.368348871581417
0022500204,2025-11-10,2025-26,PHX,NOP,1,0.6826067670391505,0.7033819033408608,0.703333961942529,0.703305509462554,0.6522862785176321
0022500205,2025-11-10,2025-26,UTA,MIN,0,0.3245845545291268,0.23722816977560918,0.2403125663659965,0.24030519084145688,0.23618714121839168
0022500206,2025-11-10,2025-26,LAC,ATL,0,0.5744732816009172,0.5901255953043594,0.5886198939516887,0.588565088998741,0.5773707144506097
0022500207,2025-11-11,2025-26,BKN,TOR,0,0.2949617347241329,0.2898278212445947,0.28991808851985934,0.2899574068667361,0.29938943485581104
0022500208,2025-11-11,2025-26,NYK,MEM,1,0.7036230022777625,0.6900143115861718,0.6895831016004046,0.6895514475019893,0.7158555612842893
0022500209,2025-11-11,2025-26,PHI,BOS,1,0.42479284834777237,0.4310751783722134,0.4305538471616706,0.4305374562484511,0.3946867287835437
0022500210,2025-11-11,2025-26,OKC,GSW,1,0.7459666223021318,0.7871781883695447,0.7854171317084016,0.7854122971041705,0.7480398218984904
0022500211,2025-11-11,2025-26,UTA,IND,1,0.44485115651045937,0.43537173027743936,0.4272470922774703,0.42722201677780053,0.367548928667327
0022500212,2025-11-11,2025-26,SAC,DEN,0,0.2582472364592182,0.23886078520315931,0.2408924184687123,0.24092772935151083,0.19669372685760372
0022500213,2025-11-12,2025-26,CHA,MIL,1,0.3001025266243326,0.3598985211345923,0.35881569705659194,0.3588495693884728,0.3344097184859542
0022500214,2025-11-12,2025-26,DET,CHI,1,0.5276178283147864,0.4693383786989662,0.3954426666988608,0.39542161373379675,0.39383814391355987
0022500215,2025-11-12,2025-26,NYK,ORL,0,0.6478074162532028,0.6758639535060177,0.6735247846714291,0.6735069850688786,0.6574755676080795
0022500216,2025-11-12,2025-26,BOS,MEM,1,0.6874542233192693,0.7285047513473081,0.7268780794112926,0.7268972905196336,0.7119863024885975
0022500217,2025-11-12,2025-26,MIA,CLE,0,0.48226041076849585,0.6435364903256283,0.6383167028433888,0.6384623352476854,0.5589841741415377
0022500218,2025-11-12,2025-26,HOU,WAS,1,0.8991640826491694,0.9059596810524558,0.9050575624080444,0.9050443770291898,0.9043458302324409
0022500219,2025-11-12,2025-26,NOP,POR,0,0.2862756067905597,0.2788496745069977,0.27944730955622743,0.2794644199111717,0.2677937231483555
0022500220,2025-11-12,2025-26,SAS,GSW,0,0.5497117035114544,0.5188058173697506,0.51633921549217,0.5163754424120218,0.46782381683677854
0022500221,2025-11-12,2025-26,DAL,PHX,0,0.418351883244872,0.3991467908065841,0.40025171063678483,0.4002616497318329,0.3732390520138604
0022500222,2025-11-12,2025-26,OKC,LAL,1,0.6631002872874413,0.6754893216365161,0.6764494132864464,0.6764606840517502,0.6543916263448385
0022500223,2025-11-12,2025-26,SAC,ATL,0,0.35609619707846346,0.3027206905466545,0.3055273945899826,0.30547632897703836,0.3684735409688949
0022500224,2025-11-12,2025-26,LAC,DEN,0,0.4231587103824518,0.40293969686091335,0.4046298479575785,0.40465096392644884,0.43924713803186877
0022500225,2025-11-13,2025-26,CLE,TOR,0,0.6448302778753916,0.666372572834766,0.6791160411174998,0.6791210076706607,0.7188377743401464
0022500226,2025-11-13,2025-26,PHX,IND,1,0.6425808217226916,0.6523014499432693,0.6509650031622952,0.6509075942242972,0.6703611844685017
0022500227,2025-11-13,2025-26,UTA,ATL,0,0.40896000975380387,0.40953016635665906,0.41050761381976886,0.4105511034273301,0.38384373689644136
0022500039,2025-11-14,2025-26,NYK,MIA,1,0.5778352947127842,0.564630165801751,0.5648616491501138,0.5648069685980232,0.6206041986414943
0022500040,2025-11-14,2025-26,ORL,BKN,1,0.8012176423569343,0.784253800299998,0.7856788460664459,0.7856358998333801,0.8117650092905465
0022500041,2025-11-14,2025-26,DET,PHI,1,0.5874964617139615,0.5791154113749752,0.581269699693715,0.581372765885201,0.5269245238100021
0022500042,2025-11-14,2025-26,HOU,POR,1,0.6442580868518849,0.6473309120742088,0.6473317792114393,0.647328164916165,0.647107057335569
0022500043,2025-11-14,2025-26,MIL,CHA,1,0.7049344002993307,0.75132043004976,0.7529410899303921,0.7529776384277765,0.7456467639140102
0022500044,2025-11-14,2025-26,MIN,SAC,1,0.8048352190581967,0.834620506097036,0.825834779202436,0.8258279171927816,0.8054994449920566
0022500045,2025-11-14,2025-26,NOP,LAL,0,0.2547293473873133,0.23189421566184734,0.23370369008697783,0.2337320673961346,0.19164857969822996
0022500046,2025-11-14,2025-26,DAL,LAC,0,0.3702498602255802,0.30532290953978375,0.30815876510673074,0.3081663988604947,0.30371223786234136
0022500047,2025-11-14,2025-26,SAS,GSW,0,0.4297972144560786,0.41207715790878807,0.41308818135000785,0.4131733905843524,0.37322449517304945
0022500228,2025-11-15,2025-26,CLE,MEM,1,0.7862078003765542,0.7849806558678816,0.7815339345433568,0.7815303569203811,0.7510145093522089
0022500229,2025-11-15,2025-26,CHA,OKC,0,0.10893285937811342,0.08494108244250419,0.08591590409672266,0.0859313273743381,0.08432531595132804
0022500230,2025-11-15,2025-26,IND,TOR,0,0.34434483622922235,0.2876442203148254,0.28428347190208664,0.28429093674030304,0.2954107910938432
0022500231,2025-11-15,2025-26,MIL,LAL,0,0.48790676225760915,0.5823089779809135,0.5811928814758168,0.5812853852125253,0.6053193234678743
0022500232,2025-11-15,2025-26,MIN,DEN,0,0.4050691329262797,0.4755518264783279,0.44467564468186155,0.4447749774274471,0.3948176245973528
0022500233,2025-11-16,2025-26,BOS,LAC,1,0.6130228974743476,0.6372595069561546,0.6371257450131389,0.6371429486079925,0.6083285835567934
0022500234,2025-11-16,2025-26,SAS,SAC,1,0.7086794622903051,0.7132968483314667,0.6561313426707309,0.6561127628413258,0.6644662221738886
0022500235,2025-11-16,2025-26,WAS,BKN,0,0.5233168136850609,0.5110261842125872,0.5052821167220527,0.5052932745968564,0.5042633521361193
0022500236,2025-11-16,2025-26,HOU,ORL,1,0.7036414512601954,0.7413202694369189,0.7399169138922633,0.7398858943966767,0.7560295772383718
0022500237,2025-11-16,2025-26,NOP,GSW,0,0.21390759406106327,0.21317610626123074,0.20339000660540651,0.20342138987893849,0.1853383303543146
0022500238,2025-11-16,2025-26,DAL,POR,1,0.3387074298955921,0.43142515703688317,0.4299638028002264,0.4299974255671053,0.39716932830182555
0022500239,2025-11-16,2025-26,PHX,ATL,0,0.49727199543194756,0.47484653259016035,0.47627600747273774,0.47623575975335736,0.49362068054496977
0022500240,2025-11-16,2025-26,UTA,CHI,1,0.3472436829863133,0.37423276102269726,0.36203330183129095,0.3620860012689115,0.3019699983886419
0022500241,2025-11-17,2025-26,CLE,MIL,1,0.6891617986530475,0.7022534417126371,0.700926106247504,0.7009077378307309,0.7190349442575802
0022500242,2025-11-17,2025-26,DET,IND,1,0.7594336606581934,0.7713982618481882,0.7649636266630753,0.7649615990759583,0.7509766661434296
0022500243,2025-11-17,2025-26,PHI,LAC,1,0.5471791465014114,0.5341525932220151,0.5200148281574865,0.5199951274979622,0.5431131477529636
0022500244,2025-11-17,2025-26,MIA,NYK,1,0.4797185220440831,0.538899927434097,0.5380311483029842,0.5380738822362653,0.4946680083059698
0022500245,2025-11-17,2025-26,TOR,CHA,1,0.7683933489964383,0.7769789477510097,0.7755263155748371,0.7755066307871348,0.7342822348057684
0022500246,2025-11-17,2025-26,MIN,DAL,1,0.845881068531553,0.878582690919189,0.8769976644115378,0.8769954766522222,0.8621869279938795
0022500247,2025-11-17,2025-26,NOP,OKC,0,0.08700764598371671,0.08747382666387726,0.07693194890191485,0.07693488219100122,0.07746765290227249
0022500248,2025-11-17,2025-26,DEN,CHI,0,0.815799622667638,0.8310624330037841,0.8290928993336509,0.8290925189731705,0.8300385586769927
0022500249,2025-11-18,2025-26,ORL,GSW,1,0.4443358172799286,0.3908248867638795,0.39498447767267875,0.3950330792552835,0.3793393527234865
0022500250,2025-11-18,2025-26,BKN,BOS,0,0.22554830303114093,0.2240394376170289,0.2239900503054511,0.22400320147548694,0.21420200890047814
0022500251,2025-11-18,2025-26,ATL,DET,0,0.6763970692182888,0.6784261351829026,0.677138521307986,0.6770676935052548,0.6845095214139216
0022500252,2025-11-18,2025-26,SAS,MEM,1,0.6064271044748738,0.6223537468185737,0.6223072110155923,0.6223096998268752,0.601441556658011
0022500253,2025-11-18,2025-26,LAL,UTA,1,0.7631212296223434,0.7778546296011949,0.7766203953554617,0.7766419492866764,0.8127509833088746
0022500254,2025-11-18,2025-26,POR,PHX,0,0.5265196928215881,0.5061481861756643,0.48717037051147377,0.4871450366547214,0.5022914055669976
0022500255,2025-11-19,2025-26,CLE,HOU,0,0.5149389405573581,0.5111466211632406,0.47113049875488694,0.47109742149131373,0.4932478196242933
0022500256,2025-11-19,2025-26,IND,CHA,1,0.46627448499707125,0.49124885787033046,0.4902168555545304,0.4902976665936525,0.482636436893336
0022500257,2025-11-19,2025-26,MIA,GSW,1,0.5394272657384451,0.786253018061814,0.7819481540756531,0.7819800913535524,0.7647536927468512
0022500258,2025-11-19,2025-26,PHI,TOR,0,0.45644726304478034,0.4442948465637545,0.44546944495186114,0.445438982906682,0.44162463408768526
0022500259,2025-11-19,2025-26,MIN,WAS,1,0.8929608538231207,0.8894077100487228,0.8890947275810076,0.8890849012971839,0.9037022016853415
0022500260,2025-11-19,2025-26,NOP,DEN,0,0.15321662808571876,0.15502929190313167,0.17113167208422306,0.17115792144199984,0.15216767625434852
0022500261,2025-11-19,2025-26,OKC,SAC,1,0.8969753366271885,0.9273056524904019,0.926260932893879,0.9262546408607518,0.9211004717515932
0022500262,2025-11-19,2025-26,DAL,NYK,0,0.2852995950398162,0.2868570891913011,0.28839830373216735,0.2883484851857697,0.32703275538469756
0022500263,2025-11-19,2025-26,POR,CHI,0,0.4101610990097592,0.37989365524846125,0.38504565843298616,0.38502625850839256,0.40405611474278785
0022500264,2025-11-20,2025-26,ORL,LAC,1,0.5955729330528141,0.5906438990142701,0.5913938414546054,0.5913958381586453,0.5649286368111308
0022500265,2025-11-20,2025-26,MEM,SAC,1,0.7081455394094419,0.6584016582104817,0.6601943639746605,0.6601383494446128,0.6532698269868759
0022500266,2025-11-20,2025-26,MIL,PHI,0,0.7003467157840403,0.612364895147377,0.6145654405340083,0.6145501513574593,0.6331976717769895
0022500267,2025-11-20,2025-26,SAS,ATL,1,0.47948448778721886,0.47696831730139944,0.4773649158672897,0.4773957276312664,0.46097386512973804
0022500048,2025-11-21,2025-26,CLE,IND,1,0.8278142599841825,0.8141407934462034,0.7890464640478563,0.7890105724995744,0.8050309846395963
0022500049,2025-11-21,2025-26,BOS,BKN,0,0.846183112091177,0.8485502257444928,0.8483792369114967,0.8483684483787792,0.830825280891834
0022500050,2025-11-21,2025-26,TOR,WAS,1,0.8543841348116267,0.8707450454117136,0.8695149023164347,0.8695180042778469,0.845164466742024
0022500051,2025-11-21,2025-26,CHI,MIA,0,0.49889542866707987,0.499434082441946,0.49848766044259746,0.498498640819898,0.5101464568452948
0022500052,2025-11-21,2025-26,DAL,NOP,1,0.6172044502791943,0.5328081528906954,0.5356378250262493,0.5356521682354308,0.5528747615651454
0022500053,2025-11-21,2025-26,PHX,MIN,1,0.4416476961320225,0.447474083355763,0.44776161348006666,0.4477817795321113,0.40794631752315674
0022500054,2025-11-21,2025-26,HOU,DEN,0,0.545257715615571,0.54133563022551,0.5415481974086542,0.5415458659559538,0.5355068929023507
0022500055,2025-11-21,2025-26,UTA,OKC,0,0.16102246877780002,0.14282715832927484,0.14310015785794342,0.1431117397380627,0.11960945969541432
0022500056,2025-11-21,2025-26,GSW,POR,0,0.5484984901356859,0.6439797794921679,0.6413347468731265,0.6413293859660993,0.7499156884673793
0022500268,2025-11-22,2025-26,CHA,LAC,0,0.4180608980419042,0.41800354859682964,0.4439306965377209,0.4439641336230197,0.43409238706919545
0022500269,2025-11-22,2025-26,ORL,NYK,1,0.5143569655736143,0.5313585552248284,0.5191632209407578,0.5191662203951725,0.5566097609910204
0022500270,2025-11-22,2025-26,NOP,ATL,0,0.2424115987088381,0.22548049724657396,0.19499024718995506,0.19499793338434956,0.2166057458596942
0022500271,2025-11-22,2025-26,CHI,WAS,1,0.8364189344928087,0.825287534179354,0.8309153480685266,0.830892119653124,0.8730256013006427
0022500272,2025-11-22,2025-26,MIL,DET,0,0.4120897616229181,0.41581470065000203,0.42082281797982324,0.4208027477145055,0.4107716387706712
0022500273,2025-11-22,2025-26,DAL,MEM,0,0.38157915797577047,0.3553377505169345,0.3554829546770721,0.3554857150115821,0.37063301444576446
0022500274,2025-11-22,2025-26,DEN,SAC,0,0.8633031674300946,0.8620495320325324,0.8608204687836398,0.8607763039421218,0.9004007450121145
0022500275,2025-11-23,2025-26,PHI,MIA,0,0.3867732172955953,0.34025027127589563,0.34032566144693016,0.3402897810590077,0.3780004614986069
0022500276,2025-11-23,2025-26,ATL,CHA,1,0.7901907322196563,0.8144121844321182,0.812830152075439,0.8128648420138409,0.8057928960361384
0022500277,2025-11-23,2025-26,BOS,ORL,1,0.6223676757705108,0.6545145959128865,0.6679247968444704,0.667991972684125,0.638686926679522
0022500278,2025-11-23,2025-26,CLE,LAC,1,0.7468802823575229,0.7129946223226169,0.7213792335742384,0.7213307805479131,0.6702166525066304
0022500279,2025-11-23,2025-26,TOR,BKN,1,0.7696020929809615,0.746855255883599,0.7476998709225594,0.7476843004645316,0.7838607829218656
0022500280,2025-11-23,2025-26,OKC,POR,1,0.846942949471764,0.8679420025057817,0.8631616316171883,0.8631537184705255,0.8662815558462751
0022500281,2025-11-23,2025-26,PHX,SAS,1,0.5653214038181769,0.5654914801868713,0.5662010339199657,0.5661465575304072,0.5999663915236436
0022500282,2025-11-23,2025-26,UTA,LAL,0,0.23118613750287598,0.19850544525961528,0.2020182762047698,0.2020469362011485,0.15585922347226125
0022500283,2025-11-24,2025-26,IND,DET,0,0.28663128569620144,0.28390131454062517,0.28334150289870724,0.28333956817378547,0.2777739836132676
0022500284,2025-11-24,2025-26,TOR,CLE,1,0.49611252961970637,0.5080448721298491,0.5345339181124382,0.5346049716868345,0.5246964563590241
0022500285,2025-11-24,2025-26,BKN,NYK,0,0.24362286296603752,0.2719431198599915,0.26976145016266634,0.2698154857349221,0.2525962345272227
0022500286,2025-11-24,2025-26,MIA,DAL,1,0.7943282859182865,0.7511146556887794,0.7506711191920631,0.7506344776169528,0.7685692619499563
0022500287,2025-11-24,2025-26,MEM,DEN,0,0.30979899896105545,0.3016453482850976,0.3023016527196129,0.30230996472635574,0.28091580839669067
0022500288,2025-11-24,2025-26,MIL,POR,0,0.605686392906398,0.5719965328122477,0.5728020159013689,0.5728126937419967,0.5753858456566634
0022500289,2025-11-24,2025-26,NOP,CHI,1,0.31085857582916987,0.4080169397216294,0.4061368537426186,0.40615971545625534,0.37324376667999287
0022500290,2025-11-24,2025-26,PHX,HOU,0,0.34282812571433324,0.42405272954117273,0.4222489496463489,0.4222713954969436,0.3887422570345728
0022500291,2025-11-24,2025-26,GSW,UTA,1,0.8477986505947809,0.8016262304566221,0.8022255588173481,0.802172912465035,0.781361468974922
0022500292,2025-11-24,2025-26,SAC,MIN,1,0.23800034630158098,0.24327723625830983,0.24460054534634135,0.24461771472559699,0.22722037416997842
0022500057,2025-11-25,2025-26,WAS,ATL,1,0.1954559054118724,0.15032016260289693,0.15162422937033831,0.15161668363035885,0.18215412479316903
0022500058,2025-11-25,2025-26,PHI,ORL,0,0.44178682163342947,0.41916059703541897,0.4159554168600939,0.415910033466684,0.45261550866931877
0022500059,2025-11-25,2025-26,LAL,LAC,1,0.7178845752215999,0.6998925176984835,0.7018726137252094,0.7018229334627646,0.6853241239822379
0022500060,2025-11-26,2025-26,BOS,DET,1,0.5483685738272329,0.5615335294199896,0.5612746294760809,0.5612001108223151,0.5652564746123081
0022500061,2025-11-26,2025-26,CHA,NYK,0,0.3113020927555079,0.29018192684549016,0.29072368348483646,0.29069137364433006,0.2857096764531796
0022500062,2025-11-26,2025-26,MIA,MIL,1,0.7257477827113303,0.7410344173519287,0.7401824720175884,0.7401691994483975,0.7618355773440275
0022500063,2025-11-26,2025-26,TOR,IND,1,0.7697341530856532,0.7799628706473021,0.7796306271693566,0.779623677000951,0.7713209659950767
0022500064,2025-11-26,2025-26,OKC,MIN,1,0.7588064476818939,0.7651828288029268,0.7647143024479234,0.7646943764180014,0.7885644419063188
0022500065,2025-11-26,2025-26,NOP,MEM,0,0.38126696742049765,0.4104915648577199,0.38809846466252673,0.3880934146037613,0.3690487058370323
0022500066,2025-11-26,2025-26,GSW,HOU,0,0.40263119498883254,0.4727627342255367,0.47108084153769963,0.4710965999191578,0.45714467058987557
0022500067,2025-11-26,2025-26,POR,SAS,0,0.5179380481151835,0.5173793420878852,0.5133151241799045,0.5133096612825446,0.5093188825674401
0022500068,2025-11-26,2025-26,SAC,PHX,0,0.3684208601487236,0.34272852296517387,0.3438626947360045,0.34384154472945855,0.35291028564309357
0022500069,2025-11-28,2025-26,ATL,CLE,1,0.4958832702487242,0.43131407322253396,0.43232431214768086,0.43230355342761007,0.4127784754986372
0022500070,2025-11-28,2025-26,BKN,PHI,0,0.44583724913955863,0.3739733623538989,0.3759431505099993,0.3759624901855736,0.38582638926173
0022500071,2025-11-28,2025-26,CHA,CHI,1,0.4360597056365026,0.388134674802513,0.38977484954035196,0.3897707481466508,0.3548043130000181
0022500072,2025-11-28,2025-26,DET,ORL,0,0.5520136379176228,0.5420322169160696,0.5415081584759721,0.5415957448399821,0.47997780051513916
0022500073,2025-11-28,2025-26,IND,WAS,1,0.6481947455906543,0.5923005457047662,0.5943184665346869,0.5943410265064397,0.6007845225968119
0022500074,2025-11-28,2025-26,NYK,MIL,1,0.7369462953814274,0.7151040951967018,0.7144019547184609,0.7143831127459288,0.7296426410360344
0022500075,2025-11-28,2025-26,OKC,PHX,1,0.820125463247151,0.7828399133955568,0.7830739687616585,0.783061786750423,0.7955737872794102
0022500076,2025-11-28,2025-26,DEN,SAS,0,0.7223540635422366,0.7318468654134245,0.7297136969646728,0.7296894065600886,0.7495327846642428
0022500077,2025-11-28,2025-26,UTA,SAC,1,0.5581968637913908,0.5678106776627359,0.5661251606978179,0.5661160698504081,0.5515544601169734
0022500078,2025-11-28,2025-26,LAL,DAL,1,0.8176015573429136,0.7918622069520552,0.7916664270805358,0.791627032731898,0.8898681434726007
0022500079,2025-11-28,2025-26,LAC,MEM,0,0.5862084793147396,0.6084915267696898,0.6062395255380213,0.6062102706737308,0.6383172730502813
0022500293,2025-11-29,2025-26,MIN,BOS,1,0.569423391283091,0.5888142946303462,0.5775029306161935,0.5774909659722597,0.5817816574760277
0022500294,2025-11-29,2025-26,CHA,TOR,1,0.26857439625700386,0.2735304280587433,0.273688020021482,0.27367321781299586,0.26964939316996045
0022500295,2025-11-29,2025-26,IND,CHI,1,0.43749319668076075,0.53279495408153,0.5303661185846545,0.5304675834847743,0.4650077188831416
0022500296,2025-11-29,2025-26,MIA,DET,0,0.6669843751223755,0.6630075329939717,0.667208930351832,0.667179047131567,0.6677330181031567
0022500297,2025-11-29,2025-26,MIL,BKN,1,0.7636203426489295,0.7916141661577291,0.7950504541743013,0.7950529302097018,0.7836659897533997
0022500298,2025-11-29,2025-26,GSW,NOP,1,0.8227688574985383,0.796871653618375,0.7967966168614302,0.7967899689609629,0.7896615401685564
0022500299,2025-11-29,2025-26,PHX,DEN,0,0.4501493818863951,0.44810086449236475,0.4141840095721656,0.4141480457512163,0.4605087085327665
0022500300,2025-11-29,2025-26,LAC,DAL,0,0.7164925364828293,0.8160846283012227,0.8125250054280091,0.812527432602417,0.830119874126881
0022500301,2025-11-30,2025-26,UTA,HOU,0,0.20709465204166647,0.18058808937092127,0.17951069324672458,0.17951171174046282,0.18736408492745607
0022500302,2025-11-30,2025-26,CLE,BOS,0,0.6586519722196287,0.6754502255699233,0.6697122735571159,0.6696822247045453,0.6973214445289714
0022500303,2025-11-30,2025-26,NYK,TOR,1,0.7212720969725508,0.7566183836340369,0.7549026986745929,0.7548875299985666,0.7455396439214249
0022500304,2025-11-30,2025-26,PHI,ATL,0,0.42657086877136174,0.4575501190949117,0.4570793640661037,0.45703993293291223,0.4888897908793366
0022500305,2025-11-30,2025-26,POR,OKC,0,0.21568985836860133,0.20512456989793965,0.20576858279949403,0.20577570265160022,0.18006060051879091
0022500306,2025-11-30,2025-26,MIN,SAS,1,0.5605194164845297,0.5653966704832698,0.5640683966392517,0.564062191413538,0.5642818855812713
0022500307,2025-11-30,2025-26,SAC,MEM,0,0.40749343713494995,0.40762139488479066,0.40800362221521386,0.40800874376148116,0.40219509670617604
0022500308,2025-11-30,2025-26,LAL,NOP,1,0.9058726533794615,0.9235995273470742,0.9224499420276282,0.9224255493052103,0.9276232696430999
0022500309,2025-12-01,2025-26,DET,ATL,1,0.6734195714601195,0.6504287325528794,0.6328793058115249,0.6328563596869968,0.6576019906331656
0022500310,2025-12-01,2025-26,IND,CLE,0,0.40336957408789387,0.42158140494447766,0.4200974064842314,0.42012712819530057,0.4034059984624973
0022500311,2025-12-01,2025-26,WAS,MIL,1,0.27562114576529656,0.26392958291128604,0.27230373292345916,0.2722938294327475,0.2855519769633882
0022500312,2025-12-01,2025-26,BKN,CHA,1,0.4415988255959515,0.4915081660051384,0.49004420268485605,0.490074493169866,0.5419124600569165
0022500313,2025-12-01,2025-26,MIA,LAC,1,0.6816842023007669,0.6634376820826354,0.6642560826785953,0.6642861706802969,0.6755882144182864
0022500314,2025-12-01,2025-26,ORL,CHI,1,0.7338423060424641,0.7424936663658226,0.7412902055133891,0.7412894309834352,0.724067774228759
0022500315,2025-12-01,2025-26,DEN,DAL,0,0.8746526261011988,0.8605250052870049,0.8683023194903331,0.868287057480428,0.863514034732399
0022500316,2025-12-01,2025-26,UTA,HOU,1,0.19798066918387,0.20456777366047252,0.20461265462859562,0.20464603515626925,0.16835951340055047
0022500317,2025-12-01,2025-26,LAL,PHX,0,0.6459018870813793,0.6966094749622731,0.6924908570953603,0.6924975068775359,0.5879038718368534
0022500318,2025-12-02,2025-26,PHI,WAS,1,0.8085057591641274,0.7849740953388679,0.7750747628306907,0.7750219821298713,0.8109260703214967
0022500319,2025-12-02,2025-26,TOR,POR,1,0.5794428639108832,0.5770065962152862,0.5771139954527764,0.5771188226651103,0.6045698344575137
0022500320,2025-12-02,2025-26,BOS,NYK,1,0.4999978149236797,0.5085540942289596,0.5091213818973915,0.5091249047788923,0.4658112781642933
0022500321,2025-12-02,2025-26,NOP,MIN,0,0.21644809103585175,0.2043756716492872,0.20357382910257307,0.20355465882726956,0.20474311956528576
0022500322,2025-12-02,2025-26,SAS,MEM,1,0.6121222929624279,0.6328037664894773,0.6212438040353964,0.6212452512667255,0.641556011776747
0022500323,2025-12-02,2025-26,GSW,OKC,0,0.289953008469626,0.28154173673598715,0.30754475249475427,0.3075738805090309,0.2577906445942181
0022500324,2025-12-03,2025-26,CLE,POR,0,0.7558292027418354,0.7838000595271802,0.7509246224449557,0.7509579271828175,0.7466684325200229
0022500325,2025-12-03,2025-26,IND,DEN,0,0.24916703364790238,0.26463406760815567,0.25449565220354237,0.25450678513350916,0.24241552151712092
0022500326,2025-12-03,2025-26,ORL,SAS,0,0.6936704881597044,0.6795727899066832,0.6801322676180652,0.6801201333363532,0.6952698380782536
0022500327,2025-12-03,2025-26,ATL,LAC,0,0.658429452103204,0.6560902691504871,0.6552530407996683,0.6552547515038014,0.6692436938203676
0022500328,2025-12-03,2025-26,NYK,CHA,1,0.8185053066375025,0.8268334708430669,0.8253802389427184,0.8253439755734305,0.8511388589111462
0022500329,2025-12-03,2025-26,CHI,BKN,0,0.7039561034120916,0.6277355933992507,0.5924966495265874,0.5924408723930457,0.6493305779562449
0022500330,2025-12-03,2025-26,HOU,SAC,1,0.8611569617770628,0.8702492293052251,0.8765206686038395,0.8765055128907666,0.8766104858193879
0022500331,2025-12-03,2025-26,MIL,DET,1,0.39720626296402317,0.40104744716400775,0.4003158429616784,0.4002923979892574,0.41397744973537565
0022500332,2025-12-03,2025-26,DAL,MIA,1,0.3279291061090066,0.42206229736342554,0.4188773994551532,0.41887359511662203,0.38434424007379275
0022500333,2025-12-04,2025-26,PHI,GSW,1,0.42620370014711806,0.47977275269577835,0.46607697716326685,0.46605121172597447,0.46756044567991883
0022500334,2025-12-04,2025-26,WAS,BOS,0,0.17148901525233126,0.1864227162273498,0.18583729246376174,0.1858415043261378,0.20977098480142722
0022500335,2025-12-04,2025-26,BKN,UTA,0,0.42580360715569515,0.4373668438598123,0.4378311649212063,0.43780757283640165,0.4229190253461843
0022500336,2025-12-04,2025-26,TOR,LAL,0,0.46662613071950576,0.45726904271070495,0.45930621966422386,0.4593179542184173,0.4255856514719841
0022500337,2025-12-04,2025-26,NOP,MIN,0,0.21995904057483587,0.21915353721980757,0.219615229384021,0.21961448090709196,0.18055931603617761
0022500338,2025-12-05,2025-26,BOS,LAL,1,0.6314201421892504,0.6770266170553813,0.6762591563758169,0.6762713022400941,0.6711364268601024
0022500339,2025-12-05,2025-26,ORL,MIA,1,0.6029997213716912,0.5840049000685619,0.5820098830744417,0.5820558687059803,0.5054709868504074
0022500340,2025-12-05,2025-26,ATL,DEN,0,0.37343832338188365,0.3726028122568649,0.3726943692076048,0.3726787244005722,0.3776812287666847
0022500341,2025-12-05,2025-26,CLE,SAS,1,0.5510677717005764,0.5632342994004748,0.5640004668187529,0.5639811035398008,0.5810503919801261
0022500342,2025-12-05,2025-26,DET,POR,1,0.6467376172725643,0.69328256014139,0.6914866853670717,0.6915239343999924,0.6800029163343904
0022500343,2025-12-05,2025-26,NYK,UTA,1,0.8566735111565421,0.8431064083382787,0.8431670567323294,0.8431465210518491,0.831862481400188
0022500344,2025-12-05,2025-26,TOR,CHA,0,0.7153700909148869,0.7530448095956076,0.7507664376548601,0.7507919712116439,0.7470277049035629
0022500345,2025-12-05,2025-26,CHI,IND,0,0.5811115224390616,0.6071823225997313,0.6083485345137921,0.6083155498185897,0.5920410938993687
0022500346,2025-12-05,2025-26,HOU,PHX,1,0.6846653866730752,0.7338797142947687,0.7065562811036622,0.7065255843026327,0.7519594378482597
0022500347,2025-12-05,2025-26,MEM,LAC,1,0.5402474016840588,0.5477829818942294,0.5467358417804935,0.5467520934385212,0.5273673577180799
0022500348,2025-12-05,2025-26,MIL,PHI,0,0.6664823830188424,0.6384773085959685,0.6395039518535617,0.6395073376933343,0.6033844797297248
0022500349,2025-12-05,2025-26,OKC,DAL,1,0.8751603815723065,0.8671729996290153,0.8669332205825949,0.8669463207137645,0.8660228568257157
0022500350,2025-12-06,2025-26,BKN,NOP,1,0.5388274061439259,0.546319583319213,0.5527812967134632,0.552795354835653,0.6432196995408008
0022500351,2025-12-06,2025-26,WAS,ATL,0,0.3031161253096302,0.26768975433068215,0.26913286109430606,0.2691426557276212,0.26812176215410943
0022500352,2025-12-06,2025-26,CLE,GSW,0,0.5520037514777842,0.7221146571312268,0.7171286485704833,0.7171509966550882,0.6901608706425774
0022500353,2025-12-06,2025-26,DET,MIL,1,0.7441343309379118,0.7043520968616374,0.7048289842469833,0.704853722732209,0.6888277386128586
0022500354,2025-12-06,2025-26,MIA,SAC,0,0.7747503510577933,0.7384155980535044,0.7398599334109341,0.7397924857010322,0.7826876242845379
0022500355,2025-12-06,2025-26,MIN,LAC,1,0.7717579704891603,0.7486532935328959,0.7489574159674582,0.7489564799576995,0.7126797505679433
0022500356,2025-12-06,2025-26,DAL,HOU,1,0.2515591696167689,0.2716906150504036,0.2717005888215315,0.27169851670092043,0.26407185698500585
0022500357,2025-12-07,2025-26,NYK,ORL,1,0.6142994041092372,0.6172055238446418,0.5810191102394887,0.5809575919334565,0.5887700253196284
0022500358,2025-12-07,2025-26,TOR,BOS,0,0.35694615803742175,0.3538713889884384,0.354344401598608,0.3543612874835649,0.3296126778836311
0022500359,2025-12-07,2025-26,CHA,DEN,0,0.2139700125004789,0.16553081568826739,0.1682123508072029,0.16820211087980225,0.16732248024658136
0022500360,2025-12-07,2025-26,MEM,POR,1,0.5764025735861477,0.5892161723731191,0.6065665081723284,0.6065681216476916,0.5865668456464641
0022500361,2025-12-07,2025-26,CHI,GSW,0,0.5586351828972692,0.4753915188326924,0.4613550940593062,0.46129685442330787,0.4714310988362546
0022500362,2025-12-07,2025-26,PHI,LAL,0,0.48531071160916983,0.4768775185253693,0.47591564301076944,0.47587962694493247,0.36117855798806736
0022500363,2025-12-07,2025-26,UTA,OKC,0,0.1616885941526217,0.14907660150613075,0.14840943151733482,0.14840432031831105,0.15111210380253703
0022500364,2025-12-08,2025-26,IND,SAC,1,0.6125335360628472,0.6440565875374954,0.6417273738171914,0.6417065226829796,0.6465050828507029
0022500365,2025-12-08,2025-26,MIN,PHX,0,0.6775188363835308,0.692945104029822,0.6915281460237204,0.6915084682986254,0.6711061187646332
0022500366,2025-12-08,2025-26,NOP,SAS,0,0.2607567636084929,0.2588767552200278,0.2663210092860068,0.2663137467749905,0.25138587293045855
0022501201,2025-12-09,2025-26,ORL,MIA,1,0.5733054650962556,0.4947046253385298,0.4976053361035678,0.49760077541613545,0.5097757424815457
0022501202,2025-12-09,2025-26,TOR,NYK,0,0.36413110563031037,0.37848242952699246,0.3788342732873729,0.378836778226382,0.3452496143930834
0022501203,2025-12-10,2025-26,OKC,PHX,1,0.7754804096821486,0.775607466760738,0.7765482540609271,0.7765615064301337,0.8155260754450323
0022501204,2025-12-10,2025-26,LAL,SAS,0,0.6698137681761405,0.691925839744785,0.6884063015607578,0.6883521308912427,0.6822474743061672
0022501205,2025-12-11,2025-26,HOU,LAC,1,0.6981410231414782,0.6924128872543872,0.6944697049147751,0.6944853278500764,0.7438790810369573
0022501206,2025-12-11,2025-26,MIL,BOS,1,0.29060755168811475,0.2921736466315435,0.2854146752937897,0.2854301306656897,0.273778085864642
0022501207,2025-12-11,2025-26,NOP,POR,1,0.36346529524292004,0.3653240644258265,0.3689559779241774,0.36892860540723926,0.37391716635697975
0022501208,2025-12-11,2025-26,SAC,DEN,0,0.22671174982642311,0.19900881389561245,0.20086791836069742,0.20084191390255413,0.2290261941981532
0022501209,2025-12-12,2025-26,CHA,CHI,0,0.5058649445399348,0.4695913386810147,0.4928544831811332,0.4928883695492591,0.4254381147014384
0022501210,2025-12-12,2025-26,DET,ATL,1,0.6017399025345377,0.5954601731825362,0.5977496165603059,0.5977884744440961,0.6201301285276051
0022501211,2025-12-12,2025-26,PHI,IND,1,0.6158481156920592,0.558252398462561,0.5622146976088411,0.5621539520244807,0.5741387666296299
0022501212,2025-12-12,2025-26,WAS,CLE,0,0.17348223709987964,0.17313289482290584,0.1736737639421676,0.17366489626141646,0.1870696291923118
0022501213,2025-12-12,2025-26,MEM,UTA,0,0.7485105088907467,0.7031504125998248,0.7028510154444736,0.702802268177486,0.6867622172449378
0022501214,2025-12-12,2025-26,DAL,BKN,1,0.6570055819229281,0.6266006516605167,0.6284783969487189,0.6284818560976714,0.6816274528292484
0022501215,2025-12-12,2025-26,GSW,MIN,0,0.4907008720456192,0.5649506228301917,0.5635568496432458,0.5636357983247974,0.5702916967931521
0022501216,2025-12-14,2025-26,IND,WAS,0,0.7859762729077354,0.7819681268118068,0.793502531012662,0.79347840573605,0.807928328420514
0022501217,2025-12-14,2025-26,ATL,PHI,1,0.572073971177602,0.5908044956091469,0.5689246927621235,0.5689300843873516,0.5552247180717235
0022501218,2025-12-14,2025-26,CLE,CHA,0,0.7756761884036668,0.7761148798092743,0.7757475507267647,0.7757017950904417,0.8079983745210085
0022501219,2025-12-14,2025-26,BKN,MIL,1,0.42966574583928474,0.43840511317795866,0.43805822023580043,0.43803191822250875,0.42207194170793727
0022501220,2025-12-14,2025-26,MIN,SAC,1,0.8112781340594595,0.8298680646531684,0.8292762733090968,0.8292795296756308,0.8268558902007522
0022501221,2025-12-14,2025-26,POR,GSW,1,0.32903022869153115,0.36974422075125635,0.3767473763412236,0.37678703273945663,0.3056463756687132
0022501223,2025-12-14,2025-26,CHI,NOP,0,0.6741556750976381,0.6787418183083472,0.6710258546772152,0.6709879866978733,0.7305247959525457
0022501228,2025-12-14,2025-26,PHX,LAL,0,0.42110241372494556,0.4534139066585828,0.49210550871763237,0.49218737665285317,0.38637682610344654
0022501222,2025-12-15,2025-26,BOS,DET,0,0.5768663015694746,0.5740361527499226,0.5738288530723591,0.5738011242454217,0.5508579393838521
0022501224,2025-12-15,2025-26,UTA,DAL,1,0.45089509986607496,0.4164820642780711,0.45555773461532534,0.45561161009266493,0.4058012196889949
0022501225,2025-12-15,2025-26,DEN,HOU,1,0.5220006357691213,0.5181315096325763,0.5194171492231897,0.5194278588304287,0.5182152406227519
0022501226,2025-12-15,2025-26,LAC,MEM,0,0.6117783594820957,0.6004242623732856,0.5992076403350838,0.5991175022839595,0.6028621651248145
0022501227,2025-12-15,2025-26,MIA,TOR,0,0.6840546084243909,0.6781223580742097,0.6779927608487112,0.6779534043166713,0.7130457695636561
0022500367,2025-12-17,2025-26,CHI,CLE,1,0.43920271828092916,0.46467645379027933,0.46208614887382377,0.462012382291068,0.49505677643157425
0022500368,2025-12-17,2025-26,MIN,MEM,0,0.7112007796265175,0.7762424385385983,0.7645834022145686,0.764613656169163,0.7244293723851363
0022500369,2025-12-18,2025-26,OKC,LAC,1,0.8641163577193602,0.8829340597122163,0.8817037537511853,0.8817307215201241,0.8643787169159147
0022500370,2025-12-18,2025-26,SAS,WAS,1,0.8516312620663387,0.8606635881846215,0.8599255399501566,0.8599202473790977,0.8881643870868656
0022500371,2025-12-18,2025-26,CHA,ATL,1,0.4091952682175554,0.4361488715467709,0.4373993433112659,0.4373949670851061,0.42631054389726947
0022500372,2025-12-18,2025-26,IND,NYK,0,0.26241840886517714,0.3615613981124383,0.3590627131357917,0.35912707392549936,0.30670736509156266
0022500373,2025-12-18,2025-26,BKN,MIA,0,0.36096334580364203,0.38053469889652725,0.3801989281033205,0.3802021696095527,0.3375767310241482
0022500374,2025-12-18,2025-26,MIL,TOR,0,0.4470720463708485,0.47233494650210356,0.508721361439503,0.5086897966562332,0.5594656382316578
0022500375,2025-12-18,2025-26,NOP,HOU,1,0.20387422027081759,0.21361469449749282,0.20923779179116653,0.2092399219959629,0.18969597472506022
0022500376,2025-12-18,2025-26,DAL,DET,1,0.3231574706321085,0.3481857937344069,0.3486406945229234,0.34861774407761403,0.4051857175881792
0022500377,2025-12-18,2025-26,DEN,ORL,1,0.6524475709653594,0.6939336838008011,0.6972082608501403,0.6971945069278331,0.7284342751414391
0022500378,2025-12-18,2025-26,PHX,GSW,1,0.4704512525533862,0.47127218889235906,0.4724999845373976,0.4725057755571522,0.5016325176668931
0022500379,2025-12-18,2025-26,UTA,LAL,0,0.24247868239435905,0.16258051043043822,0.16611452441820476,0.16619595648030144,0.2295619161686696
0022500380,2025-12-18,2025-26,POR,SAC,1,0.6713046778018557,0.7225998343121005,0.7171162668908262,0.71713795543415,0.6782846576220887
0022500381,2025-12-19,2025-26,BOS,MIA,1,0.6818147896649732,0.688925708049956,0.6883336426925749,0.7178551611151791,0.6830784325715884
0022500382,2025-12-19,2025-26,NYK,PHI,0,0.6410438224195238,0.7281550611761921,0.7278639027993568,0.7278719944569783,0.7298950800246687
0022500383,2025-12-19,2025-26,ATL,SAS,0,0.4387300407599932,0.39859522311087664,0.4005679884918512,0.40053032655098547,0.46565857940663524
0022500384,2025-12-19,2025-26,CLE,CHI,0,0.6166905046805611,0.6081376428340884,0.5591158335262653,0.5591253866565663,0.5606115300713963
0022500385,2025-12-19,2025-26,MIN,OKC,1,0.38565690334965586,0.36957894348776815,0.3733756820789784,0.3733593284423885,0.33345411201111747
0022500386,2025-12-20,2025-26,DEN,HOU,0,0.5795669637405768,0.567084806180483,0.5672448338256056,0.5731828837527293,0.573447180533653
0022500387,2025-12-20,2025-26,PHI,DAL,1,0.5015238802897161,0.47091241019378033,0.4716477110693339,0.4715388515967242,0.4855309238790269
0022500388,2025-12-20,2025-26,TOR,BOS,0,0.467414876267704,0.47281946959749016,0.4723627944956971,0.4724257548850763,0.4126578785642351
0022500389,2025-12-20,2025-26,NOP,IND,1,0.5413550197530461,0.5492306144970569,0.5490900445978504,0.5490863296441616,0.5353553667866868
0022500390,2025-12-20,2025-26,DET,CHA,1,0.7652975195139896,0.7650553170345251,0.7646117879932691,0.7646246476745354,0.7469557566575847
0022500391,2025-12-20,2025-26,MEM,WAS,0,0.8369320381423941,0.8416770786683845,0.8410149917893875,0.8410097781470781,0.8425519384685656
0022500392,2025-12-20,2025-26,GSW,PHX,1,0.5937454301967136,0.6148990571158092,0.6144645214220226,0.6144036234299248,0.568774277925789
0022500393,2025-12-20,2025-26,UTA,ORL,0,0.31675370016310517,0.31099928689264594,0.3106023381205952,0.31060633788290026,0.29449370198142294
0022500394,2025-12-20,2025-26,SAC,POR,0,0.42737700576471727,0.46452666821825556,0.4624420340649277,0.46248964304950574,0.43307012602693146
0022500395,2025-12-20,2025-26,LAC,LAL,1,0.39385936279001477,0.44903604373810196,0.44405307531773486,0.4440909413600233,0.4373689102467593
0022500396,2025-12-21,2025-26,ATL,CHI,0,0.5511143532066846,0.5478221491060875,0.5567706376527056,0.5567977528001793,0.5003626122203315
0022500397,2025-12-21,2025-26,BKN,TOR,1,0.560051768442509,0.5248587694572446,0.5252463612045882,0.5184067669966999,0.5502431716846864
0022500398,2025-12-21,2025-26,NYK,MIA,1,0.6665482173726013,0.6766385358466156,0.675365258672708,0.6753575544110605,0.6762709161918374
0022500399,2025-12-21,2025-26,WAS,SAS,0,0.16099555458786347,0.10839126347301134,0.10990529630625358,0.1103722102419864,0.13212560899416445
0022500400,2025-12-21,2025-26,MIN,MIL,1,0.7653926021194328,0.765610740795695,0.7658608811423004,0.7658606836336436,0.7974341199878806
0022500401,2025-12-21,2025-26,SAC,HOU,1,0.20046430548967845,0.18881672637258265,0.18988149193310544,0.18989751031256877,0.19149465400076285
0022500402,2025-12-22,2025-26,CLE,CHA,1,0.6494056656734133,0.7134320191916126,0.7123616829551367,0.7123575935693852,0.7175087483968238
0022500403,2025-12-22,2025-26,BOS,IND,1,0.8293664441045454,0.8184240767197212,0.818770858555529,0.8187609442127994,0.8297343300264235
0022500404,2025-12-22,2025-26,NOP,DAL,1,0.45595023078117264,0.4793939956235713,0.47853215223801776,0.4785676811442196,0.5017343217199624
0022500405,2025-12-22,2025-26,DEN,UTA,1,0.853974228180743,0.8598312859433906,0.8587479785767943,0.8587432581284448,0.8499348650244807
0022500406,2025-12-22,2025-26,OKC,MEM,1,0.8485455204041035,0.8390239959470049,0.8382285450034819,0.8382017686080725,0.8580431371800853
0022500407,2025-12-22,2025-26,GSW,ORL,1,0.5980500709388302,0.6315847220063961,0.6292499378755237,0.6291936025158306,0.6528871952782379
0022500408,2025-12-22,2025-26,POR,DET,0,0.3595913368795325,0.35997542955900136,0.35999832126023984,0.3599993438294863,0.33449945171716267
0022500471,2026-01-01,2025-26,BKN,HOU,0,0.29746981321733174,0.17936641707364415,0.1804926978339017,0.18048766581211412,0.1693595978954274
0022500472,2026-01-01,2025-26,DET,MIA,0,0.6126001164040694,0.5820021696230849,0.583459889220268,0.5834873703978612,0.5903881306316209
0022500473,2026-01-01,2025-26,DAL,PHI,0,0.4461291483551542,0.43186496664186275,0.4337445121995225,0.4337883778065802,0.4191778298248968
0022500474,2026-01-01,2025-26,SAC,BOS,0,0.22948357777965833,0.22992575695614043,0.2296852736394527,0.2296862220774676,0.2190073726203994
0022500475,2026-01-01,2025-26,LAC,UTA,1,0.779643577124866,0.9082436627800252,0.904995250653296,0.9049975997023075,0.8312067282681109
0022500476,2026-01-02,2025-26,IND,SAS,0,0.25336512365856695,0.29681684878409187,0.2947854306247239,0.2947836323744088,0.26306092759544886
0022500477,2026-01-02,2025-26,WAS,BKN,1,0.5922563600911598,0.6156507144167157,0.6118261155776925,0.6118523057681643,0.5514584712978899
0022500478,2026-01-02,2025-26,CLE,DEN,1,0.5879932011116819,0.5943545742265411,0.5288879484880071,0.5287846498740363,0.5401492858282533
0022500479,2026-01-02,2025-26,NYK,ATL,0,0.7114410078231596,0.7093189101570024,0.7095598693554478,0.6859642957770211,0.670355118491362
0022500480,2026-01-02,2025-26,CHI,ORL,1,0.47693744243752995,0.48015198352698385,0.4785512168056879,0.4785045085874559,0.5161859129846047
0022500481,2026-01-02,2025-26,MIL,CHA,1,0.6180838376411681,0.637791454722356,0.6355324484015588,0.6355214115382906,0.6322112108631702
0022500482,2026-01-02,2025-26,NOP,POR,0,0.4738170609799011,0.3493414334328684,0.35272890465695106,0.3525996071939486,0.4743518873649079
0022500483,2026-01-02,2025-26,PHX,SAC,1,0.8499187727812367,0.8543029222885651,0.8540235746023254,0.8540065684449302,0.8555807793018863
0022500484,2026-01-02,2025-26,GSW,OKC,0,0.36453074930096613,0.16801040870408043,0.17305293608229763,0.17300255415533497,0.23105095508813514
0022500485,2026-01-02,2025-26,LAL,MEM,1,0.5326371237045756,0.5493332638042988,0.5525870879183992,0.5525945857129817,0.5407261696328853
0022500486,2026-01-03,2025-26,MIA,MIN,0,0.5146543769315306,0.500201001158868,0.5015273929224434,0.5015364496641107,0.4774236536141328
0022500487,2026-01-03,2025-26,NYK,PHI,0,0.5537158561717139,0.5817471576064753,0.5881337790498281,0.5881681807336354,0.5344512474196427
0022500488,2026-01-03,2025-26,TOR,ATL,1,0.6156845200438366,0.6869797450706862,0.6846916288114187,0.6847193568270922,0.6466638284862418
0022500489,2026-01-03,2025-26,CHI,CHA,0,0.649680538425404,0.6549708896861601,0.6553692652756805,0.6553720574578294,0.6506059488849127
0022500490,2026-01-03,2025-26,SAS,POR,0,0.7650782037141589,0.7905191489519924,0.7891694593918228,0.7891642889978033,0.7916322856283141
0022500491,2026-01-03,2025-26,DAL,HOU,1,0.25300643604846956,0.2529830205877408,0.25342475101314677,0.2534303637222111,0.24289549613081676
0022500492,2026-01-03,2025-26,GSW,UTA,1,0.6628662667769469,0.6924307256777505,0.6926561880138501,0.6926280352551345,0.7701286772173249
0022500493,2026-01-03,2025-26,LAC,BOS,0,0.5442481953898933,0.5830131980130264,0.5807431915518124,0.5806810417871014,0.5190236181334354
0022500494,2026-01-04,2025-26,CLE,DET,0,0.5049184994305703,0.5711972919988797,0.5347593280533705,0.534724304505361,0.5658887895043551
0022500495,2026-01-04,2025-26,ORL,IND,1,0.7140311358104808,0.6678028449413016,0.6698716114630281,0.6699549048587525,0.6409352441656797
0022500496,2026-01-04,2025-26,BKN,DEN,1,0.3192835785554329,0.3758569116553419,0.36469247904351865,0.3646546726528691,0.40810192254974686
0022500497,2026-01-04,2025-26,MIA,NOP,1,0.7347639048674957,0.7069873123091059,0.7075577224012767,0.7075444635470991,0.7485006750589388
0022500498,2026-01-04,2025-26,WAS,MIN,0,0.31909518911662105,0.2941297897228886,0.2953705536179177,0.2953696173223487,0.2773624556005515
0022500499,2026-01-04,2025-26,PHX,OKC,1,0.29192636319651527,0.3169877869390063,0.316183072430856,0.3161904931854299,0.29559841310359763
0022500500,2026-01-04,2025-26,SAC,MIL,0,0.36317572349636396,0.35671484486592275,0.35805296498725614,0.3580822700674646,0.318200243442737
0022500501,2026-01-04,2025-26,LAL,MEM,1,0.5581101779576617,0.5998660701458699,0.6045885255765723,0.6046137499746375,0.5911537141759317
0022500502,2026-01-05,2025-26,DET,NYK,1,0.49475118694044357,0.47379268492437754,0.47518715115952087,0.47523824013429117,0.4409087633730281
0022500503,2026-01-05,2025-26,BOS,CHI,1,0.7693936955839275,0.7788964037451584,0.7783356878599531,0.77837547766215,0.7624111863265445
0022500504,2026-01-05,2025-26,TOR,ATL,1,0.5973365750707423,0.6004835063656841,0.5993133408235498,0.5993153120367264,0.5543343137886513
0022500505,2026-01-05,2025-26,HOU,PHX,1,0.7095693571816996,0.7016211843814478,0.7031810799785658,0.7031448811029246,0.7173307066425476
0022500506,2026-01-05,2025-26,OKC,CHA,0,0.8334857208378181,0.8541842157220891,0.8533123954638553,0.8532985060489238,0.8657249022813259
0022500507,2026-01-05,2025-26,PHI,DEN,0,0.6328248316597773,0.8269490075639833,0.8199406746211145,0.8199496239262293,0.789002197057166
0022500508,2026-01-05,2025-26,LAC,GSW,1,0.5003871889270568,0.42653042541920294,0.4291863489176789,0.42911887527208326,0.48366658416874
0022500509,2026-01-05,2025-26,POR,UTA,1,0.638368926659918,0.6679735455742989,0.6669761673110741,0.666997135123953,0.6284582566865756
0022500510,2026-01-06,2025-26,IND,CLE,0,0.3240263734893151,0.35697265354422786,0.3511081740597474,0.35111085829760563,0.281644001956357
0022500511,2026-01-06,2025-26,WAS,ORL,1,0.32789610234364247,0.3487666999430232,0.3478365080204889,0.3477700656551171,0.3820402610874355
0022500512,2026-01-06,2025-26,MEM,SAS,1,0.3971146472934064,0.3616027055668813,0.3614553557752809,0.36143977866713284,0.38369177025635365
0022500513,2026-01-06,2025-26,MIN,MIA,1,0.6001269080397436,0.6279573161857949,0.626577770405995,0.6265673710895521,0.6218594774379637
0022500514,2026-01-06,2025-26,NOP,LAL,0,0.3464868510567285,0.3776577921620913,0.377470270654339,0.37743977417418056,0.3836688344101116
0022500515,2026-01-06,2025-26,SAC,DAL,0,0.37352638708848457,0.3662902563321488,0.3679154691705984,0.36792844913584793,0.3576666098048113
0022500516,2026-01-07,2025-26,CHA,TOR,0,0.49742064386595236,0.43575309452001826,0.438313574690167,0.43829469739373605,0.4613711672827442
0022500517,2026-01-07,2025-26,DET,CHI,1,0.7300502454769405,0.7495867045438519,0.7329059878739885,0.7329450194360848,0.7111188007360787
0022500518,2026-01-07,2025-26,PHI,WAS,1,0.8235636233584575,0.8883518328440573,0.8862083890515191,0.886212671491743,0.8662951617175023
0022500519,2026-01-07,2025-26,ATL,NOP,1,0.7592066749433737,0.8359010160541938,0.8338627789477616,0.8338757955715903,0.800022261408041
0022500520,2026-01-07,2025-26,BOS,DEN,0,0.7131162108419857,0.6822866306203066,0.680522598543681,0.6805063285938993,0.6886077666369139
0022500521,2026-01-07,2025-26,BKN,ORL,0,0.6143870699451597,0.6091616126957711,0.6073884295370903,0.6073257973258186,0.5845731233706993
0022500522,2026-01-07,2025-26,NYK,LAC,1,0.5295146438147317,0.5147500697425337,0.5158507605258456,0.5158808672987509,0.5258387763686809
0022500523,2026-01-07,2025-26,SAS,LAL,1,0.6713861170857175,0.6972128416823746,0.6965393623443406,0.6965611224730246,0.6868165667355909
0022500524,2026-01-07,2025-26,MEM,PHX,0,0.38161903183480606,0.3542208642204607,0.3776690336726154,0.37765206468579854,0.40200557230593414
0022500525,2026-01-07,2025-26,OKC,UTA,1,0.8785091941998742,0.8771341483450237,0.8810744664867167,0.8810591197339767,0.8963844091815603
0022500526,2026-01-07,2025-26,GSW,MIL,1,0.6907648985468451,0.6992100756585247,0.6994155489242757,0.6993999527672483,0.720735712899265
0022500527,2026-01-07,2025-26,POR,HOU,1,0.3127530846924938,0.31291767632317846,0.3140467059875956,0.3140226006531455,0.3259214010280055
0022500528,2026-01-08,2025-26,CHA,IND,0,0.6248888773102396,0.6580623634420483,0.686124058048371,0.6861939696474667,0.6415366259189982
0022500530,2026-01-08,2025-26,MIN,CLE,1,0.5941613061336847,0.6526347799230404,0.6498965814225143,0.6499207469883719,0.5963115881109856
0022500531,2026-01-08,2025-26,UTA,DAL,1,0.40604065975086895,0.3423777981187759,0.34484953147756614,0.34481480177248275,0.4105437178129931
0022500532,2026-01-09,2025-26,BOS,TOR,1,0.6952310293588028,0.7997532865468743,0.7971138123388193,0.7971554491824295,0.771662210988675
0022500533,2026-01-09,2025-26,ORL,PHI,0,0.5210807368588426,0.46464475345891093,0.4490425660699098,0.4490716988038892,0.3961854943031749
0022500534,2026-01-09,2025-26,WAS,NOP,0,0.5041473215150684,0.4764214568645841,0.471077306986452,0.4711358071962123,0.47413642119366994
0022500535,2026-01-09,2025-26,BKN,LAC,0,0.4122965399147646,0.3917777589072582,0.3924153402298949,0.39243691780893447,0.37882662832359076
0022500536,2026-01-09,2025-26,MEM,OKC,0,0.24649645516496083,0.3504013250940896,0.33666359240164817,0.33674903491477975,0.2641601083791953
0022500537,2026-01-09,2025-26,DEN,ATL,0,0.6461572480630093,0.6763174195044053,0.6560642243481434,0.6560598353100985,0.6857676130467639
0022500538,2026-01-09,2025-26,PHX,NYK,1,0.5535574012375908,0.576814359015597,0.575882451952021,0.5758984096572685,0.5792386302856828
0022500539,2026-01-09,2025-26,GSW,SAC,1,0.8601284314069042,0.8667496160501326,0.8656890606942969,0.8656630152613547,0.8503984752248644
0022500540,2026-01-09,2025-26,POR,HOU,1,0.35638213869442936,0.3616977598309501,0.3614859356042602,0.3614911004736557,0.3311750635082599
0022500541,2026-01-09,2025-26,LAL,MIL,0,0.5612187873565416,0.5726564053595823,0.5731739913585112,0.5732051201991971,0.6301534198620232
0022500542,2026-01-10,2025-26,CLE,MIN,1,0.4816117808716932,0.5168582203107728,0.5155730063634865,0.5155801468304114,0.5036730756120325
0022500543,2026-01-10,2025-26,IND,MIA,1,0.3253972956391721,0.3473865126794893,0.3471736533116442,0.34712674984535286,0.3688961072959467
0022500544,2026-01-10,2025-26,DET,LAC,0,0.6918488177978562,0.6338404194011009,0.6377818923857569,0.6377995441988293,0.6101627003445614
0022500545,2026-01-10,2025-26,BOS,SAS,0,0.5432123683218764,0.5099833100746419,0.5107040593337745,0.5107055083248362,0.5258519621395362
0022500546,2026-01-10,2025-26,CHI,DAL,1,0.5393820592158961,0.6342329636341016,0.6304269359589421,0.6304653039562258,0.6036871130268161
0022500547,2026-01-10,2025-26,UTA,CHA,0,0.4480486895665023,0.3392823881596739,0.3413075513297998,0.3412890424363187,0.368059529730337
0022500548,2026-01-11,2025-26,ORL,NOP,1,0.7033386447067893,0.6625434357392865,0.6645347162457178,0.6645311318401617,0.6814835937431427
0022500549,2026-01-11,2025-26,MEM,BKN,1,0.6155751323579051,0.714100310229766,0.7158931927456949,0.7159323002751186,0.7202215614744153
0022500550,2026-01-11,2025-26,TOR,PHI,1,0.4283829812731446,0.4123559900708939,0.41486835648746884,0.4149376720326305,0.408479133848988
0022500551,2026-01-11,2025-26,POR,NYK,0,0.47558909278026146,0.5019151512182307,0.5008337321572951,0.5008190762637157,0.4914893866326123
0022500552,2026-01-11,2025-26,MIN,SAS,1,0.5605067474314259,0.5688777435551297,0.5687809594530994,0.5687804914340073,0.5770618329826888
0022500553,2026-01-11,2025-26,OKC,MIA,1,0.8181940897301263,0.8077557206633865,0.8331538662160347,0.8331713425022061,0.8689902482085721
0022500554,2026-01-11,2025-26,DEN,MIL,1,0.6285906832382625,0.5842294234259562,0.5450467711914995,0.5450716631718342,0.5490535957880589
0022500555,2026-01-11,2025-26,PHX,WAS,1,0.8782196471654693,0.8866598262731564,0.8854429491034528,0.8854212121914365,0.8768690520590677
0022500556,2026-01-11,2025-26,GSW,ATL,0,0.6484075059992681,0.686700218231315,0.6855581729090496,0.685538700229855,0.6868008798633469
0022500557,2026-01-11,2025-26,SAC,HOU,1,0.17261594012639855,0.14941255288724728,0.14629690810677817,0.1463185146885541,0.12619045592401884
0022500558,2026-01-12,2025-26,CLE,UTA,0,0.8601619475100865,0.8517407600103701,0.8508927919171682,0.8508668852486195,0.7958442980711498
0022500559,2026-01-12,2025-26,IND,BOS,1,0.27712367509174823,0.3092363249787359,0.30066469670815715,0.3006719689577996,0.2740378087180378
0022500560,2026-01-12,2025-26,TOR,PHI,0,0.4925332274515823,0.47783964136880774,0.48705827826490683,0.4870620947014781,0.46495491085122764
0022500561,2026-01-12,2025-26,DAL,BKN,1,0.6745702661791232,0.7022041011723202,0.7005791230400634,0.7005790031669894,0.5489478329623088
0022500562,2026-01-12,2025-26,SAC,LAL,1,0.24008505749215278,0.23920720416958668,0.2405180134764023,0.24054561090402948,0.27094825135214257
0022500563,2026-01-12,2025-26,LAC,CHA,1,0.6495286448822418,0.6759916011885697,0.6732502297139817,0.6732404013039022,0.6518372474855139
0022500564,2026-01-13,2025-26,MIA,PHX,1,0.420350127192803,0.43130056624408236,0.4318627474856322,0.4318591273441439,0.4157873608234367
0022500565,2026-01-13,2025-26,HOU,CHI,1,0.7699558962847853,0.7747561204534282,0.7740546805694222,0.7740664748827638,0.7573739148481246
0022500566,2026-01-13,2025-26,MIL,MIN,0,0.3749336544772861,0.4426064727850063,0.4396538324135984,0.439676340885793,0.39551018606355615
0022500567,2026-01-13,2025-26,NOP,DEN,0,0.2986946106180378,0.30809884281965483,0.3075795509850613,0.3075624534927771,0.2992717615303656
0022500568,2026-01-13,2025-26,OKC,SAS,1,0.6829431033200837,0.6754299199503698,0.6758585895620967,0.6758189733300997,0.7192512760451216
0022500569,2026-01-13,2025-26,LAL,ATL,1,0.4144592463861174,0.39237816162423095,0.4350217093091409,0.4350349222082431,0.4613900216460092
0022500570,2026-01-13,2025-26,GSW,POR,1,0.62185314716617,0.7091478356904721,0.7071526231955513,0.7071720049692435,0.6480677191357543
0022500571,2026-01-14,2025-26,IND,TOR,0,0.48531502571021073,0.5490788363683178,0.5416350241087123,0.5416603527476237,0.513334895051902
0022500572,2026-01-14,2025-26,PHI,CLE,0,0.5214659014619292,0.540062465617447,0.5397503425477146,0.5397347758914918,0.5537958875641575
0022500573,2026-01-14,2025-26,CHI,UTA,1,0.5671125527287213,0.732329452806291,0.7283020870123894,0.7283217197195158,0.7868614349361261
0022500574,2026-01-14,2025-26,NOP,BKN,1,0.4241768857052444,0.4377062325831089,0.4372242651961322,0.43722341198069226,0.3807675884179769
0022500575,2026-01-14,2025-26,DAL,DEN,0,0.42281105899252436,0.3888710679434231,0.3919850737095911,0.39190864857559154,0.4584241998052583
0022500576,2026-01-14,2025-26,SAC,NYK,1,0.2419084862895066,0.23875926955300528,0.2463002303877299,0.24631879746111157,0.2543940728761798
0022500577,2026-01-14,2025-26,LAC,WAS,1,0.8648135014353918,0.8512852074139213,0.8731231403409903,0.8730461970588841,0.913263347699595
0022500579,2026-01-15,2025-26,DET,PHX,1,0.5722120982657197,0.6692733186748582,0.6677306384624319,0.6677310708337961,0.6720540246848377
0022500580,2026-01-15,2025-26,MIA,BOS,0,0.4024621975214121,0.3355932130505674,0.33815931093537455,0.33808047750090503,0.40304112150270904
0022500581,2026-01-15,2025-26,HOU,OKC,0,0.39184926559527605,0.40541317515719616,0.408254087493298,0.4082432763553619,0.4003099181391405
0022500582,2026-01-15,2025-26,SAS,MIL,1,0.7496408932702893,0.7557191857646028,0.7553656217102633,0.7553669083252562,0.7041550956210837
0022500583,2026-01-15,2025-26,DAL,UTA,1,0.7141792597546034,0.62322026550839,0.6254398650312828,0.6252788408992832,0.6700900388081307
0022500584,2026-01-15,2025-26,GSW,NYK,1,0.6610530598784368,0.7364284114474275,0.7340015745267026,0.7340298531229907,0.7125295966170856
0022500585,2026-01-15,2025-26,POR,ATL,1,0.5381817678787779,0.5300274886933044,0.5291027817376888,0.5290989458547863,0.5252116328157876
0022500586,2026-01-15,2025-26,LAL,CHA,0,0.5396079105292404,0.5750657064727012,0.5740811287237156,0.5740615827268232,0.5846214067590569
0022500587,2026-01-16,2025-26,BKN,CHI,1,0.48700750857563396,0.5169326522021893,0.5163850877721081,0.5163956831860119,0.4695527986649543
0022500588,2026-01-16,2025-26,IND,NOP,1,0.6127284500622615,0.6321012996280985,0.6286014555661372,0.6285708718287464,0.6381214900973348
0022500589,2026-01-16,2025-26,PHI,CLE,0,0.4819585602807458,0.5729636468551024,0.5692537401033775,0.5692960648695139,0.5388440722566544
0022500590,2026-01-16,2025-26,TOR,LAC,0,0.3855321607969106,0.5261040911671561,0.5327277616707482,0.5327463826464708,0.5056213967197833
0022500591,2026-01-16,2025-26,HOU,MIN,1,0.47214763287761513,0.4890548788635421,0.4880684198052703,0.48804735568093754,0.4466061130656509
0022500592,2026-01-16,2025-26,SAC,WAS,1,0.6861281499160405,0.7476571979173006,0.7445642172199292,0.7445597553161865,0.7309255689633605
0022500593,2026-01-17,2025-26,DAL,UTA,1,0.6944969720854121,0.6667323699190738,0.6665679058948,0.6665229777659386,0.6901386863444423
0022500594,2026-01-17,2025-26,ATL,BOS,0,0.38270155764506214,0.3931448860777405,0.3923065699833512,0.3922861158869822,0.39747460095211784
0022500595,2026-01-17,2025-26,DET,IND,1,0.8517259049365191,0.9278690315843874,0.9261937358549608,0.9262307542898517,0.8762708800837223
0022500596,2026-01-17,2025-26,NYK,PHX,0,0.5400823321195489,0.4511997541187644,0.45335623692845334,0.45331705730055966,0.46575734377752936
0022500597,2026-01-17,2025-26,MIA,OKC,1,0.25557940212805796,0.2307755002008762,0.23268669752803434,0.23265642707808357,0.23753099214722537
0022500598,2026-01-17,2025-26,SAS,MIN,1,0.5956972044406686,0.6115201268222872,0.6428608925705134,0.6428706495377313,0.6298115409995853
0022500599,2026-01-17,2025-26,GSW,CHA,1,0.6795375545955836,0.7221354789159774,0.7194416849619855,0.7194127765339337,0.6515316372594323
0022500600,2026-01-17,2025-26,DEN,WAS,1,0.8870474885523283,0.8826432281494919,0.882423261057277,0.8824179237835721,0.8729696889972999
0022500601,2026-01-17,2025-26,POR,LAL,1,0.5708374535375859,0.6466811486261765,0.6430411284679414,0.6431060180660216,0.5918547204874527
0022500603,2026-01-18,2025-26,CHI,BKN,1,0.598766492521584,0.7044501351192135,0.7008242904375382,0.7008255541727169,0.7070797582140953
0022500604,2026-01-18,2025-26,HOU,NOP,1,0.8378547452181625,0.8385784328085266,0.8380401046686612,0.8380296510226801,0.8630253183977805
0022500605,2026-01-18,2025-26,DEN,CHA,0,0.6352609342205008,0.6216414381831721,0.6218901165931467,0.6218986982128348,0.6009494847792342
0022500606,2026-01-18,2025-26,SAC,POR,0,0.4926457870669971,0.5933619577147329,0.5790665517789374,0.5791405184813472,0.5197105967561969
0022500607,2026-01-18,2025-26,LAL,TOR,1,0.4745097091978758,0.5372777560704722,0.556430704655648,0.5563820904127972,0.5631804894664947
0022500014,2026-01-19,2025-26,ATL,MIL,0,0.5519106099217518,0.5411311652146962,0.5437652989826554,0.5437689443121572,0.5100177939376391
0022500015,2026-01-19,2025-26,CLE,OKC,0,0.3413884479656878,0.37277309920559837,0.3712874510329004,0.37133438765234,0.33229028255056753
0022500016,2026-01-19,2025-26,NYK,DAL,0,0.7275921949775949,0.7762304144575507,0.7978531055362663,0.7978187197459692,0.7931867401697932
0022500017,2026-01-19,2025-26,DET,BOS,1,0.5562752215298804,0.5716816219888109,0.5706366565875611,0.5706341419895079,0.5652919129233749
0022500608,2026-01-19,2025-26,WAS,LAC,0,0.2532200415068546,0.2693046726653353,0.26882169253027105,0.2688063172569653,0.2584215397952771
0022500609,2026-01-19,2025-26,PHI,IND,1,0.7975974329002747,0.7753114236373224,0.7874857096815971,0.78744084582837,0.7110316285874455
0022500610,2026-01-19,2025-26,BKN,PHX,0,0.19468650255510905,0.14223642980397752,0.14491025844252006,0.14489347992096926,0.24661376024832943
0022500611,2026-01-19,2025-26,SAS,UTA,1,0.8942381940625899,0.9186998755988105,0.917234646311741,0.9172189525210441,0.8595750755196785
0022500612,2026-01-19,2025-26,GSW,MIA,1,0.6490542095571937,0.5745984656203748,0.5768350622028965,0.5767994302176533,0.6125069710614661
0022500613,2026-01-20,2025-26,PHI,PHX,0,0.47292749828432723,0.4307059665731006,0.4239440313464496,0.4238931304791249,0.43461914115778433
0022500614,2026-01-20,2025-26,CHI,LAC,1,0.5333237141506663,0.5377032472010382,0.5371380122992089,0.5370830641032807,0.5770115913490552
0022500615,2026-01-20,2025-26,HOU,SAS,1,0.6456307179779016,0.5699281607234504,0.5720832109995021,0.5720354079193564,0.603553334322692
0022500616,2026-01-20,2025-26,UTA,MIN,1,0.1712285420340441,0.1479891327347891,0.14884728564837332,0.14885006419789767,0.15323583223867826
0022500617,2026-01-20,2025-26,DEN,LAL,0,0.5483056126810882,0.5005642901604362,0.5034265491002808,0.5034900335800685,0.48988594727818513
0022500618,2026-01-20,2025-26,GSW,TOR,0,0.6807189746344621,0.6476897887682757,0.6480074163619676,0.6479892923478024,0.6737405380361705
0022500619,2026-01-20,2025-26,SAC,MIA,0,0.47981346602677055,0.4719578365601112,0.4717878354929822,0.47182394954772694,0.45405459491375727
0022500620,2026-01-21,2025-26,CHA,CLE,0,0.500349055579695,0.48922445005306076,0.48984433557545437,0.4898794846676389,0.4942594952792866
0022500621,2026-01-21,2025-26,BOS,IND,1,0.8278895420885145,0.8146497715645418,0.8150413575195558,0.8150645346469281,0.8085386577112512
0022500622,2026-01-21,2025-26,NYK,BKN,1,0.7178803627761804,0.7442591826339623,0.743502815351018,0.7434869265444187,0.7351242503047006
0022500623,2026-01-21,2025-26,MEM,ATL,0,0.5855221149118334,0.5422583173282599,0.5420408499597874,0.5420479383210105,0.5792433628026221
0022500624,2026-01-21,2025-26,NOP,DET,0,0.19744743547420898,0.21697038719774797,0.23153639884448657,0.23157949052955076,0.22178702127184274
0022500625,2026-01-21,2025-26,MIL,OKC,0,0.2036404101196071,0.17809898687073028,0.17870624953075523,0.17870903272947025,0.16732980772276596
0022500626,2026-01-21,2025-26,SAC,TOR,0,0.4416211949738808,0.37302110727551935,0.37915135378485154,0.3790971784273662,0.426213156936442
0022500627,2026-01-22,2025-26,ORL,CHA,0,0.5813151629522589,0.605356003651257,0.6038928342532016,0.6039416551319718,0.6180659563091674
0022500628,2026-01-22,2025-26,PHI,HOU,1,0.39895643312922974,0.4278815203219219,0.4290323138324596,0.42901536872292007,0.4690680119485647
0022500629,2026-01-22,2025-26,WAS,DEN,0,0.2835986094220068,0.24389021553973736,0.24465776354738597,0.24464312471517075,0.2445031204224722
0022500630,2026-01-22,2025-26,DAL,GSW,1,0.34750232405940124,0.29364506627660747,0.29513606141243154,0.2951705015618073,0.2900015934206757
0022500631,2026-01-22,2025-26,MIN,CHI,0,0.7064406131474303,0.711640227553987,0.71117430605912,0.7111715917884248,0.7056698518776956
0022500632,2026-01-22,2025-26,UTA,SAS,0,0.22327130287217847,0.2606923201486314,0.2595781032630288,0.2596022547955667,0.2513852783097524
0022500633,2026-01-22,2025-26,LAC,LAL,1,0.476489738535905,0.5406897986131073,0.5421388670142302,0.5421632413880656,0.548086979634084
0022500634,2026-01-22,2025-26,POR,MIA,1,0.5275532614090924,0.6183961373457254,0.6150272675361486,0.6150562063660001,0.6066543046376168
0022500635,2026-01-23,2025-26,DET,HOU,0,0.6687029665632239,0.6736890482962817,0.6725932864574077,0.6726616764356664,0.6571358557990751
0022500636,2026-01-23,2025-26,ATL,PHX,1,0.3763778977340317,0.37564657435245863,0.3769338850287349,0.37693012891928895,0.3593212520206616
0022500637,2026-01-23,2025-26,BKN,BOS,0,0.2205689446988831,0.3277327430266193,0.3240587145163343,0.32405079661013425,0.2982986155079174
0022500638,2026-01-23,2025-26,CLE,SAC,1,0.799280365253722,0.8046139513596321,0.8038347998142603,0.8038195618120968,0.7996215506155576
0022500639,2026-01-23,2025-26,MEM,NOP,0,0.7012298934796488,0.6600896124824273,0.6547396646952455,0.65473399330093,0.6528211049553819
0022500640,2026-01-23,2025-26,MIL,DEN,0,0.48926801211983767,0.5182879243831913,0.6039031960216209,0.603882342452354,0.6244976020758652
0022500641,2026-01-23,2025-26,OKC,IND,0,0.9060702208609683,0.8957554809984312,0.8960850774716085,0.8960709511493938,0.9082904267721412
0022500642,2026-01-23,2025-26,POR,TOR,0,0.5560005801890544,0.4558268257128751,0.4571395869651509,0.45708971837046686,0.4763784419166735
0022500643,2026-01-24,2025-26,PHI,NYK,0,0.554673622484085,0.5641650508697771,0.5477934961889334,0.5477686201042851,0.5633177022596979
0022500645,2026-01-24,2025-26,CHA,WAS,1,0.8140707684442077,0.8582748059646973,0.8571826915470663,0.8571788598950668,0.8757462014253196
0022500646,2026-01-24,2025-26,ORL,CLE,0,0.45470133200139295,0.4610318116138603,0.4699494311867484,0.47001378477828754,0.4473611119119889
0022500647,2026-01-24,2025-26,CHI,BOS,1,0.5011439248370506,0.45919969585773607,0.45980955965240133,0.45970983585902336,0.44894192183948506
0022500648,2026-01-24,2025-26,DAL,LAL,0,0.41578528117498037,0.38444210067568074,0.387770441431267,0.38782153538980724,0.3505073192447953
0022500649,2026-01-24,2025-26,UTA,MIA,0,0.3275709829840652,0.28913791293351054,0.2903932906127569,0.2904096127006328,0.3106523537373822
0022500644,2026-01-25,2025-26,MIN,GSW,0,0.5755978482090596,0.5816436726769559,0.5571674975255113,0.5572153602995537,0.5758483801217241
0022500650,2026-01-25,2025-26,DET,SAC,1,0.8261290730321246,0.8474982385461194,0.8469060145986433,0.846937721944558,0.7954394176734305
0022500653,2026-01-25,2025-26,OKC,TOR,0,0.7816244852122932,0.8040979358970727,0.7958319545009893,0.7958232485622257,0.7838786685427367
0022500654,2026-01-25,2025-26,SAS,NOP,0,0.7993106868277615,0.8118084010037245,0.8116051807785881,0.8116190271006668,0.8138433226555378
0022500655,2026-01-25,2025-26,PHX,MIA,0,0.7187627559772953,0.6162163659050371,0.6191664317971675,0.6191233639651971,0.6315752723345832
0022500656,2026-01-25,2025-26,LAC,BKN,1,0.7763365267477782,0.7952343552846894,0.7928041845074218,0.7928900847709355,0.7353449668342604
0022500657,2026-01-26,2025-26,CHA,PHI,1,0.5544954095387542,0.6437281447624333,0.6412401423071583,0.6413539524034917,0.5876076219823384
0022500658,2026-01-26,2025-26,CLE,ORL,1,0.7097669771037332,0.7145986628225595,0.7131863260357317,0.7193272563585316,0.7423897917521629
0022500659,2026-01-26,2025-26,ATL,IND,1,0.6554160669883398,0.6697139201795171,0.6698698252354127,0.6698813710615741,0.6787870737741
0022500660,2026-01-26,2025-26,BOS,POR,1,0.6877575867238046,0.6677300079079783,0.6695074834791029,0.6694972590329086,0.6545816320726396
0022500661,2026-01-26,2025-26,CHI,LAL,0,0.49762881965879047,0.4934893768878813,0.4947464681307902,0.4947812705702285,0.4041395189464292
0022500662,2026-01-26,2025-26,HOU,MEM,1,0.7488695440896823,0.7758028406837227,0.7706089340763655,0.7706168254538313,0.7743182865779384
0022500663,2026-01-26,2025-26,MIN,GSW,1,0.5355128544513104,0.7112931163752533,0.7063152716176592,0.7063225005420626,0.6998482022324024
0022500664,2026-01-27,2025-26,WAS,POR,1,0.30646470358905864,0.29691261143352926,0.2985923546399388,0.2986305640864645,0.2706980890478011
0022500665,2026-01-27,2025-26,NYK,SAC,1,0.7859720548187928,0.823441411194941,0.8217423797802839,0.8217416934802546,0.8183697802633998
0022500666,2026-01-27,2025-26,PHI,MIL,1,0.5241850795897943,0.6446925928036874,0.6431242171933857,0.6512710172226699,0.6548768858090351
0022500667,2026-01-27,2025-26,OKC,NOP,1,0.8828377223635542,0.8716939557597387,0.8719114842776589,0.871899729114876,0.8812002264464547
0022500668,2026-01-27,2025-26,DEN,DET,0,0.4020909680456015,0.35339349204102777,0.3548969808482917,0.35487957998154546,0.3966736298155042
0022500669,2026-01-27,2025-26,PHX,BKN,1,0.7617838468768433,0.7343882472645318,0.7356962361087119,0.7357068703587547,0.7198651631363504
0022500670,2026-01-27,2025-26,UTA,LAC,0,0.24623384246701205,0.2332401515312933,0.23453558609532493,0.2344735064956562,0.2747992743372747
0022500671,2026-01-28,2025-26,CLE,LAL,1,0.5989822185551655,0.5449705591536234,0.5483823199488095,0.5483713104776876,0.5991331504005419
0022500672,2026-01-28,2025-26,IND,CHI,1,0.4153549639216544,0.4230049578316658,0.42853712190844695,0.42851390226606284,0.42464284637821287
0022500673,2026-01-28,2025-26,BOS,ATL,0,0.7136248324364751,0.7000898242182562,0.7012839967614303,0.7012669364263443,0.719669332203652
0022500674,2026-01-28,2025-26,MIA,ORL,0,0.6748521828200247,0.6754515026053073,0.6740777907600168,0.6740439107738073,0.6874149022141205
0022500675,2026-01-28,2025-26,TOR,NYK,0,0.611850373789603,0.6606881649379622,0.6210455316942206,0.6211434538081985,0.5639479639755411
0022500676,2026-01-28,2025-26,MEM,CHA,0,0.40418680998006423,0.3395678893911444,0.34161481862819065,0.3415897749660225,0.3760538895032205
0022500677,2026-01-28,2025-26,DAL,MIN,0,0.355678675943059,0.3284765453704277,0.3299249910530399,0.3298597443073284,0.3523002180032151
0022500678,2026-01-28,2025-26,UTA,GSW,0,0.2889488747549077,0.23482625109820515,0.23397545484587057,0.23390955367475927,0.24661299882446694
0022500679,2026-01-28,2025-26,HOU,SAS,0,0.5798463676319542,0.5812819403678722,0.5815511490442843,0.5815360939377693,0.5956193234911029
0022500529,2026-01-29,2025-26,CHI,MIA,0,0.5201722899471631,0.4967084645357372,0.49823163656379343,0.49818394059811094,0.5279252951861354
0022500680,2026-01-29,2025-26,PHI,SAC,1,0.7544843828167551,0.7884431117418553,0.7969081622250108,0.7969048683803169,0.7748445298723151
0022500681,2026-01-29,2025-26,WAS,MIL,1,0.40844624804719387,0.4440263581584288,0.44272968813316727,0.44274699833090975,0.39904594181147146
0022500682,2026-01-29,2025-26,ATL,HOU,0,0.45437188071240026,0.4600321702124911,0.43837151178489386,0.4383284162044749,0.46291775018941056
0022500683,2026-01-29,2025-26,DAL,CHA,0,0.4019473589335186,0.332282844001698,0.33439798249761965,0.334371290067286,0.36343256216875486
0022500684,2026-01-29,2025-26,DEN,BKN,1,0.7235595334631131,0.7672363464623807,0.7661199144440136,0.7662318788929843,0.742658286656461
0022500685,2026-01-29,2025-26,PHX,DET,1,0.42936480679261924,0.42462078510189866,0.42488130724775686,0.4248813187117621,0.4232531009541472
0022500686,2026-01-29,2025-26,MIN,OKC,1,0.31766270465289825,0.2979366777228708,0.2986454126769867,0.298644815365054,0.2674083861988384
0022500687,2026-01-30,2025-26,ORL,TOR,1,0.5059339327741057,0.47389029011494965,0.4749477868652582,0.47496421788842086,0.4855255633441211
0022500688,2026-01-30,2025-26,WAS,LAL,0,0.23227675709071227,0.15473792257230093,0.1575106870735936,0.15751450336343747,0.16951280493926868
0022500689,2026-01-30,2025-26,BOS,SAC,1,0.8728428305616542,0.8744020939970697,0.8747412941560311,0.8747307786195858,0.864346710771062
0022500690,2026-01-30,2025-26,NYK,POR,1,0.6427375283755127,0.664000490678031,0.6425204182509759,0.6425086545508006,0.6315094635860988
0022500691,2026-01-30,2025-26,NOP,MEM,1,0.5212711654064759,0.5444419700010193,0.5415520809433049,0.5415016668344225,0.5622032340859978
0022500693,2026-01-30,2025-26,PHX,CLE,1,0.3993163966891493,0.4100406506895309,0.4152541946849971,0.4153297514668676,0.364720319369732
0022500694,2026-01-30,2025-26,UTA,BKN,0,0.6512873913086877,0.5477746806832399,0.5498618497043989,0.5498193000376373,0.552898528988559
0022500695,2026-01-30,2025-26,DEN,LAC,1,0.42459371441581173,0.46305183277670636,0.4629285330241498,0.462937284253174,0.4613936041550769
0022500696,2026-01-30,2025-26,GSW,DET,0,0.6137788779217813,0.621370698740534,0.6210604738268325,0.6209506826147236,0.6163943624088157
0022500692,2026-01-31,2025-26,MIA,CHI,0,0.6112237976740991,0.6828563520088339,0.6800277085532057,0.6800927689005786,0.6246247437137421
0022500697,2026-01-31,2025-26,CHA,SAS,1,0.5100813687247593,0.4939023823763212,0.4954088170113381,0.49542717184805274,0.49152305892016024
0022500698,2026-01-31,2025-26,IND,ATL,1,0.42362049800607515,0.4647251543335526,0.4623660107626604,0.46236243970381924,0.4142708497587355
0022500699,2026-01-31,2025-26,PHI,NOP,1,0.7605211895542965,0.7072063930606902,0.7108339860021913,0.7107910554422483,0.7479502390054322
0022500700,2026-01-31,2025-26,MEM,MIN,0,0.26693331174127705,0.2273517876055479,0.23995298468522838,0.23991701943148697,0.23995968707903753
0022500701,2026-01-31,2025-26,HOU,DAL,1,0.7722387953335464,0.7957072797746062,0.7940265886666725,0.7940057322159539,0.7741555453305575
0022500702,2026-02-01,2025-26,BOS,MIL,1,0.822081414614491,0.8204812756169495,0.8202730204364064,0.820268205460417,0.8208450565416929
0022500703,2026-02-01,2025-26,SAS,ORL,1,0.644808772270255,0.630227942661695,0.6301618084097721,0.6367930349337775,0.6685999275133492
0022500704,2026-02-01,2025-26,DET,BKN,1,0.8618869150818727,0.8657691348269481,0.8638313518715074,0.8638268526131566,0.8756226779364924
0022500705,2026-02-01,2025-26,MIA,CHI,1,0.599971764859586,0.7011619535672238,0.698870176680155,0.6988404070603796,0.6536226051512222
0022500706,2026-02-01,2025-26,TOR,UTA,1,0.8309656551883018,0.8154780845420819,0.8141603127986489,0.8141852068915522,0.7049288146566662
0022500707,2026-02-01,2025-26,WAS,SAC,1,0.41422697426018384,0.3824742476555922,0.38449481419473686,0.3845046545065137,0.4421315492811084
0022500708,2026-02-01,2025-26,NYK,LAL,1,0.6424063290240659,0.620423960756761,0.6319655243884517,0.6319717799414952,0.6453833878663564
0022500709,2026-02-01,2025-26,PHX,LAC,0,0.5747591985672568,0.6275535326240048,0.6263992531985708,0.6264339857827563,0.5985387599427819
0022500710,2026-02-01,2025-26,POR,CLE,0,0.4052851798365111,0.34406301152220203,0.3070236432864859,0.3069855217133248,0.3341723913073356
0022500711,2026-02-01,2025-26,DEN,OKC,0,0.3225432111752775,0.3094994489935042,0.3110206649665266,0.31103649962077246,0.3000276255184453
0022500712,2026-02-02,2025-26,CHA,NOP,1,0.7693968146330635,0.7625760618190752,0.7630045167575834,0.763033343814857,0.747032816376701
0022500713,2026-02-02,2025-26,IND,HOU,0,0.28358868514988206,0.33834482973790897,0.335877532447799,0.3358946762137024,0.3014748171906241
0022500714,2026-02-02,2025-26,MEM,MIN,1,0.2823137311041405,0.2821796433035926,0.27853128368523555,0.27853545612006714,0.25467713886261334
0022500715,2026-02-02,2025-26,LAC,PHI,0,0.5506330912879615,0.5686220212058349,0.5684751612839257,0.568505467830627,0.5307295865338183
0022500716,2026-02-03,2025-26,DET,DEN,1,0.6604273802653827,0.64797486916642,0.6486645841083564,0.6486532661170319,0.6142402915222668
0022500717,2026-02-03,2025-26,IND,UTA,0,0.5533523614043605,0.33091800848581615,0.3484129278273768,0.3483339617865782,0.44634313291205435
0022500718,2026-02-03,2025-26,WAS,NYK,0,0.1944191848837767,0.18799340309105855,0.1880628399571637,0.1881009517523056,0.18036522414063746
0022500719,2026-02-03,2025-26,BKN,LAL,0,0.25860093081347146,0.2364351274907467,0.23441430754143827,0.23446358718715615,0.28014667761302214
0022500720,2026-02-03,2025-26,MIA,ATL,0,0.5967104258233773,0.5521695051926266,0.55525385757915,0.555216460901976,0.5906572189518486
0022500721,2026-02-03,2025-26,DAL,BOS,0,0.3225241068587911,0.27922573268943995,0.2801673924620535,0.28013858091963695,0.2717774210148246
0022500722,2026-02-03,2025-26,MIL,CHI,1,0.4884510256158564,0.4802355160796214,0.48000824075084964,0.4800213122917548,0.46777632841606315
0022500723,2026-02-03,2025-26,OKC,ORL,1,0.8282439115581789,0.7967976869983145,0.8338633664245506,0.8338458245318846,0.8533529892956143
0022500724,2026-02-03,2025-26,GSW,PHI,0,0.7094981071065989,0.7112646242248104,0.7109395664231329,0.7109363542710716,0.715424862240406
0022500725,2026-02-03,2025-26,POR,PHX,0,0.4082428893591161,0.44079645052036304,0.43984434937957295,0.4398261194470536,0.4740698503648979
0022500726,2026-02-04,2025-26,NYK,DEN,1,0.6153515192183238,0.5516508679095428,0.555290890881184,0.5552647612692966,0.5646828868608081
0022500727,2026-02-04,2025-26,TOR,MIN,0,0.423494560422838,0.4352437736212683,0.4344748704293873,0.434446788211726,0.472461132367363
0022500728,2026-02-04,2025-26,HOU,BOS,0,0.585276544225923,0.6263308998041662,0.6243372658863642,0.6243796800042555,0.6123416278627244
0022500729,2026-02-04,2025-26,MIL,NOP,1,0.46072720870933165,0.4504880665034307,0.4521101005409543,0.45215318358958306,0.4827162910928013
0022500730,2026-02-04,2025-26,SAS,OKC,1,0.44777765041809825,0.5414189697775588,0.5362799624196919,0.5364301639073669,0.4744428659814708
0022500731,2026-02-04,2025-26,SAC,MEM,0,0.44810795275565174,0.4547284623628983,0.4484800117463889,0.4506801755264969,0.4860762438546184
0022500732,2026-02-04,2025-26,LAC,CLE,0,0.436263126118677,0.400822570020372,0.403460931201109,0.4034678343636528,0.5031493767575408
0022500733,2026-02-05,2025-26,DET,WAS,0,0.9001578434627615,0.9371321337656587,0.9296638561511134,0.9296572227835737,0.9148274234667431
0022500734,2026-02-05,2025-26,ORL,BKN,1,0.6927684998421737,0.6968108314274559,0.6966812793277264,0.6967331951093484,0.6724260308591044
0022500735,2026-02-05,2025-26,ATL,UTA,1,0.7464928740057276,0.7047375397927932,0.7059998935428403,0.7059944177931115,0.7123013208734783
0022500736,2026-02-05,2025-26,TOR,CHI,1,0.6560857813781622,0.6121987723195116,0.6109892602602326,0.6109970738157267,0.5722547104083521
0022500737,2026-02-05,2025-26,HOU,CHA,0,0.4736979270956335,0.48173294832977553,0.482229044991778,0.474054108532658,0.5124331172816258
0022500738,2026-02-05,2025-26,DAL,SAS,0,0.38461917954955943,0.39479459894378377,0.3926719778495452,0.3926629929502324,0.40463157325532184
0022500739,2026-02-05,2025-26,PHX,GSW,0,0.5786038591867058,0.5827710911651555,0.5601274947238217,0.5601478545940306,0.5466363305864047
0022500740,2026-02-05,2025-26,LAL,PHI,1,0.5834602556860817,0.5654055541854396,0.5561700953416054,0.5560955032963079,0.5581211466325681
0022500741,2026-02-06,2025-26,BOS,MIA,1,0.7446993232152335,0.7447648826611374,0.7448174247466908,0.7448048273447566,0.6721884158186111
0022500742,2026-02-06,2025-26,DET,NYK,1,0.5036075338001337,0.5709222458857913,0.5866202630539276,0.586666261683232,0.5531424829982196
0022500743,2026-02-06,2025-26,MIL,IND,1,0.6877961598748622,0.712211309397611,0.7052502330235558,0.7051983845118789,0.5789332856547401
0022500744,2026-02-06,2025-26,MIN,NOP,0,0.7793670576433662,0.7726690065368225,0.7731911725361068,0.7732173280271881,0.7666889935047076
0022500745,2026-02-06,2025-26,POR,MEM,1,0.5883878917904388,0.6983556912270205,0.7183499961950808,0.7183865642750067,0.7239599164722762
0022500746,2026-02-06,2025-26,SAC,LAC,0,0.33898566305112227,0.28863627745132725,0.28936519416348544,0.28933196186199134,0.3287572327616919
0022500747,2026-02-07,2025-26,BKN,WAS,1,0.6083714036146172,0.6823450130491401,0.6782555872530956,0.6783388650054222,0.5762360475113518
0022500748,2026-02-07,2025-26,OKC,HOU,0,0.6982494187636138,0.7117314128855656,0.7034214351091366,0.7034335538115324,0.6902825691835895
0022500749,2026-02-07,2025-26,SAS,DAL,1,0.7586042695850043,0.8089246493052995,0.8129917895494081,0.8130036952651473,0.7940371986018345
0022500750,2026-02-07,2025-26,ORL,UTA,1,0.7214676070844275,0.7343731994359668,0.7343871605587673,0.7343903749533659,0.6654966993824147
0022500751,2026-02-07,2025-26,ATL,CHA,0,0.3818784803579055,0.40027938250955947,0.3999381232192925,0.39994027071684274,0.36011840117182153
0022500752,2026-02-07,2025-26,CHI,DEN,0,0.33044482588336943,0.24945260759822308,0.2517782033288425,0.25185470532654086,0.26133590743376034
0022500753,2026-02-07,2025-26,LAL,GSW,1,0.5716312645439939,0.5385454338123157,0.5376338093032716,0.5278539103826543,0.6339154321502657
0022500754,2026-02-07,2025-26,PHX,PHI,0,0.5287551495765176,0.5672315811461824,0.54718847985836,0.5471469259851758,0.5924209866056837
0022500755,2026-02-07,2025-26,POR,MEM,1,0.7199529016380759,0.8439519570016616,0.868132679676565,0.86807180456698,0.746787667906366
0022500756,2026-02-07,2025-26,SAC,CLE,0,0.17515116724451166,0.11592037823373098,0.11706511147569736,0.11704648538731924,0.14293890955164798
0022500757,2026-02-08,2025-26,BOS,NYK,0,0.6784956660558222,0.6151567185340195,0.6037668665482008,0.6037625615147314,0.6324560871742736
0022500758,2026-02-08,2025-26,WAS,MIA,0,0.22257545319247563,0.2426106985197132,0.24188811498808963,0.24192630695265874,0.21440876175427065
0022500759,2026-02-08,2025-26,TOR,IND,1,0.6861558508895724,0.6959135826573086,0.6832422969353075,0.6832835487314055,0.6850444028077923
0022500760,2026-02-08,2025-26,MIN,LAC,0,0.6221037478878451,0.610004325494682,0.610597294358756,0.6106077445553678,0.5529558032824073
0022500761,2026-02-09,2025-26,CHA,DET,0,0.49545127992776905,0.48235935876343816,0.4827747598319245,0.4828165834412824,0.44790450016529576
0022500762,2026-02-09,2025-26,BKN,CHI,1,0.5151116254413093,0.39083792418631774,0.3941730612165874,0.39411215348688783,0.4008327077696868
0022500763,2026-02-09,2025-26,MIA,UTA,0,0.7025830707109222,0.6777990292476214,0.6790092590790746,0.6790564708655165,0.6185001097889998
0022500764,2026-02-09,2025-26,ORL,MIL,1,0.5997630020268462,0.6272559681825399,0.6385033638209603,0.6384950683044456,0.6819955116206885
0022500765,2026-02-09,2025-26,MIN,ATL,1,0.5662179520252739,0.7121930219080692,0.7083378791776603,0.7084010624227681,0.632219564738387
0022500766,2026-02-09,2025-26,NOP,SAC,1,0.6601250812966898,0.6821745231649476,0.6800865074736071,0.6800634224867761,0.6604785239009288
0022500767,2026-02-09,2025-26,DEN,CLE,0,0.5059749348097775,0.5391352826914507,0.5463932607707418,0.5463338226821887,0.5830119716208718
0022500768,2026-02-09,2025-26,GSW,MEM,1,0.7759299738729621,0.7912954638885029,0.787395069987024,0.7873784705231928,0.7243552008228281
0022500769,2026-02-09,2025-26,LAL,OKC,0,0.4140045836026147,0.40834052878477706,0.40582803746586443,0.4057850362146945,0.4492505312641946
0022500770,2026-02-09,2025-26,POR,PHI,1,0.41753937114223433,0.47781844935168577,0.5461343481982629,0.5462444735262405,0.5315890811193129
0022500771,2026-02-10,2025-26,NYK,IND,0,0.7859257118342688,0.8251772211342614,0.7965861345401377,0.7966479907254765,0.7649185174012308
0022500772,2026-02-10,2025-26,HOU,LAC,1,0.6351500900160197,0.6307503661068632,0.629587878050462,0.6295777206506808,0.6994177868453535
0022500773,2026-02-10,2025-26,PHX,DAL,1,0.7635514129312914,0.7850895679952565,0.7828577814875409,0.7828472340181427,0.7779434354335819
0022500774,2026-02-10,2025-26,LAL,SAS,0,0.4329755736771074,0.35247212992688154,0.36064536963558774,0.3604366782449522,0.37171468637110283
0022500775,2026-02-11,2025-26,CHA,ATL,1,0.7725483711095426,0.7135621801596277,0.714742839196663,0.7146607388719145,0.7261356393662485
0022500776,2026-02-11,2025-26,CLE,WAS,1,0.8970953999421926,0.9116355206263911,0.9110310433449034,0.9110424911219762,0.8772334318626456
0022500777,2026-02-11,2025-26,ORL,MIL,0,0.697232404921965,0.7335539399207731,0.7315111287048593,0.7315333017631188,0.6918680107879176
0022500778,2026-02-11,2025-26,BOS,CHI,1,0.812345708481558,0.8602914051939489,0.8593412766973624,0.859352654625331,0.8352635370652919
0022500779,2026-02-11,2025-26,BKN,IND,0,0.472012655986294,0.6665680140509019,0.6638474982045591,0.6639308480471553,0.6158696613891601
0022500780,2026-02-11,2025-26,PHI,NYK,0,0.5099880875469843,0.4972234375483609,0.49878628799935787,0.49877573408749737,0.4923743423514154
0022500781,2026-02-11,2025-26,TOR,DET,0,0.3508102380021786,0.39845029717292696,0.39480666617764637,0.39482873607288044,0.43412562049124404
0022500782,2026-02-11,2025-26,HOU,LAC,0,0.6940238800780278,0.6495484051748448,0.6565544227034211,0.656513406977316,0.6544727748259891
0022500783,2026-02-11,2025-26,MIN,POR,1,0.5871202383980657,0.5431753977001843,0.5461851122959392,0.5462517608620084,0.48083626797165574
0022500784,2026-02-11,2025-26,NOP,MIA,0,0.4389894662056829,0.5074851490833863,0.5037346175453411,0.5062292586905636,0.5675045827876674
0022500785,2026-02-11,2025-26,PHX,OKC,0,0.3546851305593915,0.26818424403177754,0.2695780612531498,0.26953655320958836,0.31737683311983345
0022500786,2026-02-11,2025-26,UTA,SAC,1,0.6632513125464102,0.716802534289265,0.7130873383950616,0.7130672838946543,0.7266743344144633
0022500787,2026-02-11,2025-26,DEN,MEM,1,0.7762155027338838,0.7812013342976173,0.7972179757220045,0.7972269973328359,0.8123959672871447
0022500788,2026-02-11,2025-26,GSW,SAS,0,0.5184399878123619,0.4966197577528183,0.49767969561134234,0.497636746405145,0.519173833218282
0022500789,2026-02-12,2025-26,OKC,MIL,0,0.8410225057949086,0.8181418294526821,0.8597884056756163,0.8597769602478444,0.8360752732759504
0022500790,2026-02-12,2025-26,UTA,POR,0,0.4282693602986251,0.34341438784669465,0.3453972616255959,0.34539900454580796,0.3660319207668919
0022500791,2026-02-12,2025-26,LAL,DAL,1,0.6296965020062312,0.7121141532993447,0.7091755831390933,0.7092210103392216,0.7046795435897568
0022500792,2026-02-19,2025-26,CHA,HOU,0,0.5562841831721271,0.5550877356592727,0.557105584023534,0.5571009796369135,0.5372044954303193
0022500793,2026-02-19,2025-26,CLE,BKN,1,0.8810461327035897,0.9003609964567226,0.9003881419430707,0.900365324994494,0.8681886134088916
0022500794,2026-02-19,2025-26,PHI,ATL,0,0.5256533650301524,0.5386121396331033,0.5403084540168875,0.5402959161926019,0.6277314694245127
0022500795,2026-02-19,2025-26,WAS,IND,1,0.49495242170618536,0.4782969048973133,0.4793672641733336,0.47940350059843856,0.3985789151535082
0022500796,2026-02-19,2025-26,NYK,DET,0,0.48049355552453454,0.47897065636926883,0.48149830527371834,0.4814922001968422,0.5355912409932749
0022500797,2026-02-19,2025-26,CHI,TOR,0,0.3155560125847644,0.35588921400135676,0.3576125603564206,0.3576060953531519,0.38740605745795614
0022500798,2026-02-19,2025-26,SAS,PHX,1,0.7004135444593321,0.767134236911324,0.7653458147139985,0.7653433103170401,0.6927630536986437
0022500799,2026-02-19,2025-26,GSW,BOS,0,0.42941897761996417,0.4397404239657037,0.44432716716250403,0.4442910399881433,0.4630665614965881
0022500800,2026-02-19,2025-26,SAC,ORL,0,0.23662422316698303,0.23932391292034172,0.24126346059230444,0.24127057730498194,0.31747568948711746
0022500801,2026-02-19,2025-26,LAC,DEN,1,0.4674727784124035,0.45720917431222413,0.46077486475867,0.4608044187995532,0.4805577891792557
0022500802,2026-02-20,2025-26,CHA,CLE,0,0.48212010184911847,0.480921424717471,0.4817189602726114,0.48175395324483367,0.3850525910426238
0022500803,2026-02-20,2025-26,WAS,IND,1,0.47045408510393155,0.5625262929850072,0.5599065787851141,0.5599828840092121,0.5207925373211179
0022500804,2026-02-20,2025-26,MEM,UTA,1,0.6756512930798588,0.530845194659476,0.5366476896403678,0.5365720871940611,0.5839749877826935
0022500805,2026-02-20,2025-26,ATL,MIA,0,0.42294548244338825,0.4388055502539341,0.4404390098413768,0.424153746544269,0.43618719862132005
0022500806,2026-02-20,2025-26,MIN,DAL,1,0.7363657762542604,0.7641352886523567,0.764453817017723,0.7644884952891873,0.7386844455536077
0022500807,2026-02-20,2025-26,NOP,MIL,0,0.5290280411257626,0.4992535610321382,0.5003359861070806,0.5002355332978616,0.5578682973023662
0022500808,2026-02-20,2025-26,OKC,BKN,1,0.9056516942889907,0.9182230297788821,0.9179832936192031,0.9179987160879998,0.9019591986700758
0022500809,2026-02-20,2025-26,LAL,LAC,1,0.622278126484504,0.6603265590694868,0.6575718956122035,0.6575328236935453,0.6859466169116428
0022500810,2026-02-20,2025-26,POR,DEN,0,0.5111582406820494,0.4946346146621141,0.49470471099163554,0.4947396266188024,0.5657528673607135
0022500811,2026-02-21,2025-26,PHX,ORL,1,0.579377083712911,0.567251900620652,0.5675348401630098,0.5675534065193147,0.5765068156414997
0022500812,2026-02-21,2025-26,NOP,PHI,1,0.3681877782037281,0.390653913973437,0.38974812048110175,0.38974284962372874,0.42264235934273275
0022500813,2026-02-21,2025-26,MIA,MEM,1,0.75786825853144,0.7588199215473408,0.7775337412209025,0.7774902128105093,0.7551344354864802
0022500814,2026-02-21,2025-26,CHI,DET,0,0.19007858827009236,0.19093862337628284,0.1905328189260906,0.19052982409044522,0.19959730205594423
0022500815,2026-02-21,2025-26,SAS,SAC,1,0.9130821173706833,0.9191247000981567,0.9189740582677678,0.9189731004355872,0.9073046818407455
0022500816,2026-02-21,2025-26,NYK,HOU,1,0.5856940903578646,0.5884645754300672,0.5881889565626295,0.5881847179195805,0.5856753786635629
0022500817,2026-02-22,2025-26,OKC,CLE,1,0.5402730688604518,0.5524625551416007,0.5534600454420339,0.5534495487054681,0.5297314276873902
0022500818,2026-02-22,2025-26,ATL,BKN,1,0.7054493758860775,0.7042584016137067,0.7047219130432008,0.7047316113619044,0.6501027570434088
0022500819,2026-02-22,2025-26,MIL,TOR,0,0.43769299164949294,0.5136297830299662,0.5132073490459529,0.5132517795223468,0.48230909441867387
0022500820,2026-02-22,2025-26,GSW,DEN,1,0.44457484258084845,0.39944059408790733,0.3909362590585224,0.3909405982826757,0.3077223373933007
0022500821,2026-02-22,2025-26,IND,DAL,0,0.43481360825261894,0.4483163842990597,0.44949105725519206,0.4546344270146489,0.4853501947277756
0022500822,2026-02-22,2025-26,WAS,CHA,0,0.25715126245363146,0.21289409797961373,0.21304479857023284,0.21301681073015527,0.212146051778426
0022500823,2026-02-22,2025-26,LAL,BOS,0,0.48394454071060183,0.5095937577727789,0.5063854849942985,0.5063080379623573,0.5359397528287275
0022500824,2026-02-22,2025-26,MIN,PHI,0,0.7650099155827319,0.6697448485378705,0.6438586830037958,0.6438381566688163,0.7146907251975972
0022500825,2026-02-22,2025-26,CHI,NYK,0,0.26111847828721046,0.2396230473424678,0.23649698901190427,0.23648586480894707,0.2373515148777965
0022500826,2026-02-22,2025-26,PHX,POR,0,0.5672097504183204,0.46184912771471587,0.43796633432703924,0.4379048174892465,0.4611080058122096
0022500827,2026-02-22,2025-26,LAC,ORL,0,0.7336409378139106,0.7419590000878064,0.7416414601499042,0.7415667928441949,0.7639565146689928
0022500828,2026-02-23,2025-26,DET,SAS,0,0.6034509062926928,0.6085796043406678,0.6075675551341386,0.6075508679214638,0.6090865885352378
0022500829,2026-02-23,2025-26,MEM,SAC,0,0.7083323283928525,0.7003244392063633,0.6706283655055315,0.670666849418538,0.6174966307853591
0022500830,2026-02-23,2025-26,HOU,UTA,1,0.8494601016486164,0.8145392474634776,0.814976369763367,0.8149746917078247,0.7884523758751592
0022500831,2026-02-24,2025-26,IND,PHI,0,0.38630619170200453,0.29031554743836385,0.28192070653232537,0.28187883820176685,0.3284598094273987
0022500832,2026-02-24,2025-26,ATL,WAS,1,0.7442659545679804,0.7521156350330992,0.7517706140587802,0.751768985846887,0.7350292483148841
0022500833,2026-02-24,2025-26,BKN,DAL,0,0.46232231699280735,0.4792359291484716,0.47769067489727157,0.47766441861041814,0.4882391816545062
0022500834,2026-02-24,2025-26,TOR,OKC,0,0.36668920417776973,0.371972020306536,0.36586294431137495,0.36582855441777556,0.3964971506864969
0022500835,2026-02-24,2025-26,CLE,NYK,1,0.576356102894074,0.5798823182871465,0.5798445159100705,0.5798479577522219,0.5756737081933102
0022500836,2026-02-24,2025-26,CHI,CHA,0,0.2824225902909078,0.2669737988552064,0.26626508129426874,0.26627236358505657,0.2674582836559761
0022500837,2026-02-24,2025-26,MIL,MIA,1,0.4093378741629114,0.3813286169694335,0.38194174444356993,0.38195202189187927,0.4155845082245306
0022500838,2026-02-24,2025-26,NOP,GSW,1,0.4011658608528361,0.47613068153400934,0.4719199698262701,0.47190023948319254,0.4833773952990508
0022500839,2026-02-24,2025-26,PHX,BOS,0,0.3026701105373384,0.3094647757960848,0.30905690910636296,0.30913134744739196,0.30664772567371296
0022500840,2026-02-24,2025-26,LAL,ORL,0,0.6369220664219785,0.6690729633390629,0.6664907702879648,0.666418119236467,0.7071514170172571
0022500841,2026-02-24,2025-26,POR,MIN,0,0.5258746452139492,0.491543956570631,0.48708977936553255,0.4870185832063428,0.5059610029591103
0022500842,2026-02-25,2025-26,DET,OKC,1,0.6228248829001103,0.7032761924321688,0.7002652933226322,0.7003153529567032,0.7327875742146546
0022500843,2026-02-25,2025-26,TOR,SAS,0,0.32505808425565724,0.35009951746274437,0.34867575112396304,0.3486536577127599,0.361988198944892
0022500844,2026-02-25,2025-26,MEM,GSW,0,0.38772413829277846,0.4863112679748694,0.44409553128918244,0.44414422927739516,0.39296686089438587
0022500845,2026-02-25,2025-26,HOU,SAC,1,0.878254960483573,0.8763601235887608,0.8767060142479922,0.8766705147457241,0.8798385753518482
0022500846,2026-02-25,2025-26,MIL,CLE,1,0.33088599548240244,0.44267814546031076,0.4372826131746001,0.43738748850174997,0.3825100020147502
0022500847,2026-02-25,2025-26,DEN,BOS,1,0.5882090970799511,0.5846092358718527,0.5830426036311872,0.5829910500461957,0.5663393993592846
0022500848,2026-02-26,2025-26,IND,CHA,0,0.20350514875087017,0.21799528383507347,0.21740467610207367,0.2173729158716784,0.23970006633176524
0022500849,2026-02-26,2025-26,PHI,MIA,1,0.507257254029104,0.5562129740271963,0.5542985090701472,0.5542758983503943,0.5820578679559602
0022500850,2026-02-26,2025-26,ATL,WAS,1,0.762602575824222,0.7026645083262756,0.705144199998188,0.7051044020874632,0.7164304426144056
0022500851,2026-02-26,2025-26,BKN,SAS,0,0.208831766718895,0.21381229070901916,0.21360682072609447,0.213594565978764,0.20061567609047956
0022500852,2026-02-26,2025-26,ORL,HOU,0,0.4851462145879841,0.4958154869862073,0.49640671894692795,0.49639490207624887,0.5020530679943558
0022500853,2026-02-26,2025-26,CHI,POR,0,0.36907400194209233,0.3620541534468011,0.39472715465270664,0.39473870226247915,0.38701520223016395
0022500854,2026-02-26,2025-26,DAL,SAC,0,0.7863589176510075,0.8156158336975773,0.8088694151242566,0.8088571124694884,0.7965941696609576
0022500855,2026-02-26,2025-26,PHX,LAL,1,0.4052010069477812,0.45374138687555904,0.4552187204832496,0.45532896524148897,0.35825908734505435
0022500856,2026-02-26,2025-26,UTA,NOP,0,0.446321620965077,0.3200362673214636,0.3233683913109656,0.32336323198171074,0.3387166785164428
0022500857,2026-02-26,2025-26,LAC,MIN,0,0.5893027982735279,0.49565124645068376,0.4965066850936938,0.4964682500089778,0.4877401241414362
0022500858,2026-02-27,2025-26,DET,CLE,1,0.6459730217624335,0.6942322956306012,0.7031820995329608,0.7032032493431821,0.6387729813056972
0022500859,2026-02-27,2025-26,BOS,BKN,1,0.9048276742043154,0.910308486309229,0.9102585119726795,0.9102666730084498,0.8813156527392654
0022500860,2026-02-27,2025-26,MIL,NYK,0,0.38264581271485487,0.36806053000077277,0.3683466762237153,0.36833882307834753,0.38041058171702213
0022500861,2026-02-27,2025-26,DAL,MEM,0,0.5716301490362129,0.5594503085368636,0.5586169871629258,0.5584984865818969,0.6610342915864215
0022500862,2026-02-27,2025-26,OKC,DEN,1,0.5758215638753083,0.572744414001659,0.5706160389407555,0.5706471383459333,0.6293395344961079
0022500863,2026-02-28,2025-26,CHA,POR,1,0.7283326601758159,0.7345263225652231,0.7241764560364138,0.7241898389427244,0.7013932413447609
0022500864,2026-02-28,2025-26,MIA,HOU,1,0.4385794983461641,0.43073812672717143,0.43096137624117903,0.43098255717295814,0.42225543627365403
0022500865,2026-02-28,2025-26,WAS,TOR,0,0.1979130839366327,0.17309291018620998,0.17477613887021226,0.17481289430837285,0.153957507283462
0022500866,2026-02-28,2025-26,GSW,LAL,0,0.5277811608129181,0.5319509288113954,0.5338700854921202,0.5339164871179638,0.5244223848640237
0022500867,2026-02-28,2025-26,UTA,NOP,0,0.35706670943411867,0.4009089801645162,0.4008088510613832,0.4008801271696301,0.34324089559316157
0022500868,2026-03-01,2025-26,NYK,SAS,1,0.4752009962130619,0.4958627367998014,0.4960230042199222,0.49446402759767455,0.48163882186328955
0022500869,2026-03-01,2025-26,BKN,CLE,0,0.19006832606431226,0.17508844887398314,0.17560380101149586,0.17553721235309852,0.23276503852866923
0022500870,2026-03-01,2025-26,CHI,MIL,1,0.39886133564647147,0.39237967512787675,0.3921652602607129,0.39218486239242484,0.38031331132376506
0022500871,2026-03-01,2025-26,DEN,MIN,0,0.6545451429839958,0.6698454035728031,0.6670452217125394,0.6669650469519697,0.6358004676525184
0022500872,2026-03-01,2025-26,IND,MEM,0,0.5309037366151341,0.49103305845003836,0.4889248321715992,0.48883061307209963,0.5528577320194588
0022500873,2026-03-01,2025-26,ATL,POR,1,0.630001260822723,0.6446840743588781,0.6405286961243396,0.6405529277657229,0.6327657765567705
0022500874,2026-03-01,2025-26,BOS,PHI,1,0.659354801012004,0.7418277354005944,0.7410848850798278,0.7411236981712012,0.7270451405309167
0022500875,2026-03-01,2025-26,ORL,DET,0,0.3353088852730988,0.28685854777278347,0.2877178401855034,0.2876788875289518,0.2874927837291497
0022500876,2026-03-01,2025-26,DAL,OKC,0,0.14368765515602078,0.10442678997910151,0.10629755649716825,0.10629217140092612,0.13716699120093323
0022500877,2026-03-01,2025-26,LAC,NOP,1,0.7451367497417984,0.7122663779128534,0.737212953459241,0.737263646201937,0.7453534072728305
0022500878,2026-03-01,2025-26,LAL,SAC,1,0.8110910175883905,0.8368203285378502,0.8407687580282837,0.8407408367945177,0.8418968352354433
0022500879,2026-03-02,2025-26,WAS,HOU,0,0.17426321809801315,0.17291710906795807,0.16570793690121585,0.1656960465877758,0.17243790178831914
0022500880,2026-03-02,2025-26,MIL,BOS,0,0.26509011846010677,0.31982609274169826,0.3174350446999363,0.3174968954178106,0.336615320344614
0022500881,2026-03-02,2025-26,UTA,DEN,0,0.21940509208599698,0.20159856148822233,0.20384066801671544,0.20388645103505615,0.1557143922226725
0022500882,2026-03-02,2025-26,GSW,LAC,0,0.5808351254976424,0.5274014735144424,0.5292508465032001,0.529253806406933,0.5659129197656142
0022500883,2026-03-03,2025-26,CHA,DAL,1,0.8283040292852313,0.8530847177102632,0.8521684002498893,0.8521707249579363,0.8201782017014211
0022500884,2026-03-03,2025-26,CLE,DET,1,0.4558388658322729,0.46104180745769174,0.46233194115000786,0.4623459706186129,0.4545120828336663
0022500885,2026-03-03,2025-26,ORL,WAS,1,0.8292896244326721,0.8381997435214776,0.8243431625029062,0.8243561060624863,0.7985805313777689
0022500886,2026-03-03,2025-26,MIA,BKN,1,0.7720322980024431,0.7704486690264043,0.77118622924985,0.7712202659768049,0.763066291243735
0022500887,2026-03-03,2025-26,TOR,NYK,0,0.45343448828313065,0.4410801783296518,0.439199806345801,0.4391729773462555,0.428218950232827
0022500888,2026-03-03,2025-26,PHI,SAS,0,0.37108350715177874,0.3611073821327272,0.3607029546295121,0.3606733173551542,0.33184712538928085
0022500889,2026-03-03,2025-26,CHI,OKC,0,0.16407630801073472,0.24041310614921,0.23789532649077277,0.2379404530413688,0.20823708146957806
0022500890,2026-03-03,2025-26,MIN,MEM,1,0.7938230994291426,0.7943878859836871,0.8197838052871561,0.8320469643946568,0.8040020764679252
0022500891,2026-03-03,2025-26,LAL,NOP,1,0.7423884320690646,0.7561407014655042,0.7529235015285652,0.7529055550553581,0.7582521699634506
0022500892,2026-03-03,2025-26,SAC,PHX,0,0.2752945974654896,0.2812024496534873,0.2818629848077624,0.281839102816019,0.22279965601081328
0022500893,2026-03-04,2025-26,NYK,OKC,0,0.5493357007832668,0.5732376130099637,0.5721795256614327,0.5721216279199619,0.49842517818611876
0022500894,2026-03-04,2025-26,BOS,CHA,0,0.7156771326860359,0.7256882566561574,0.7252531099708094,0.7252627045838269,0.7226211983736027
0022500895,2026-03-04,2025-26,PHI,UTA,1,0.7050102097819578,0.6744790162642039,0.674345873845018,0.6743230621435795,0.6964950596652942
0022500896,2026-03-04,2025-26,MEM,POR,0,0.3912173653951116,0.273347139464936,0.2810029576457012,0.28098652049966927,0.287777167067049
0022500897,2026-03-04,2025-26,MIL,ATL,0,0.4620784780451737,0.4673518113932427,0.46735785753382236,0.46729672501577196,0.462349553442514
0022500898,2026-03-04,2025-26,LAC,IND,1,0.8496120866118096,0.8238418573122755,0.8237581719401572,0.8237811482943094,0.744231529917243
0022500899,2026-03-05,2025-26,ORL,DAL,1,0.7072647066823918,0.7254765038700854,0.7239115217754444,0.7239579350076204,0.6707477186428019
0022500900,2026-03-05,2025-26,WAS,UTA,0,0.6414380958453556,0.666879217588927,0.6644588561199889,0.6644652310248943,0.6342437018445359
0022500901,2026-03-05,2025-26,MIA,BKN,1,0.8051598286289282,0.7985599833134248,0.7995894654009017,0.7995889060969459,0.7949292117170478
0022500902,2026-03-05,2025-26,HOU,GSW,0,0.6824282217509434,0.7376165646443912,0.7360630664979302,0.7360783472865582,0.7115757209305147
0022500903,2026-03-05,2025-26,MIN,TOR,1,0.5896760975531824,0.5634500794620907,0.5646036713445435,0.5646629652990044,0.5214110975473095
0022500904,2026-03-05,2025-26,SAS,DET,1,0.5109793531720679,0.5249216738130519,0.5258028411998519,0.5258124125899241,0.4964512709533566
0022500905,2026-03-05,2025-26,PHX,CHI,0,0.7204694819518276,0.7591166987115694,0.7577642361400984,0.7578002906332606,0.7024293802624962
0022500906,2026-03-05,2025-26,DEN,LAL,1,0.5635501037312889,0.5625734087596133,0.5628369806332465,0.5628605535566316,0.5367553457561872
0022500907,2026-03-05,2025-26,SAC,NOP,0,0.3209103556983297,0.38613682294617707,0.3505457995119347,0.35062161970362277,0.33889720631230513
0022500908,2026-03-06,2025-26,BOS,DAL,1,0.8616961301199266,0.8749456182377171,0.8747888124717236,0.8747905891735455,0.8802487367547905
0022500909,2026-03-06,2025-26,CHA,MIA,0,0.7327654787314742,0.7683980664226009,0.7676572711691063,0.7676820029229382,0.7555679987203262
0022500910,2026-03-06,2025-26,HOU,POR,1,0.6523627909512739,0.6459270635776597,0.6085465952849524,0.6085354272512241,0.6185451640958769
0022500911,2026-03-06,2025-26,DEN,NYK,0,0.4025046342506804,0.452875590111539,0.4346337395084747,0.43463158814137326,0.42134876458180726
0022500912,2026-03-06,2025-26,PHX,NOP,1,0.6844802470921494,0.6682925432668526,0.6835718806461222,0.6835755183353193,0.6603714649827344
0022500913,2026-03-06,2025-26,SAS,LAC,1,0.636348556968429,0.6325448559824173,0.6350186907807187,0.6351115614134075,0.5704541668702356
0022500914,2026-03-06,2025-26,LAL,IND,1,0.784994501651856,0.7972027233076667,0.7959021229757436,0.7958351827151775,0.777839084811483
0022500915,2026-03-07,2025-26,MIN,ORL,0,0.623493837192756,0.6270505147229488,0.6276387090664515,0.6276269561591327,0.6374200258017546
0022500916,2026-03-07,2025-26,DET,BKN,0,0.8943224709841272,0.8672038361556696,0.8684590289872706,0.8684311283502952,0.8949137391673263
0022500917,2026-03-07,2025-26,ATL,PHI,1,0.6717238893266453,0.6798410991453868,0.6785034504321147,0.6784666738541647,0.6400314484171555
0022500918,2026-03-07,2025-26,MEM,LAC,0,0.3111762857153555,0.281062644240232,0.27022438545659405,0.27026489896583034,0.2961856499823559
0022500919,2026-03-07,2025-26,MIL,UTA,1,0.7095775822587806,0.7417283510575543,0.7392041365791537,0.7392135213998068,0.7276392130123472
0022500920,2026-03-07,2025-26,OKC,GSW,1,0.8029534858975422,0.7681576084928935,0.7680505873240945,0.7680060945273722,0.7829584304159649
0022500921,2026-03-08,2025-26,CLE,BOS,0,0.5393570644996524,0.5172194301508024,0.5236003579754244,0.523617602673209,0.4817781257765533
0022500922,2026-03-08,2025-26,LAL,NYK,1,0.40659167089209614,0.4163437326741473,0.4075682472937082,0.4178339325907305,0.43623793737889877
0022500923,2026-03-08,2025-26,MIA,DET,1,0.49462879962625117,0.5219020502226077,0.5223214586268612,0.5223345228000204,0.49041119399276106
0022500924,2026-03-08,2025-26,TOR,DAL,1,0.7431420226143525,0.7834543086888183,0.7712568533358128,0.7712480253257958,0.7758526843366613
0022500925,2026-03-08,2025-26,NOP,WAS,1,0.746504626636283,0.7583995564588732,0.7580141589308715,0.7579907680206289,0.7687095096270943
0022500926,2026-03-08,2025-26,MIL,ORL,0,0.44673747500388394,0.41182433768868043,0.404940984620774,0.4048880875218348,0.4217241365115937
0022500927,2026-03-08,2025-26,SAS,HOU,1,0.6657103418389202,0.6705348143055272,0.6701836566054024,0.6701899265959568,0.6291112967661153
0022500928,2026-03-08,2025-26,PHX,CHA,1,0.3537651342099886,0.3330655473743093,0.3340384941374819,0.3339950436157138,0.3950040139795782
0022500929,2026-03-08,2025-26,POR,IND,1,0.7034289000870134,0.7354063822371635,0.71659300039428,0.7166083148290424,0.7117307768380542
0022500930,2026-03-08,2025-26,SAC,CHI,1,0.3620557075971207,0.318236260324396,0.32001637807067684,0.32001165159576656,0.3306648704271957
0022500931,2026-03-09,2025-26,CLE,PHI,1,0.7133770704501327,0.787116797397809,0.7847756739630529,0.7847871391246728,0.7959587067211844
0022500932,2026-03-09,2025-26,BKN,MEM,1,0.5079512553601755,0.5357155603807918,0.5315842910467713,0.531586810822419,0.4635439065645789
0022500933,2026-03-09,2025-26,OKC,DEN,1,0.702573572663067,0.6820429553396078,0.6826549790201705,0.6826712574994617,0.6728805483200542
0022500934,2026-03-09,2025-26,UTA,GSW,1,0.27880121342623226,0.3580343014171795,0.3562686065761512,0.3562697344305392,0.312463266776713
0022500935,2026-03-09,2025-26,LAC,NYK,1,0.47792237248730546,0.4914881910737162,0.4919169088653932,0.49193143039441883,0.5176494934659742
0022500936,2026-03-10,2025-26,PHI,MEM,1,0.6571281692594283,0.7200584127688133,0.7207184510445972,0.7207199113011187,0.7056941444752538
0022500937,2026-03-10,2025-26,BKN,DET,0,0.12249661181849698,0.08703266935033532,0.08822053361203466,0.08821869029255058,0.1548201297755933
0022500938,2026-03-10,2025-26,MIA,WAS,1,0.8847272102138609,0.89182583399993,0.918815429501647,0.9188111318277925,0.8932878667863379
0022500939,2026-03-10,2025-26,ATL,DAL,1,0.7524772306275306,0.7577828352807396,0.7569230896490003,0.7569269766453319,0.7508748581874239
0022500940,2026-03-10,2025-26,HOU,TOR,1,0.5822939042440811,0.6059470919834182,0.6060402182609794,0.606097129823406,0.5787233957589445
0022500941,2026-03-10,2025-26,MIL,PHX,0,0.3306715626388518,0.33893984023387586,0.3403153220961914,0.34023913658632804,0.43957413296433206
0022500942,2026-03-10,2025-26,SAS,BOS,1,0.5501604588380898,0.5939522834248421,0.5940766144707875,0.5941518375175924,0.5683593002197156
0022500943,2026-03-10,2025-26,GSW,CHI,0,0.6159195211353503,0.6499278950427029,0.6832368248981507,0.6832917158235859,0.6717444512538638
0022500944,2026-03-10,2025-26,POR,CHA,0,0.33791338925827225,0.3812630770701826,0.37972816652976854,0.3797322739950782,0.3681574728666547
0022500945,2026-03-10,2025-26,SAC,IND,1,0.4907657869376835,0.6541556984793225,0.6506184919890897,0.6506845334213596,0.5777406054031544
0022500946,2026-03-10,2025-26,LAL,MIN,1,0.6412824244712514,0.6654948851748644,0.6563578600919981,0.6411409112966343,0.6380008536811329
0022500947,2026-03-11,2025-26,ORL,CLE,1,0.46733234937416995,0.4532150803987016,0.4523219252441593,0.45231791041653985,0.4533420977096027
0022500948,2026-03-11,2025-26,NOP,TOR,1,0.5040859826950269,0.4687016851094855,0.47025110192877023,0.4702130085429474,0.48053497655698996
0022500949,2026-03-11,2025-26,UTA,NYK,0,0.14697432480214648,0.1127959273120624,0.11396026886479488,0.1139686089853688,0.11344732704720707
0022500950,2026-03-11,2025-26,DEN,HOU,1,0.6486808267867323,0.6724696764150374,0.6709933323074716,0.670969198839044,0.6142228359503785
0022500951,2026-03-11,2025-26,SAC,CHA,0,0.1659403210950975,0.11466211386382563,0.11619532751980226,0.11618364250609402,0.12893993119838076
0022500952,2026-03-11,2025-26,LAC,MIN,1,0.7189694810798901,0.7004946946424159,0.699882170101666,0.6998955858719562,0.634396789610584
0022500953,2026-03-12,2025-26,DET,PHI,1,0.7827802005898346,0.8363547116342477,0.8312562140828396,0.8312818941559124,0.8100677820331555
0022500954,2026-03-12,2025-26,IND,PHX,0,0.20609185409494674,0.15423024027698543,0.15587219421951562,0.15585977590395364,0.21630777673442655
0022500955,2026-03-12,2025-26,ORL,WAS,1,0.8575674154454244,0.8707932017688845,0.869959309433063,0.8699525477550054,0.8600876779025317
0022500956,2026-03-12,2025-26,ATL,BKN,1,0.805092061537168,0.8462194034835185,0.8447438092367013,0.8447545837704452,0.8044852542812105
0022500957,2026-03-12,2025-26,MIA,MIL,1,0.7527625007613379,0.7334838844295446,0.7403441788521773,0.7403694537639716,0.7142650630680191
0022500958,2026-03-12,2025-26,SAS,DEN,0,0.7444134051362095,0.701693335002303,0.6875930066118521,0.6876231096606705,0.6706941337775325
0022500959,2026-03-12,2025-26,OKC,BOS,1,0.6478984575169061,0.7653208418496376,0.7608297748510333,0.7608695628790737,0.7152839766241377
0022500960,2026-03-12,2025-26,LAL,CHI,1,0.7906372895207818,0.8290737376114599,0.821928084650397,0.8219186553609409,0.8346052576428974
0022501111,2026-03-12,2025-26,MEM,DAL,0,0.5182418750005071,0.436173429255357,0.4131370566019443,0.41314955491991523,0.42376286800152735
0022500961,2026-03-13,2025-26,DET,MEM,1,0.8982816015295825,0.9123406954403249,0.9198902413729398,0.9198920861333303,0.8700966056231916
0022500962,2026-03-13,2025-26,IND,NYK,0,0.09861670221033758,0.14019531217916656,0.13886205619718864,0.13884305763189775,0.1828229586448782
0022500963,2026-03-13,2025-26,TOR,PHX,1,0.6304808178825877,0.6180168466601199,0.6176114220284771,0.6175706045484145,0.6088550256633696
0022500964,2026-03-13,2025-26,HOU,NOP,1,0.6733761495200575,0.5943728902555768,0.5980337717160729,0.5980339705629375,0.6484058019461344
0022500965,2026-03-13,2025-26,DAL,CLE,0,0.188902079953655,0.17388743514371152,0.1951708777129628,0.19513613483331474,0.2378384732551978
0022500966,2026-03-13,2025-26,GSW,MIN,0,0.4676381854227768,0.521197672384525,0.4760586444596468,0.4760238410855937,0.4722460806284299
0022500967,2026-03-13,2025-26,POR,UTA,1,0.8008745584433009,0.8220233002785229,0.8100356659964218,0.810012306280467,0.8140882418439572
0022500968,2026-03-13,2025-26,LAC,CHI,1,0.8479597159486839,0.8756608296248728,0.8751768126784106,0.875153545195954,0.8883481593277208
0022500969,2026-03-14,2025-26,PHI,BKN,1,0.7069921572928162,0.7438945022683745,0.7364458970660794,0.7365096050036631,0.6448775968631485
0022500970,2026-03-14,2025-26,ATL,MIL,1,0.6708545257479999,0.7229774878434384,0.722370879011253,0.7224356408384356,0.7182971972020323
0022500971,2026-03-14,2025-26,BOS,WAS,1,0.9004546321880037,0.9286122010385899,0.9279554614863489,0.9279593664708685,0.9286706991010466
0022500972,2026-03-14,2025-26,MIA,ORL,0,0.5870554028197477,0.6142119962390103,0.602250713934467,0.6123257852619964,0.5925362485181995
0022500973,2026-03-14,2025-26,SAS,CHA,1,0.5854875444114076,0.5689769946861386,0.5751450682535599,0.5751312199626637,0.6355192264205762
0022500974,2026-03-14,2025-26,LAL,DEN,1,0.5333798716159772,0.5456516862711628,0.5441176593090638,0.544104683753786,0.5282644066078267
0022500975,2026-03-14,2025-26,LAC,SAC,0,0.8622060067367088,0.8777808539647616,0.8769695289774077,0.8769486460955925,0.8605930777921977
0022500976,2026-03-15,2025-26,OKC,MIN,1,0.7792459786670367,0.7958970712318565,0.7966344695532124,0.7966192919602074,0.8155845156337321
0022500977,2026-03-15,2025-26,CLE,DAL,0,0.8400030337903351,0.8333224758289116,0.8292191802092793,0.8292117060477284,0.8361417950533235
0022500978,2026-03-15,2025-26,TOR,DET,1,0.42351814343046723,0.4531095125222332,0.44949461517199363,0.4494782395988769,0.3736000841672647
0022500979,2026-03-15,2025-26,MIL,IND,1,0.5635660845012884,0.6453687772498178,0.6448003328455048,0.6473099739763506,0.6522938136011905
0022500980,2026-03-15,2025-26,PHI,POR,1,0.43984156130682467,0.4208677372760385,0.41636855567051373,0.41640310842428324,0.34074731658581536
0022500981,2026-03-15,2025-26,NYK,GSW,1,0.7613481002708946,0.8806191404118142,0.8775084395755733,0.8775305096182745,0.8760441137557032
0022500982,2026-03-15,2025-26,SAC,UTA,1,0.522824197512431,0.5463227889456954,0.5432736220646179,0.5433193303314192,0.5060896686022698
0022500983,2026-03-16,2025-26,ATL,ORL,1,0.5051610180536807,0.5247387484868185,0.5242902049708466,0.5242868584823485,0.5512154828082002
0022500984,2026-03-16,2025-26,WAS,GSW,0,0.4029904971801391,0.38841052096612033,0.38748761850579977,0.3874644148020317,0.35189425784792444
0022500985,2026-03-16,2025-26,BKN,POR,0,0.40947286136275685,0.34251212431282513,0.34509142283578587,0.34509957964946814,0.3461935643778239
0022500986,2026-03-16,2025-26,BOS,PHX,1,0.6837610520402501,0.6984069289455751,0.6983025227668547,0.6982932240375411,0.7275901194446127
0022500987,2026-03-16,2025-26,CHI,MEM,1,0.5707441533619747,0.6617260175311276,0.6644059074397578,0.6798608217170407,0.6425648731729451
0022500988,2026-03-16,2025-26,NOP,DAL,1,0.7220163658446312,0.7265059731017576,0.7060193868860868,0.7059897342118778,0.7001716398342738
0022500989,2026-03-16,2025-26,HOU,LAL,0,0.45633558215875714,0.4460974334911901,0.4482714524948973,0.448316518414498,0.3987566332155487
0022500990,2026-03-16,2025-26,LAC,SAS,0,0.37578988085735904,0.3118460997665226,0.3140383393582236,0.31404082645576986,0.3057931127146827
0022500991,2026-03-17,2025-26,CHA,MIA,1,0.6001706648740147,0.6517765624266112,0.6497996604131906,0.6498468347481399,0.601428583695143
0022500992,2026-03-17,2025-26,ORL,OKC,0,0.2525414940564954,0.23580470031107442,0.2369941801324003,0.23703136136693598,0.24188531097821378
0022500993,2026-03-17,2025-26,WAS,DET,0,0.08845317510078707,0.07292303479157679,0.07376043629118412,0.07374788387732789,0.08770773814256234
0022500994,2026-03-17,2025-26,NYK,IND,1,0.9150714241961444,0.9071829240785289,0.9072764840305843,0.9072841733027576,0.87920349649422
0022500995,2026-03-17,2025-26,MIL,CLE,0,0.2997330697905871,0.23664131515160045,0.231659217504971,0.23158996932368578,0.3055600367838957
0022500996,2026-03-17,2025-26,MIN,PHX,1,0.6029439241200115,0.5730628368827183,0.5565585955050845,0.5565649792022159,0.6074039128244556
0022500997,2026-03-17,2025-26,DEN,PHI,1,0.7878409773309519,0.8142279848541083,0.8117332691353539,0.8116880639348272,0.7905022073590507
0022500998,2026-03-17,2025-26,SAC,SAS,0,0.18840452571592467,0.19741643935469558,0.19678089846729505,0.1967975422000716,0.17724573943287927
0022500651,2026-03-18,2025-26,MEM,DEN,1,0.2234406982389553,0.20042584458642332,0.1765943197129836,0.17660767279145592,0.16333132293209557
0022500999,2026-03-18,2025-26,BOS,GSW,1,0.800799797840222,0.8121233091244628,0.8103817070607899,0.8103621870722374,0.7992936985435382
0022501000,2026-03-18,2025-26,BKN,OKC,0,0.1174202938208526,0.14671159341713108,0.14373809940368568,0.14375861322331818,0.14256632233436217
0022501001,2026-03-18,2025-26,IND,POR,0,0.24418415690035802,0.16401783454525992,0.21293889078499692,0.21294332761167853,0.19443389497479294
0022501002,2026-03-18,2025-26,CHI,TOR,0,0.32080425250245537,0.31593581343115495,0.3180262902787801,0.3180480703076264,0.3250057835374417
0022501004,2026-03-18,2025-26,MIN,UTA,1,0.7923117192879375,0.7682070085518606,0.7679148457027237,0.7679186394379356,0.7743817559754527
0022501005,2026-03-18,2025-26,NOP,LAC,1,0.44245895255805345,0.4500731243966062,0.4474824262714019,0.4475194091274005,0.43707485915665906
0022501006,2026-03-18,2025-26,DAL,ATL,0,0.2801030684129716,0.2691009749414326,0.2706433639194181,0.2706050941215458,0.29081712671900267
0022501007,2026-03-18,2025-26,HOU,LAL,0,0.43147419242783924,0.421202616790423,0.4237107332538333,0.4237570939817678,0.40958733183747664
0022501008,2026-03-19,2025-26,CHA,ORL,1,0.6581911106384434,0.6929197272461864,0.6913405558998831,0.6913825184999162,0.7090643674664094
0022501009,2026-03-19,2025-26,WAS,DET,0,0.11523662391933666,0.12565816650853817,0.12526460786855986,0.12528705516274194,0.10237342386261253
0022501010,2026-03-19,2025-26,MIA,LAL,0,0.5160928220802925,0.4859399986948665,0.4694668300268659,0.46946098854123686,0.47819958899762804
0022501011,2026-03-19,2025-26,CHI,CLE,0,0.21046408341087275,0.2098595740910661,0.2429358806139361,0.2429224380104775,0.2514504160896499
0022501012,2026-03-19,2025-26,NOP,LAC,1,0.4747877872488717,0.5753735650001411,0.57143820641105,0.5714288572447288,0.5481503695081416
0022501013,2026-03-19,2025-26,SAS,PHX,1,0.7626759221523288,0.8126831056369668,0.8117417542743619,0.81174992487088,0.8174389180527417
0022501014,2026-03-19,2025-26,UTA,MIL,1,0.33888462306849965,0.29373525667739525,0.29620972148722985,0.2961951933255915,0.3323119339068024
0022501015,2026-03-19,2025-26,SAC,PHI,0,0.4045397203644405,0.43845421583950805,0.4372747342508444,0.43717145690021375,0.5151515879890712
0022501016,2026-03-20,2025-26,BKN,NYK,0,0.141494928921231,0.13380638763663646,0.12438963619063273,0.12438295624901358,0.12015548017445513
0022501017,2026-03-20,2025-26,DET,GSW,1,0.7529107884398322,0.7861977864046567,0.784866040426125,0.7629127722506627,0.770374642601012
0022501018,2026-03-20,2025-26,HOU,ATL,1,0.5394931307858375,0.5721952417671068,0.5711786604222225,0.5711910396807196,0.5124578189429183
0022501019,2026-03-20,2025-26,MEM,BOS,0,0.17168652677986937,0.13022594815563174,0.1324192477949192,0.13240900304010714,0.12490261493895338
0022501020,2026-03-20,2025-26,MIN,POR,0,0.6146193721573028,0.6079309257593697,0.6093259459026744,0.6093481238719274,0.5643858249477123
0022501021,2026-03-20,2025-26,DEN,TOR,1,0.6364124261662445,0.6169588698058801,0.6172667571240837,0.6172720035944198,0.5577385419417531
0022501022,2026-03-21,2025-26,WAS,OKC,0,0.07734348523500317,0.05832127117641744,0.05900215655658907,0.05900180651976874,0.060966459081282925
0022501023,2026-03-21,2025-26,CHA,MEM,1,0.8998709181374335,0.9259829746013973,0.9251942295294074,0.9251884647004922,0.9246175279035345
0022501024,2026-03-21,2025-26,ORL,LAL,0,0.3673788066251162,0.3658369424280969,0.36936792689530673,0.36937002069548,0.33951028170905756
0022501025,2026-03-21,2025-26,NOP,CLE,0,0.4023447805507322,0.42155840066758227,0.4070761398631547,0.4070903525161856,0.41083883734578486
0022501026,2026-03-21,2025-26,ATL,GSW,1,0.6939002569555502,0.7104053913279359,0.7088264263165948,0.7088238991140455,0.7271031221200441
0022501027,2026-03-21,2025-26,HOU,MIA,1,0.48699550850727696,0.5609400334792615,0.5585760118734886,0.558603598984328,0.5470396514908925
0022501028,2026-03-21,2025-26,SAS,IND,1,0.935455967320083,0.9528259782250315,0.9305296810422489,0.9330031245022191,0.9034209719059053
0022501029,2026-03-21,2025-26,DAL,LAC,0,0.37609429171388764,0.33572640348290633,0.3349820006176133,0.3349755191030659,0.2834235423609334
0022501030,2026-03-21,2025-26,UTA,PHI,0,0.4268283991866159,0.4687740341776913,0.4669467527777685,0.46688690101463104,0.4616645089892727
0022501031,2026-03-21,2025-26,PHX,MIL,0,0.7491460320370077,0.7622228203509261,0.7618804442612697,0.7619041818176397,0.7341482157912388
0022501032,2026-03-22,2025-26,DEN,POR,1,0.6878532361654649,0.6832753162571612,0.6832013929473323,0.6832725006963831,0.6209380728823873
0022501033,2026-03-22,2025-26,SAC,BKN,1,0.598250976507414,0.5660332082056315,0.5361454680884584,0.5361176652167295,0.5399461967067702
0022501034,2026-03-22,2025-26,NYK,WAS,1,0.9451805415019098,0.9553185365798691,0.9554602935139471,0.9554583435097366,0.949190979979789
0022501035,2026-03-22,2025-26,BOS,MIN,0,0.7357138687665772,0.7312211333264483,0.7296829072841865,0.7296694747349209,0.7239842584922712
0022501036,2026-03-22,2025-26,PHX,TOR,1,0.3805781044346144,0.3931898434445444,0.3840266119566309,0.38406663825422793,0.3711062496069623
0022501037,2026-03-23,2025-26,ATL,MEM,1,0.8160597201054821,0.8634611864941657,0.8626738653777136,0.8626806919984519,0.8162033234796873
0022501038,2026-03-23,2025-26,DET,LAL,1,0.5680284606329753,0.6449006459360227,0.6438877989819926,0.643978501533368,0.626883183843062
0022501039,2026-03-23,2025-26,ORL,IND,0,0.8127806073038796,0.8149953724428554,0.7630281261660216,0.7630490700893298,0.691263198664877
0022501040,2026-03-23,2025-26,PHI,OKC,0,0.19272575635784392,0.15593066322153742,0.15771391317293235,0.15774587691608558,0.14502662018646528
0022501041,2026-03-23,2025-26,MIA,SAS,0,0.33793038419802574,0.3573694799817964,0.35707989577673804,0.35706458490064885,0.35960232013905524
0022501042,2026-03-23,2025-26,CHI,HOU,1,0.28611170021220006,0.2756531330492765,0.2759028590300807,0.2777930712518463,0.2823835443496674
0022501043,2026-03-23,2025-26,UTA,TOR,0,0.34885799892472774,0.3905406344298907,0.3898764768291892,0.38989466826931474,0.40131553852336155
0022501044,2026-03-23,2025-26,DAL,GSW,0,0.4794239744635215,0.4972633946400585,0.48860013195083263,0.48860578573134006,0.44532838977944433
0022501045,2026-03-23,2025-26,POR,BKN,1,0.8167849162619809,0.8521633374581064,0.8504329214219997,0.8504454350727092,0.8127437582655225
0022501046,2026-03-23,2025-26,LAC,MIL,1,0.7855158373809603,0.8066083876237922,0.805804484050859,0.8058126402354804,0.7704290709256567
0022501047,2026-03-24,2025-26,CHA,SAC,1,0.8976162569151248,0.924105506599936,0.922831812314518,0.9228671844648422,0.8694889658611624
0022501048,2026-03-24,2025-26,NYK,NOP,1,0.7518050380747502,0.7629962574671547,0.7620464980250004,0.7622645315725576,0.777182531665162
0022501049,2026-03-24,2025-26,CLE,ORL,1,0.7739762954721837,0.766101962199177,0.7657753381716874,0.765756343796737,0.7679059189913968
0022501050,2026-03-24,2025-26,PHX,DEN,0,0.43272319291154904,0.415401957242059,0.412123206174787,0.4121681153812918,0.36964138730380924
0022501051,2026-03-25,2025-26,DET,ATL,0,0.7218977259619721,0.7120602876713285,0.7108526339822616,0.710834331660936,0.7176775165251409
0022501052,2026-03-25,2025-26,IND,LAL,0,0.21046280405295154,0.21641884513812748,0.21558373092512398,0.21559126601658127,0.17329716285352811
0022501053,2026-03-25,2025-26,PHI,CHI,1,0.5524227591762809,0.6261141690776518,0.6422620593480749,0.6422724016635434,0.6624787163520903
0022501054,2026-03-25,2025-26,BOS,OKC,1,0.45252079894775543,0.448185940141124,0.44787392739735216,0.4478713313322911,0.44234349372871046
0022501055,2026-03-25,2025-26,CLE,MIA,0,0.6068395088741219,0.6012042811063266,0.5601513588344192,0.5601003026894266,0.5765194103373146
0022501056,2026-03-25,2025-26,MEM,SAS,0,0.11207559702679457,0.07895259306949017,0.07721776134584468,0.07722190149964867,0.10407779343731384
0022501057,2026-03-25,2025-26,UTA,WAS,0,0.6664660989910757,0.6627320538078962,0.6638550633509587,0.6637808348790725,0.7038662035423278
0022501058,2026-03-25,2025-26,MIN,HOU,1,0.5440147870562085,0.5701281271621566,0.56986181319894,0.5698023252502158,0.628043468870625
0022501059,2026-03-25,2025-26,DEN,DAL,1,0.8166149197171614,0.8413686565119872,0.8226826579136208,0.8226903513162389,0.8125353216123393
0022501060,2026-03-25,2025-26,GSW,BKN,1,0.7826308459312218,0.7491031821519326,0.7501672321895173,0.75017137264859,0.7251648190570189
0022501061,2026-03-25,2025-26,POR,MIL,1,0.7486509461537493,0.7879713391847027,0.7922743737889986,0.7923015760714568,0.744976530860301
0022501062,2026-03-25,2025-26,LAC,TOR,1,0.6308796360063117,0.6030825049698343,0.6027855529503469,0.6027369599686062,0.571284618715764
0022501063,2026-03-26,2025-26,CHA,NYK,1,0.5081840517700306,0.5185923048548174,0.5198001378905036,0.5198210308132912,0.5040197905719936
0022501064,2026-03-26,2025-26,DET,NOP,1,0.7398396319341448,0.7251440359559608,0.7360788810191785,0.7265511840923217,0.6713971716645994
0022501065,2026-03-26,2025-26,ORL,SAC,1,0.8041907376011,0.8131403990659172,0.813495189474437,0.8134896903849017,0.8001142619463228
0022501066,2026-03-27,2025-26,IND,LAC,0,0.22836026747558508,0.2446293937505297,0.2434049175807087,0.24336829156078177,0.23821475558701122
0022501067,2026-03-27,2025-26,BOS,ATL,1,0.6682833167882997,0.6800602799570431,0.6797969327515828,0.6797590220632025,0.6963361113117428
0022501068,2026-03-27,2025-26,CLE,MIA,1,0.5638874927727415,0.6227686411791669,0.622200410704571,0.6221904983123943,0.6123965379376087
0022501069,2026-03-27,2025-26,MEM,HOU,0,0.19822369574082124,0.1870278640610475,0.18872004977441373,0.18876749013866567,0.16030316906867065
0022501070,2026-03-27,2025-26,OKC,CHI,1,0.8931621410004124,0.897941835053224,0.8970943645864764,0.8971148878251402,0.882606481334515
0022501071,2026-03-27,2025-26,TOR,NOP,1,0.6708057821290033,0.7107646618272353,0.7102441733437517,0.7102716887393445,0.6824862237515137
0022501072,2026-03-27,2025-26,DEN,UTA,1,0.8902254586850871,0.9085492094746173,0.9077431414160948,0.907743573744324,0.9170744018438315
0022501073,2026-03-27,2025-26,GSW,WAS,1,0.7604350477273127,0.7672122709376473,0.7671426560685846,0.7671549884802761,0.7344011100830018
0022501074,2026-03-27,2025-26,POR,DAL,0,0.7323224164490097,0.7886234899085194,0.7861453551102945,0.7861595820644242,0.7942409045836563
0022501075,2026-03-27,2025-26,LAL,BKN,1,0.8905746050092879,0.9005067099457299,0.8997115401592642,0.8997025672206185,0.9088965735648002
0022501076,2026-03-28,2025-26,MIL,SAS,0,0.13576007816796193,0.1439467764461353,0.14319575129607667,0.14316654598703846,0.14109056943122622
0022501077,2026-03-28,2025-26,CHA,PHI,0,0.7703439071616276,0.7344766308052442,0.7366911324019035,0.7367098819674761,0.6958793740098974
0022501078,2026-03-28,2025-26,ATL,SAC,1,0.8158160060367808,0.7392670795934354,0.7416965764912545,0.7416243407487526,0.79829470391963
0022501079,2026-03-28,2025-26,MEM,CHI,1,0.409628236199505,0.33458567484151336,0.3435731860672017,0.34360031988363576,0.31442044749593545
0022501080,2026-03-28,2025-26,MIN,DET,0,0.46903553373966256,0.4413481737599289,0.44003252405405946,0.43996901215198864,0.4621500797071093
0022501081,2026-03-28,2025-26,PHX,UTA,1,0.8816960846380921,0.8794847012757214,0.8790788442979133,0.8790678653342113,0.865411743677163
0022501082,2026-03-29,2025-26,MIL,LAC,0,0.18697946388043216,0.17285807617437848,0.17290729394131782,0.17287525589261254,0.21439641099411508
0022501083,2026-03-29,2025-26,IND,MIA,1,0.2742920643666427,0.20027862886687411,0.2952724573041333,0.29516164228886593,0.33837825598101845
0022501084,2026-03-29,2025-26,BKN,SAC,1,0.6060794835513216,0.6724686038460411,0.6716085690422527,0.6715777917116248,0.6495712555557116
0022501085,2026-03-29,2025-26,CHA,BOS,0,0.45041723632197417,0.5325782777929041,0.5307272358809805,0.5307605889017513,0.5394339112194252
0022501086,2026-03-29,2025-26,TOR,ORL,1,0.5424766855983656,0.5340190875508646,0.559631334078547,0.49310637345815295,0.5477732493178389
0022501087,2026-03-29,2025-26,POR,WAS,1,0.8197683857701645,0.8519916647114847,0.8563526740831156,0.8563390580045771,0.8185410175461767
0022501088,2026-03-29,2025-26,NOP,HOU,0,0.4045708561858704,0.43373361630964047,0.4284490981203537,0.4284330673241525,0.41532469525958365
0022501089,2026-03-29,2025-26,OKC,NYK,1,0.6206052603532937,0.6378316309971649,0.6477780048395635,0.6477659850695197,0.6712983252736378
0022501090,2026-03-29,2025-26,DEN,GSW,1,0.7800750322897531,0.7830585164901384,0.7818630290482824,0.781846434169399,0.7476392175593047
0022501091,2026-03-30,2025-26,MIA,PHI,1,0.45276401991200854,0.4331512616804217,0.43530539248293854,0.43535114333048097,0.4305932196216844
0022501092,2026-03-30,2025-26,ATL,BOS,1,0.49444054318528485,0.4490596675318778,0.44867628750902183,0.44877360442078257,0.5467149835732943
0022501093,2026-03-30,2025-26,MEM,PHX,0,0.23493349885694897,0.19252880232571265,0.20397336736965227,0.20395250699275655,0.22504097049959326
0022501094,2026-03-30,2025-26,SAS,CHI,1,0.8826181398783165,0.8908044668420642,0.8906529999623776,0.8906629776916685,0.892458101578932
0022501095,2026-03-30,2025-26,DAL,MIN,0,0.29892894738200826,0.24124218802001254,0.2440958468678273,0.2440208384448894,0.3075999884173386
0022501096,2026-03-30,2025-26,UTA,CLE,0,0.15087792650072385,0.20197112499277226,0.17497506535912022,0.17498544597107873,0.14551465814227066
0022501097,2026-03-30,2025-26,OKC,DET,1,0.571915253362197,0.6315639423848824,0.6268302607980738,0.6268641794854205,0.5975144032879173
0022501098,2026-03-30,2025-26,LAL,WAS,1,0.9337210608066637,0.9424948378076229,0.9417554920413863,0.9417641306918345,0.9144528846188971
0022500652,2026-03-31,2025-26,MIL,DAL,1,0.5932096035506798,0.6034966095480329,0.6020259590901,0.602059946242388,0.5976203691283072
0022501099,2026-03-31,2025-26,ORL,PHX,1,0.543320076193197,0.531376324105315,0.5321616084351221,0.5321605887008699,0.5103541142000029
0022501100,2026-03-31,2025-26,BKN,CHA,0,0.153749643632978,0.11051849958038143,0.11114028201608149,0.11114238665715197,0.14974864917246145
0022501101,2026-03-31,2025-26,DET,TOR,1,0.6545379444801084,0.6656595376810063,0.6648198173372742,0.664826178239845,0.6755164896002301
0022501102,2026-03-31,2025-26,HOU,NYK,1,0.4462273233945712,0.4570103903671748,0.45694770242493515,0.45693730338405003,0.4683197712832535
0022501103,2026-03-31,2025-26,LAL,CLE,1,0.5698946603052872,0.6445996296877096,0.6490519041961524,0.6490438395317226,0.6002023603379482
0022501104,2026-03-31,2025-26,LAC,POR,0,0.6546962758285425,0.6477131472780221,0.647652251213934,0.6476668472981327,0.6404896215188882
0022501003,2026-04-01,2025-26,MEM,NYK,0,0.20884660476450462,0.19953710495838167,0.20078414852757906,0.22627731203021084,0.16694592539052003
0022501105,2026-04-01,2025-26,WAS,PHI,0,0.20133462130219212,0.2433447036769987,0.24198334038213926,0.24203306209023273,0.240736140806719
0022501106,2026-04-01,2025-26,MIA,BOS,0,0.3953399690779439,0.39482578993838074,0.39401984063472584,0.3940128795516756,0.3340222285141978
0022501107,2026-04-01,2025-26,ORL,ATL,0,0.3469111415504821,0.39222092535543296,0.3914575889492575,0.39145563260810795,0.38622760948330326
0022501108,2026-04-01,2025-26,TOR,SAC,0,0.8456642468370007,0.8503042373320896,0.8501859969786252,0.8501548668813456,0.8262019547410124
0022501109,2026-04-01,2025-26,CHI,IND,0,0.5513048815496455,0.5808065759604396,0.5980934304764319,0.5981479587356746,0.6311533587132699
0022501110,2026-04-01,2025-26,HOU,MIL,1,0.8434892384152568,0.9035091470208008,0.9020207833613232,0.9020642044271253,0.8536118574654061
0022501112,2026-04-01,2025-26,UTA,DEN,0,0.14279712964071767,0.131185411221426,0.1319665439005436,0.13199492637681742,0.13259823595920867
0022501113,2026-04-01,2025-26,GSW,SAS,0,0.1883640082095357,0.11854196429856481,0.12098134806425868,0.12093189531503211,0.15850333011350043
0022501114,2026-04-02,2025-26,CHA,PHX,1,0.6647916889597871,0.688686244347018,0.6889933278151775,0.6890034012332372,0.6886787871805444
0022501115,2026-04-02,2025-26,DET,MIN,1,0.7272777487392051,0.7545601742015962,0.75322085660446,0.7532434450121742,0.724184747850536
0022501116,2026-04-02,2025-26,OKC,LAL,1,0.6866969214300107,0.657174914672826,0.6580738966121582,0.6580676394333292,0.6280756639962821
0022501117,2026-04-02,2025-26,GSW,CLE,0,0.24383958845952036,0.23577356529203,0.2371151100860249,0.23712652297120293,0.2201953532838154
0022501118,2026-04-02,2025-26,POR,NOP,1,0.682259067973656,0.6802599667501247,0.6738925086083162,0.673903489820565,0.6784229022652732
0022501119,2026-04-02,2025-26,LAC,SAS,0,0.4403787145887549,0.5164855131079856,0.5141970428054857,0.5141645521482572,0.4712444551256787
0022501120,2026-04-03,2025-26,CHA,IND,1,0.8421639354121679,0.8515417633581892,0.8511279485805727,0.8511340535314791,0.8478035029465653
0022501121,2026-04-03,2025-26,PHI,MIN,1,0.5387448620151745,0.6237981248338039,0.6222361932856346,0.6222660518659752,0.7121275317242075
0022501122,2026-04-03,2025-26,BKN,ATL,0,0.1562440973707164,0.16482215662906352,0.1649670455598393,0.16499138827509224,0.2162324075659765
0022501123,2026-04-03,2025-26,NYK,CHI,1,0.8525043761465979,0.8469315688369436,0.827272376633944,0.8272766009772597,0.8076585542449287
0022501124,2026-04-03,2025-26,HOU,UTA,1,0.8872814576918732,0.8885055554057311,0.8879699710531109,0.8879613126874291,0.8972701077552581
0022501125,2026-04-03,2025-26,MEM,TOR,0,0.2450554210720796,0.19793459728440113,0.2005815434938615,0.20053440056594626,0.20943737063610324
0022501126,2026-04-03,2025-26,MIL,BOS,0,0.13716537131000128,0.1313652648917851,0.13211862895392215,0.1321084205205836,0.19638921248042668
0022501127,2026-04-03,2025-26,DAL,ORL,0,0.30743287192789637,0.26099039102083516,0.26321156664217255,0.26320502126393036,0.32433282161761484
0022501128,2026-04-03,2025-26,SAC,NOP,1,0.4280190733599472,0.3896232815958363,0.3911342258933234,0.3911780314108929,0.38670033568636647
0022501129,2026-04-04,2025-26,MIA,WAS,1,0.8613768290924506,0.8754651875228071,0.8745389984531813,0.8745376059576835,0.8534447522881371
0022501130,2026-04-04,2025-26,DEN,SAS,1,0.41831484176922423,0.42345436297352096,0.42262768101140624,0.42255293269618643,0.44819669140571905
0022501131,2026-04-04,2025-26,PHI,DET,0,0.335515156573252,0.320902298694168,0.2979388169412941,0.2978824161059077,0.24812533219838268
0022501132,2026-04-05,2025-26,BOS,TOR,1,0.7410228609597681,0.7395416870483886,0.7382696743934739,0.7382612906332419,0.7676607392910143
0022501133,2026-04-05,2025-26,BKN,WAS,1,0.6733682240256599,0.550439699591719,0.5542706598043171,0.5541960868684779,0.6128691813216474
0022501134,2026-04-05,2025-26,CHI,PHX,0,0.29464239610511195,0.22791721418220154,0.23280881076327528,0.23273508896296405,0.2706327786221335
0022501135,2026-04-05,2025-26,MIL,MEM,1,0.6843418537497056,0.7812435718210753,0.7797556088555199,0.7797976522182563,0.729274438196063
0022501136,2026-04-05,2025-26,CLE,IND,1,0.8626487088199918,0.8415936557877153,0.842203847681913,0.8421864268897625,0.8207348750623173
0022501137,2026-04-05,2025-26,MIN,CHA,0,0.36841791158694,0.34604691169049634,0.3474081373259201,0.34737652811065806,0.36117051995857546
0022501138,2026-04-05,2025-26,NOP,ORL,0,0.4520845760796062,0.3713277684174161,0.3741140517913826,0.3741096891825063,0.34947878652981745
0022501139,2026-04-05,2025-26,OKC,UTA,1,0.9520473877144731,0.9609899156744585,0.9605279969817996,0.9605215816318289,0.9509536759607405
0022501140,2026-04-05,2025-26,DAL,LAL,1,0.19475747608638863,0.32551605838637515,0.3226192274836708,0.32264858128248813,0.32438895223703806
0022501141,2026-04-05,2025-26,SAC,LAC,0,0.21363249765610887,0.2006690769191552,0.20158601889174455,0.20160713905577907,0.23370255348973767
0022501142,2026-04-05,2025-26,GSW,HOU,0,0.32329123283541855,0.36281935068960447,0.3623370980233928,0.3623022931650398,0.3756403505395319
0022501143,2026-04-06,2025-26,ATL,NYK,0,0.5248517762812555,0.5571325448467954,0.5571149825662848,0.5570849005719978,0.5432864409128801
0022501144,2026-04-06,2025-26,ORL,DET,1,0.24755652568569322,0.27600626601453826,0.27279520425158765,0.27285773331606356,0.2471752675760972
0022501145,2026-04-06,2025-26,MEM,CLE,0,0.1677779245704658,0.38570728602637977,0.3782531056469819,0.37822357559925973,0.18658404220971228
0022501146,2026-04-06,2025-26,SAS,PHI,1,0.8264815691645486,0.8143787947125797,0.813972031401295,0.8140034642699707,0.7127850968446986
0022501147,2026-04-06,2025-26,DEN,POR,1,0.6644003611613448,0.6568589351430051,0.6579055627062751,0.6579068477528655,0.6875388520864086
0022501148,2026-04-07,2025-26,WAS,CHI,0,0.4037847880976867,0.39737067658414577,0.39786042272730987,0.3978642371924609,0.39247066551644366
0022501149,2026-04-07,2025-26,BOS,CHA,1,0.5754290126903983,0.6117213241511619,0.6097678242579735,0.6097769774540328,0.6089616556977078
0022501150,2026-04-07,2025-26,BKN,MIL,1,0.4255456863384659,0.48322471001945216,0.48101497371879764,0.48115606052037146,0.3134900934623161
0022501151,2026-04-07,2025-26,TOR,MIA,1,0.5398119325361523,0.5584900504025455,0.5594674931496755,0.5594907962463669,0.5321673771158588
0022501152,2026-04-07,2025-26,IND,MIN,0,0.2707335826984874,0.21479657802105706,0.21548719201766545,0.2155158998599892,0.20627314856611484
0022501153,2026-04-07,2025-26,NOP,UTA,1,0.7328692193039203,0.7658710661426846,0.7654767247410226,0.7654644224629107,0.6496676549889011
0022501154,2026-04-07,2025-26,GSW,SAC,1,0.7580923450850714,0.7878716584309255,0.7873088754779594,0.7872400036045824,0.8273466045120497
0022501155,2026-04-07,2025-26,LAL,OKC,0,0.2638652769025912,0.24677452446809459,0.22691991147644502,0.2269181232582319,0.2103279950460204
0022501156,2026-04-07,2025-26,LAC,DAL,1,0.7963497537771763,0.8666776929125654,0.8644386741831331,0.8644943601002023,0.8030982804554466
0022501157,2026-04-07,2025-26,PHX,HOU,0,0.4937041974167638,0.513132225299865,0.5113897208660669,0.5113748573989201,0.46212002828673726
0022501158,2026-04-08,2025-26,CLE,ATL,1,0.48291045933185783,0.513067456406248,0.5331850170346862,0.5331916269438063,0.5577020198755952
0022501159,2026-04-08,2025-26,ORL,MIN,1,0.5841214301193305,0.6997021750788082,0.6950958691511891,0.6952163594975328,0.5988715166245802
0022501160,2026-04-08,2025-26,DET,MIL,1,0.9068048845535593,0.8783558692909854,0.853331403869477,0.8533404668533762,0.8953412963916513
0022501161,2026-04-08,2025-26,SAS,POR,1,0.7631871663292894,0.696759135720604,0.6999564150482754,0.6999426648234642,0.7669620105100265
0022501162,2026-04-08,2025-26,DEN,MEM,1,0.9223891462600159,0.9485156686602724,0.9461341601926729,0.9461387649189602,0.9288977145975558
0022501163,2026-04-08,2025-26,LAC,OKC,0,0.33222412647534605,0.2925653621613489,0.2940728418858813,0.2940281350244319,0.33237331423867433
0022501164,2026-04-08,2025-26,PHX,DAL,1,0.7941917530648047,0.861200532194564,0.8595778858270101,0.8595730226189785,0.8492914379910071
0022501165,2026-04-09,2025-26,TOR,MIA,1,0.6015902917692431,0.6376739128080585,0.6203459365418387,0.6203592787986448,0.584300999020711
0022501166,2026-04-09,2025-26,WAS,CHI,0,0.3273759735760568,0.34034694664545756,0.3397080986108673,0.33976112474947984,0.3103159134202496
0022501167,2026-04-09,2025-26,BKN,IND,0,0.5224954473680072,0.5084127820722724,0.5352127167911381,0.5352084361899074,0.5541571379833669
0022501168,2026-04-09,2025-26,NYK,BOS,1,0.4620594977048198,0.46989558283705835,0.4684925622255866,0.46858268259480895,0.38982845687653306
0022501169,2026-04-09,2025-26,HOU,PHI,1,0.6164017650219841,0.6746938841232926,0.6748093062561137,0.674863371800152,0.6715169902018633
0022501170,2026-04-09,2025-26,GSW,LAL,0,0.548367049848706,0.42677489419363535,0.4265505781641086,0.42649206190823463,0.47508682916156575
0022501171,2026-04-10,2025-26,CHA,DET,0,0.6061574507064119,0.5323769624290047,0.5324757788219258,0.5324835860311958,0.5399512458810928
0022501172,2026-04-10,2025-26,WAS,MIA,0,0.2102811720028498,0.23229007075233285,0.2558006522700456,0.2558791821890753,0.197037497202745
0022501173,2026-04-10,2025-26,ATL,CLE,1,0.5219212790451542,0.7420392959466277,0.7359212227870208,0.7359470692992681,0.6530502366143173
0022501174,2026-04-10,2025-26,BOS,NOP,1,0.8716807164026383,0.8480073290652836,0.8468214424368559,0.8467778375902195,0.8685880909408383
0022501175,2026-04-10,2025-26,IND,PHI,0,0.32447292628151136,0.31105644747268946,0.29393323414065275,0.2939651591091354,0.25595181694765157
0022501176,2026-04-10,2025-26,NYK,TOR,1,0.7092583719449449,0.6998658348943054,0.7608506524797571,0.7608659879924257,0.7222801538309621
0022501177,2026-04-10,2025-26,CHI,ORL,0,0.3093392836109622,0.22883407080062448,0.23064200907368151,0.23060697239120384,0.28418847837015004
0022501178,2026-04-10,2025-26,HOU,MIN,0,0.6182182307254023,0.750952476370731,0.7459753771724792,0.7460065892332146,0.6875939216057784
0022501179,2026-04-10,2025-26,MIL,BKN,1,0.7432986311191399,0.7387398749753217,0.740012406074843,0.7398914053441958,0.8409988247680857
0022501180,2026-04-10,2025-26,SAS,DAL,1,0.9255331804664432,0.9377185052699832,0.939650761371332,0.9396618055333441,0.9333250297416072
0022501181,2026-04-10,2025-26,UTA,MEM,1,0.512974674804937,0.522739864471899,0.5246491090954809,0.5246710201511169,0.5430636390978506
0022501182,2026-04-10,2025-26,DEN,OKC,1,0.3611419185195143,0.6610741701430507,0.40871912091161144,0.40874802616740974,0.4497018575976611
0022501183,2026-04-10,2025-26,POR,LAC,1,0.4969390286785554,0.48247153871045434,0.4897133040829426,0.48971213179523587,0.5005748161943094
0022501184,2026-04-10,2025-26,SAC,GSW,1,0.4752639462659051,0.4219539915735726,0.42357424248916087,0.42364224196100003,0.31521748367232727
0022501185,2026-04-10,2025-26,LAL,PHX,1,0.42702054489671004,0.5529812325565879,0.583674211888149,0.5838180481869781,0.5078333459811006
0022501186,2026-04-12,2025-26,BOS,ORL,1,0.7359390025077336,0.3863956741876554,0.4001466696040714,0.40000551623660596,0.41679693622367625
0022501187,2026-04-12,2025-26,CLE,WAS,1,0.8985068685150391,0.839475611429486,0.843507669182294,0.8434544905627058,0.8426539391044332
0022501188,2026-04-12,2025-26,IND,DET,0,0.12260104416970363,0.1255887790930805,0.12514377131417911,0.1251525170495359,0.14894680543804786
0022501189,2026-04-12,2025-26,MIA,ATL,1,0.40451517930182895,0.8072711050368006,0.7784440610255701,0.7784757284980681,0.7730329943892597
0022501190,2026-04-12,2025-26,NYK,CHA,0,0.5541220429556947,0.2734331223996381,0.28196727047235864,0.2818569328230857,0.297154062033421
0022501191,2026-04-12,2025-26,PHI,MIL,1,0.7344043020484993,0.7943211003680294,0.7930347257299278,0.793070050185515,0.6653662188412052
0022501192,2026-04-12,2025-26,TOR,BKN,1,0.8957443415247722,0.907621917346592,0.907354517331182,0.907349408586191,0.8954082229218326
0022501193,2026-04-12,2025-26,DAL,CHI,1,0.5185710715035099,0.45203288526069135,0.4540923951265332,0.45411460337492654,0.45214263099294955
0022501194,2026-04-12,2025-26,HOU,MEM,1,0.9387762413614227,0.8457882018561244,0.8615763164580664,0.8614900359622747,0.9122825054738938
0022501195,2026-04-12,2025-26,MIN,NOP,1,0.7467023265452221,0.6119155658836016,0.6173090871120394,0.6171321591696411,0.7336884390828
0022501196,2026-04-12,2025-26,OKC,PHX,0,0.666466106283269,0.7502932187143139,0.7494551732739869,0.7496686564829608,0.5696433258647223
0022501197,2026-04-12,2025-26,SAS,DEN,0,0.776789573114989,0.6777213575061906,0.6452030709833447,0.6451859126764212,0.631119960749559
0022501198,2026-04-12,2025-26,LAL,UTA,1,0.8095933960989012,0.8197616594198981,0.8281763035052222,0.8281905230687036,0.8235807758073821
0022501199,2026-04-12,2025-26,LAC,GSW,1,0.6808541631819488,0.6111335928594424,0.6071283219428731,0.6071797714676416,0.6276506459429609
0022501200,2026-04-12,2025-26,POR,SAC,1,0.8386634982039631,0.8664387041672157,0.8651334460132312,0.8651212423404462,0.8478430310132699
