game_id,date,season,home,away,home_win,p_home
0022400061,2024-10-22,2024-25,BOS,NYK,1,0.8811304
0022400062,2024-10-22,2024-25,LAL,MIN,1,0.5389821
0022400063,2024-10-23,2024-25,DET,IND,0,0.14678974
0022400064,2024-10-23,2024-25,ATL,BKN,1,0.4615589
0022400065,2024-10-23,2024-25,MIA,ORL,0,0.5909739
0022400066,2024-10-23,2024-25,PHI,MIL,0,0.6246214
0022400067,2024-10-23,2024-25,TOR,CLE,0,0.16662095
0022400068,2024-10-23,2024-25,HOU,CHA,0,0.6161218
0022400069,2024-10-23,2024-25,NOP,CHI,1,0.6360695
0022400070,2024-10-23,2024-25,UTA,MEM,0,0.8614308
0022400071,2024-10-23,2024-25,LAC,PHX,0,0.69534934
0022400072,2024-10-23,2024-25,POR,GSW,0,0.12191998
0022400073,2024-10-24,2024-25,WAS,BOS,0,0.42944762
0022400074,2024-10-24,2024-25,DAL,SAS,1,0.5127383
0022400075,2024-10-24,2024-25,DEN,OKC,0,0.5335738
0022400076,2024-10-24,2024-25,SAC,MIN,0,0.7054277
0022400077,2024-10-25,2024-25,ORL,BKN,1,0.74347
0022400078,2024-10-25,2024-25,TOR,PHI,1,0.26076552
0022400079,2024-10-25,2024-25,ATL,CHA,1,0.7310511
0022400080,2024-10-25,2024-25,CLE,DET,1,0.7379667
0022400081,2024-10-25,2024-25,NYK,IND,1,0.59704256
0022400082,2024-10-25,2024-25,HOU,MEM,1,0.77016604
0022400083,2024-10-25,2024-25,MIL,CHI,0,0.58401734
0022400084,2024-10-25,2024-25,UTA,GSW,0,0.18498845
0022400085,2024-10-25,2024-25,LAL,PHX,1,0.56065106
0022400086,2024-10-25,2024-25,POR,NOP,0,0.27298754
0022400087,2024-10-26,2024-25,DEN,LAC,0,0.7425277
0022400088,2024-10-26,2024-25,CHA,MIA,0,0.24264987
0022400089,2024-10-26,2024-25,DET,BOS,0,0.20503767
0022400090,2024-10-26,2024-25,WAS,CLE,0,0.1344385
0022400091,2024-10-26,2024-25,CHI,OKC,0,0.34279534
0022400092,2024-10-26,2024-25,MEM,ORL,1,0.22696185
0022400093,2024-10-26,2024-25,MIN,TOR,1,0.88836044
0022400094,2024-10-26,2024-25,SAS,HOU,1,0.44165483
0022400095,2024-10-26,2024-25,PHX,DAL,1,0.2891142
0022400096,2024-10-26,2024-25,LAL,SAC,1,0.4069285
0022400097,2024-10-27,2024-25,IND,PHI,0,0.63650984
0022400098,2024-10-27,2024-25,BKN,MIL,1,0.36261138
0022400099,2024-10-27,2024-25,POR,NOP,1,0.25781342
0022400100,2024-10-27,2024-25,OKC,ATL,1,0.5527815
0022400101,2024-10-27,2024-25,GSW,LAC,0,0.7683218
0022400102,2024-10-28,2024-25,ORL,IND,1,0.65735644
0022400103,2024-10-28,2024-25,ATL,WAS,0,0.8210275
0022400104,2024-10-28,2024-25,BOS,MIL,1,0.7996685
0022400105,2024-10-28,2024-25,MIA,DET,1,0.7112346
0022400106,2024-10-28,2024-25,NYK,CLE,0,0.64208335
0022400107,2024-10-28,2024-25,TOR,DEN,0,0.16875954
0022400108,2024-10-28,2024-25,MEM,CHI,0,0.30265114
0022400109,2024-10-28,2024-25,SAS,HOU,0,0.31399736
0022400110,2024-10-28,2024-25,DAL,UTA,1,0.88872576
0022400111,2024-10-28,2024-25,PHX,LAL,1,0.4201923
0022400112,2024-10-28,2024-25,SAC,POR,1,0.8752245
0022400113,2024-10-29,2024-25,BKN,DEN,0,0.32552233
0022400114,2024-10-29,2024-25,MIN,DAL,0,0.64927024
0022400115,2024-10-29,2024-25,UTA,SAC,0,0.1501717
0022400116,2024-10-29,2024-25,GSW,NOP,1,0.66665137
0022400117,2024-10-30,2024-25,CHA,TOR,1,0.532217
0022400118,2024-10-30,2024-25,CLE,LAL,1,0.47646174
0022400119,2024-10-30,2024-25,IND,BOS,1,0.4050683
0022400120,2024-10-30,2024-25,PHI,DET,0,0.6700984
0022400121,2024-10-30,2024-25,WAS,ATL,1,0.1679086
0022400122,2024-10-30,2024-25,MIA,NYK,0,0.4330088
0022400123,2024-10-30,2024-25,CHI,ORL,1,0.40406042
0022400124,2024-10-30,2024-25,MEM,BKN,0,0.39153612
0022400125,2024-10-30,2024-25,OKC,SAS,1,0.77360356
0022400126,2024-10-30,2024-25,GSW,NOP,1,0.65737545
0022400127,2024-10-30,2024-25,LAC,POR,0,0.75269926
0022400128,2024-10-31,2024-25,MEM,MIL,1,0.286424
0022400129,2024-10-31,2024-25,DAL,HOU,0,0.6320712
0022400130,2024-10-31,2024-25,UTA,SAS,0,0.393549
0022400131,2024-10-31,2024-25,LAC,PHX,0,0.33784238
0022400132,2024-11-01,2024-25,CHA,BOS,0,0.19710927
0022400133,2024-11-01,2024-25,CLE,ORL,1,0.46006188
0022400134,2024-11-01,2024-25,DET,NYK,0,0.23248187
0022400135,2024-11-01,2024-25,ATL,SAC,0,0.29475197
0022400136,2024-11-01,2024-25,BKN,CHI,1,0.47488984
0022400137,2024-11-01,2024-25,TOR,LAL,0,0.22794828
0022400138,2024-11-01,2024-25,NOP,IND,1,0.3301335
0022400139,2024-11-01,2024-25,MIN,DEN,1,0.5620215
0022400140,2024-11-01,2024-25,POR,OKC,0,0.23604684
0022400141,2024-11-02,2024-25,CHA,BOS,0,0.19695783
0022400142,2024-11-02,2024-25,PHI,MEM,0,0.7234683
0022400143,2024-11-02,2024-25,TOR,SAC,1,0.15661521
0022400144,2024-11-02,2024-25,HOU,GSW,0,0.43466136
0022400145,2024-11-02,2024-25,MIL,CLE,0,0.60496676
0022400146,2024-11-02,2024-25,SAS,MIN,1,0.352086
0022400148,2024-11-02,2024-25,DEN,UTA,1,0.8715676
0022400149,2024-11-02,2024-25,PHX,POR,1,0.8008911
0022400150,2024-11-02,2024-25,LAC,OKC,0,0.44572005
0022400151,2024-11-03,2024-25,BKN,DET,0,0.5945681
0022400152,2024-11-03,2024-25,NOP,ATL,0,0.58093065
0022400153,2024-11-03,2024-25,DAL,ORL,1,0.6625112
0022400154,2024-11-04,2024-25,CLE,MIL,1,0.54204917
0022400155,2024-11-04,2024-25,WAS,GSW,0,0.18448971
0022400156,2024-11-04,2024-25,DET,LAL,1,0.21648428
0022400157,2024-11-04,2024-25,ATL,BOS,0,0.22999658
0022400158,2024-11-04,2024-25,BKN,MEM,1,0.5038474
0022400159,2024-11-04,2024-25,MIA,SAC,0,0.46698362
0022400160,2024-11-04,2024-25,CHI,UTA,0,0.8119694
0022400161,2024-11-04,2024-25,HOU,NYK,1,0.4108806
0022400162,2024-11-04,2024-25,MIN,CHA,1,0.82809204
0022400163,2024-11-04,2024-25,OKC,ORL,1,0.76589197
0022400164,2024-11-04,2024-25,NOP,POR,0,0.4806094
0022400165,2024-11-04,2024-25,DAL,IND,0,0.5545034
0022400166,2024-11-04,2024-25,DEN,TOR,1,0.8542047
0022400167,2024-11-04,2024-25,PHX,PHI,1,0.63996494
0022400168,2024-11-04,2024-25,LAC,SAS,1,0.5822303
0022400169,2024-11-06,2024-25,CHA,DET,1,0.4387707
0022400170,2024-11-06,2024-25,IND,ORL,1,0.7029783
0022400171,2024-11-06,2024-25,ATL,NYK,1,0.24345708
0022400172,2024-11-06,2024-25,BOS,GSW,0,0.58427674
0022400173,2024-11-06,2024-25,HOU,SAS,1,0.63067216
0022400174,2024-11-06,2024-25,MEM,LAL,1,0.31852585
0022400175,2024-11-06,2024-25,NOP,CLE,0,0.32757622
0022400176,2024-11-06,2024-25,DAL,CHI,1,0.78537357
0022400177,2024-11-06,2024-25,DEN,OKC,1,0.519877
0022400178,2024-11-06,2024-25,PHX,MIA,1,0.52967745
0022400179,2024-11-06,2024-25,LAC,PHI,1,0.49870524
0022400180,2024-11-06,2024-25,SAC,TOR,1,0.8421873
0022400181,2024-11-07,2024-25,CHI,MIN,0,0.25039154
0022400182,2024-11-07,2024-25,MIL,UTA,1,0.8414758
0022400183,2024-11-07,2024-25,SAS,POR,1,0.5628509
0022400184,2024-11-08,2024-25,CHA,IND,1,0.260866
0022400185,2024-11-08,2024-25,DET,ATL,1,0.5296496
0022400186,2024-11-08,2024-25,ORL,NOP,1,0.5484456
0022400187,2024-11-08,2024-25,BOS,BKN,1,0.7513731
0022400188,2024-11-08,2024-25,CLE,GSW,1,0.4746587
0022400189,2024-11-08,2024-25,NYK,MIL,1,0.73078334
0022400190,2024-11-08,2024-25,DAL,PHX,0,0.6424705
0022400191,2024-11-08,2024-25,MEM,WAS,1,0.7534289
0022400192,2024-11-08,2024-25,OKC,HOU,1,0.6538588
0022400193,2024-11-08,2024-25,MIN,POR,1,0.77445877
0022400194,2024-11-08,2024-25,DEN,MIA,1,0.6459564
0022400195,2024-11-08,2024-25,LAL,PHI,1,0.47424728
0022400196,2024-11-08,2024-25,SAC,LAC,0,0.6740851
0022400197,2024-11-09,2024-25,SAS,UTA,0,0.7959114
0022400198,2024-11-09,2024-25,ATL,CHI,0,0.45100597
0022400199,2024-11-09,2024-25,CLE,BKN,1,0.72329146
0022400200,2024-11-09,2024-25,LAC,TOR,1,0.7163667
0022400201,2024-11-10,2024-25,DET,HOU,0,0.38925424
0022400202,2024-11-10,2024-25,MIL,BOS,0,0.42194393
0022400203,2024-11-10,2024-25,IND,NYK,1,0.3697741
0022400204,2024-11-10,2024-25,ORL,WAS,1,0.78886026
0022400205,2024-11-10,2024-25,PHI,CHA,1,0.7221127
0022400206,2024-11-10,2024-25,MIN,MIA,0,0.5955062
0022400207,2024-11-10,2024-25,OKC,GSW,0,0.5513701
0022400208,2024-11-10,2024-25,DEN,DAL,1,0.5451466
0022400209,2024-11-10,2024-25,PHX,SAC,0,0.48426938
0022400210,2024-11-10,2024-25,POR,MEM,0,0.43734747
0022400211,2024-11-10,2024-25,LAL,TOR,1,0.8061044
0022400212,2024-11-11,2024-25,CHI,CLE,0,0.3352524
0022400213,2024-11-11,2024-25,HOU,WAS,1,0.7959101
0022400214,2024-11-11,2024-25,NOP,BKN,0,0.36260822
0022400215,2024-11-11,2024-25,OKC,LAC,1,0.59900856
0022400216,2024-11-11,2024-25,SAS,SAC,1,0.47319633
0022400001,2024-11-12,2024-25,BOS,ATL,0,0.7980077
0022400002,2024-11-12,2024-25,DET,MIA,1,0.34145817
0022400003,2024-11-12,2024-25,ORL,CHA,1,0.6889752
0022400004,2024-11-12,2024-25,PHI,NYK,0,0.39149517
0022400005,2024-11-12,2024-25,MIL,TOR,1,0.78731453
0022400006,2024-11-12,2024-25,UTA,PHX,0,0.20285238
0022400007,2024-11-12,2024-25,GSW,DAL,1,0.54653805
0022400008,2024-11-12,2024-25,POR,MIN,1,0.23894006
0022400217,2024-11-13,2024-25,ORL,IND,1,0.44803694
0022400218,2024-11-13,2024-25,BKN,BOS,0,0.3431539
0022400219,2024-11-13,2024-25,NYK,CHI,0,0.7126921
0022400220,2024-11-13,2024-25,PHI,CLE,0,0.4095721
0022400221,2024-11-13,2024-25,OKC,NOP,1,0.8102597
0022400222,2024-11-13,2024-25,HOU,LAC,1,0.45242006
0022400223,2024-11-13,2024-25,MIL,DET,1,0.7681843
0022400224,2024-11-13,2024-25,SAS,WAS,1,0.8027222
0022400225,2024-11-13,2024-25,LAL,MEM,1,0.6261648
0022400226,2024-11-13,2024-25,POR,MIN,1,0.27160388
0022400227,2024-11-13,2024-25,SAC,PHX,1,0.7400654
0022400228,2024-11-14,2024-25,UTA,DAL,1,0.13888316
0022400009,2024-11-15,2024-25,IND,MIA,0,0.4445505
0022400010,2024-11-15,2024-25,ORL,PHI,1,0.48660788
0022400011,2024-11-15,2024-25,TOR,DET,0,0.47990155
0022400012,2024-11-15,2024-25,ATL,WAS,1,0.75021964
0022400013,2024-11-15,2024-25,CLE,CHI,1,0.75869966
0022400014,2024-11-15,2024-25,NYK,BKN,1,0.73909754
0022400015,2024-11-15,2024-25,SAS,LAL,0,0.42463738
0022400016,2024-11-15,2024-25,HOU,LAC,1,0.49176833
0022400017,2024-11-15,2024-25,NOP,DEN,1,0.1812988
0022400018,2024-11-15,2024-25,OKC,PHX,1,0.71365356
0022400019,2024-11-15,2024-25,GSW,MEM,1,0.70291466
0022400020,2024-11-15,2024-25,SAC,MIN,0,0.6317555
0022400229,2024-11-16,2024-25,CHA,MIL,1,0.25039783
0022400230,2024-11-16,2024-25,BOS,TOR,1,0.87020373
0022400231,2024-11-16,2024-25,NOP,LAL,0,0.23179694
0022400232,2024-11-16,2024-25,DAL,SAS,1,0.7207342
0022400233,2024-11-16,2024-25,SAC,UTA,1,0.8442121
0022400234,2024-11-17,2024-25,MIN,PHX,1,0.6748923
0022400235,2024-11-17,2024-25,IND,MIA,1,0.47586602
0022400236,2024-11-17,2024-25,CLE,CHA,1,0.8364947
0022400237,2024-11-17,2024-25,WAS,DET,0,0.3681528
0022400238,2024-11-17,2024-25,MEM,DEN,1,0.4908874
0022400239,2024-11-17,2024-25,POR,ATL,1,0.5092921
0022400240,2024-11-17,2024-25,NYK,BKN,1,0.66852725
0022400241,2024-11-17,2024-25,CHI,HOU,0,0.4076169
0022400242,2024-11-17,2024-25,OKC,DAL,0,0.6298108
0022400243,2024-11-17,2024-25,LAC,UTA,1,0.853
0022400244,2024-11-18,2024-25,DET,CHI,0,0.54875946
0022400245,2024-11-18,2024-25,MIA,PHI,1,0.46962574
0022400246,2024-11-18,2024-25,NYK,WAS,1,0.866865
0022400247,2024-11-18,2024-25,TOR,IND,1,0.38128665
0022400248,2024-11-18,2024-25,MIL,HOU,1,0.6659479
0022400249,2024-11-18,2024-25,PHX,ORL,0,0.49323556
0022400250,2024-11-18,2024-25,SAC,ATL,0,0.7929699
0022400251,2024-11-18,2024-25,LAC,GSW,1,0.31071404
0022400021,2024-11-19,2024-25,BOS,CLE,1,0.5894902
0022400022,2024-11-19,2024-25,BKN,CHA,1,0.58672696
0022400023,2024-11-19,2024-25,MEM,DEN,0,0.535556
0022400024,2024-11-19,2024-25,DAL,NOP,1,0.82982486
0022400025,2024-11-19,2024-25,SAS,OKC,1,0.3798894
0022400026,2024-11-19,2024-25,LAL,UTA,1,0.83949244
0022400252,2024-11-20,2024-25,CLE,NOP,1,0.8741893
0022400253,2024-11-20,2024-25,MIL,CHI,1,0.72436786
0022400254,2024-11-20,2024-25,HOU,IND,1,0.7011533
0022400255,2024-11-20,2024-25,MEM,PHI,1,0.4062628
0022400256,2024-11-20,2024-25,OKC,POR,1,0.77121097
0022400257,2024-11-20,2024-25,PHX,NYK,0,0.38092363
0022400258,2024-11-20,2024-25,GSW,ATL,1,0.7607909
0022400259,2024-11-20,2024-25,LAC,ORL,1,0.6258331
0022400260,2024-11-21,2024-25,CHA,DET,1,0.4891012
0022400261,2024-11-21,2024-25,TOR,MIN,1,0.31400895
0022400262,2024-11-21,2024-25,SAS,UTA,1,0.81594205
0022400263,2024-11-21,2024-25,LAL,ORL,0,0.75880027
0022400027,2024-11-22,2024-25,PHI,BKN,1,0.64007914
0022400028,2024-11-22,2024-25,WAS,BOS,0,0.1317193
0022400029,2024-11-22,2024-25,MIL,IND,1,0.69629365
0022400030,2024-11-22,2024-25,CHI,ATL,1,0.50309414
0022400031,2024-11-22,2024-25,HOU,POR,1,0.7631014
0022400032,2024-11-22,2024-25,NOP,GSW,0,0.15834998
0022400033,2024-11-22,2024-25,DEN,DAL,0,0.35358706
0022400034,2024-11-22,2024-25,LAC,SAC,1,0.41494855
0022400264,2024-11-23,2024-25,UTA,NYK,1,0.19234444
0022400265,2024-11-23,2024-25,ORL,DET,1,0.5463743
0022400266,2024-11-23,2024-25,CHI,MEM,0,0.4031155
0022400267,2024-11-23,2024-25,HOU,POR,0,0.788323
0022400268,2024-11-23,2024-25,MIL,CHA,1,0.70296127
0022400269,2024-11-23,2024-25,SAS,GSW,1,0.46994814
0022400270,2024-11-23,2024-25,LAL,DEN,0,0.5897501
0022400271,2024-11-24,2024-25,BOS,MIN,1,0.6753869
0022400272,2024-11-24,2024-25,IND,WAS,1,0.7771789
0022400273,2024-11-24,2024-25,MIA,DAL,1,0.5430263
0022400274,2024-11-24,2024-25,PHI,LAC,0,0.44633797
0022400275,2024-11-24,2024-25,CLE,TOR,1,0.7180884
0022400276,2024-11-24,2024-25,SAC,BKN,0,0.74533015
0022400277,2024-11-25,2024-25,CHA,ORL,0,0.39062697
0022400278,2024-11-25,2024-25,DET,TOR,1,0.6328733
0022400279,2024-11-25,2024-25,IND,NOP,1,0.6825421
0022400280,2024-11-25,2024-25,ATL,DAL,0,0.50214946
0022400281,2024-11-25,2024-25,BOS,LAC,1,0.73157007
0022400282,2024-11-25,2024-25,MEM,POR,1,0.7021352
0022400283,2024-11-25,2024-25,DEN,NYK,0,0.52159697
0022400284,2024-11-25,2024-25,GSW,BKN,0,0.8406119
0022400285,2024-11-25,2024-25,SAC,OKC,0,0.32938403
0022400035,2024-11-26,2024-25,WAS,CHI,0,0.32597512
0022400036,2024-11-26,2024-25,MIA,MIL,0,0.51444155
0022400037,2024-11-26,2024-25,MIN,HOU,0,0.37650442
0022400038,2024-11-26,2024-25,UTA,SAS,0,0.23746839
0022400039,2024-11-26,2024-25,PHX,LAL,1,0.43785623
0022400286,2024-11-27,2024-25,CHA,MIA,0,0.2944118
0022400287,2024-11-27,2024-25,CLE,ATL,0,0.78000957
0022400288,2024-11-27,2024-25,IND,POR,1,0.71462667
0022400289,2024-11-27,2024-25,ORL,CHI,1,0.71455204
0022400290,2024-11-27,2024-25,PHI,HOU,0,0.38355938
0022400291,2024-11-27,2024-25,WAS,LAC,0,0.21821883
0022400292,2024-11-27,2024-25,DAL,NYK,1,0.38377827
0022400293,2024-11-27,2024-25,MEM,DET,1,0.7422589
0022400294,2024-11-27,2024-25,MIN,SAC,0,0.31460288
0022400295,2024-11-27,2024-25,NOP,TOR,0,0.42400464
0022400296,2024-11-27,2024-25,SAS,LAL,0,0.58834386
0022400297,2024-11-27,2024-25,PHX,BKN,0,0.5765383
0022400298,2024-11-27,2024-25,UTA,DEN,0,0.18490893
0022400299,2024-11-27,2024-25,GSW,OKC,0,0.45661572
0022400040,2024-11-29,2024-25,CHA,NYK,0,0.20842783
0022400041,2024-11-29,2024-25,ATL,CLE,1,0.3099065
0022400042,2024-11-29,2024-25,MEM,NOP,1,0.8192377
0022400043,2024-11-29,2024-25,BKN,ORL,0,0.43227252
0022400044,2024-11-29,2024-25,MIN,LAC,1,0.52340037
0022400045,2024-11-29,2024-25,IND,DET,0,0.5532927
0022400046,2024-11-29,2024-25,MIA,TOR,1,0.65902174
0022400047,2024-11-29,2024-25,CHI,BOS,0,0.26594144
0022400048,2024-11-29,2024-25,LAL,OKC,0,0.3278823
0022400049,2024-11-29,2024-25,POR,SAC,1,0.19827157
0022400300,2024-11-30,2024-25,CHA,ATL,0,0.31431088
0022400301,2024-11-30,2024-25,DET,PHI,0,0.5535942
0022400302,2024-11-30,2024-25,MIL,WAS,1,0.84907037
0022400303,2024-11-30,2024-25,PHX,GSW,1,0.42177814
0022400304,2024-11-30,2024-25,UTA,DAL,0,0.23296233
0022400305,2024-12-01,2024-25,BKN,ORL,0,0.37239003
0022400306,2024-12-01,2024-25,MEM,IND,1,0.77568114
0022400307,2024-12-01,2024-25,CLE,BOS,1,0.45510992
0022400308,2024-12-01,2024-25,NYK,NOP,1,0.81643534
0022400309,2024-12-01,2024-25,TOR,MIA,1,0.37431964
0022400310,2024-12-01,2024-25,HOU,OKC,1,0.47487488
0022400311,2024-12-01,2024-25,UTA,LAL,0,0.20953463
0022400312,2024-12-01,2024-25,POR,DAL,0,0.3351119
0022400313,2024-12-01,2024-25,SAC,SAS,0,0.6095242
0022400314,2024-12-01,2024-25,LAC,DEN,1,0.42422217
0022400315,2024-12-02,2024-25,ATL,NOP,1,0.7640879
0022400316,2024-12-02,2024-25,BOS,MIA,1,0.7255906
0022400317,2024-12-02,2024-25,CHI,BKN,1,0.65029573
0022400318,2024-12-02,2024-25,MIN,LAL,1,0.7187277
0022400050,2024-12-03,2024-25,CHA,PHI,0,0.3761873
0022400051,2024-12-03,2024-25,CLE,WAS,1,0.8660158
0022400052,2024-12-03,2024-25,DET,MIL,0,0.3702767
0022400053,2024-12-03,2024-25,NYK,ORL,1,0.6360807
0022400054,2024-12-03,2024-25,TOR,IND,1,0.5461992
0022400055,2024-12-03,2024-25,OKC,UTA,1,0.8628329
0022400056,2024-12-03,2024-25,DAL,MEM,1,0.4282503
0022400057,2024-12-03,2024-25,PHX,SAS,1,0.5730709
0022400058,2024-12-03,2024-25,DEN,GSW,1,0.5377293
0022400059,2024-12-03,2024-25,SAC,HOU,1,0.4627164
0022400060,2024-12-03,2024-25,LAC,POR,1,0.7733251
0022400319,2024-12-04,2024-25,BOS,DET,1,0.78959364
0022400320,2024-12-04,2024-25,BKN,IND,1,0.50249964
0022400321,2024-12-04,2024-25,MIA,LAL,1,0.5984434
0022400322,2024-12-04,2024-25,PHI,ORL,0,0.44030517
0022400323,2024-12-04,2024-25,MIL,ATL,0,0.5454565
0022400324,2024-12-04,2024-25,LAC,MIN,0,0.41425008
0022400325,2024-12-05,2024-25,CLE,DEN,1,0.5705037
0022400326,2024-12-05,2024-25,WAS,DAL,0,0.17500643
0022400327,2024-12-05,2024-25,NYK,CHA,1,0.83395904
0022400328,2024-12-05,2024-25,TOR,OKC,0,0.28898105
0022400329,2024-12-05,2024-25,MEM,SAC,1,0.6509311
0022400330,2024-12-05,2024-25,NOP,PHX,1,0.28118196
0022400331,2024-12-05,2024-25,SAS,CHI,0,0.5751327
0022400332,2024-12-05,2024-25,GSW,HOU,1,0.47175044
0022400333,2024-12-06,2024-25,PHI,ORL,1,0.3738841
0022400334,2024-12-06,2024-25,ATL,LAL,1,0.61686766
0022400335,2024-12-06,2024-25,BOS,MIL,1,0.6384174
0022400336,2024-12-06,2024-25,CHI,IND,0,0.4968243
0022400337,2024-12-06,2024-25,SAS,SAC,0,0.3968354
0022400338,2024-12-06,2024-25,GSW,MIN,0,0.31756404
0022400339,2024-12-06,2024-25,POR,UTA,0,0.5731225
0022400340,2024-12-07,2024-25,CHA,CLE,0,0.209576
0022400341,2024-12-07,2024-25,WAS,DEN,1,0.15246096
0022400342,2024-12-07,2024-25,NOP,OKC,0,0.18494627
0022400343,2024-12-07,2024-25,NYK,DET,0,0.7262209
0022400344,2024-12-07,2024-25,TOR,DAL,0,0.3247161
0022400345,2024-12-07,2024-25,BOS,MEM,0,0.5890797
0022400346,2024-12-07,2024-25,MIA,PHX,1,0.56019855
0022400347,2024-12-08,2024-25,CHI,PHI,0,0.5107943
0022400348,2024-12-08,2024-25,BKN,MIL,0,0.33910936
0022400349,2024-12-08,2024-25,IND,CHA,0,0.81354403
0022400350,2024-12-08,2024-25,ATL,DEN,0,0.5155546
0022400351,2024-12-08,2024-25,MIA,CLE,1,0.49388483
0022400352,2024-12-08,2024-25,ORL,PHX,1,0.67353714
0022400353,2024-12-08,2024-25,WAS,MEM,0,0.16494551
0022400354,2024-12-08,2024-25,SAS,NOP,1,0.73813194
0022400355,2024-12-08,2024-25,GSW,MIN,1,0.4976342
0022400356,2024-12-08,2024-25,LAC,HOU,0,0.31756023
0022400357,2024-12-08,2024-25,SAC,UTA,1,0.79696006
0022400358,2024-12-08,2024-25,LAL,POR,1,0.7214599
0022400359,2024-12-09,2024-25,TOR,NYK,0,0.3041272
0022401201,2024-12-10,2024-25,MIL,ORL,1,0.62101036
0022401203,2024-12-10,2024-25,OKC,DAL,1,0.6580552
0022401202,2024-12-11,2024-25,NYK,ATL,0,0.76487124
0022401204,2024-12-11,2024-25,HOU,GSW,1,0.6188287
0022401205,2024-12-12,2024-25,BOS,DET,1,0.7641124
0022401206,2024-12-12,2024-25,MIA,TOR,1,0.7321491
0022401207,2024-12-12,2024-25,NOP,SAC,0,0.2672498
0022401208,2024-12-13,2024-25,CLE,WAS,1,0.88140666
0022401209,2024-12-13,2024-25,PHI,IND,0,0.58433586
0022401210,2024-12-13,2024-25,MIN,LAL,1,0.69327235
0022401211,2024-12-13,2024-25,MEM,BKN,1,0.7445352
0022401212,2024-12-13,2024-25,CHI,CHA,1,0.7791172
0022401213,2024-12-13,2024-25,DEN,LAC,1,0.7319675
0022401214,2024-12-13,2024-25,UTA,PHX,0,0.30450514
0022401215,2024-12-13,2024-25,POR,SAS,0,0.28763512
0022401216,2024-12-15,2024-25,IND,NOP,1,0.61921364
0022401217,2024-12-15,2024-25,WAS,BOS,0,0.13253349
0022401218,2024-12-15,2024-25,SAS,MIN,0,0.4452109
0022401219,2024-12-15,2024-25,PHX,POR,1,0.77755725
0022401220,2024-12-15,2024-25,LAL,MEM,1,0.38314155
0022401227,2024-12-15,2024-25,ORL,NYK,0,0.3577738
0022401228,2024-12-15,2024-25,GSW,DAL,0,0.46833068
0022401221,2024-12-16,2024-25,DET,MIA,1,0.41269478
0022401222,2024-12-16,2024-25,CHA,PHI,0,0.3383218
0022401223,2024-12-16,2024-25,TOR,CHI,0,0.49119762
0022401224,2024-12-16,2024-25,BKN,CLE,0,0.31425008
0022401225,2024-12-16,2024-25,SAC,DEN,0,0.47357294
0022401226,2024-12-16,2024-25,LAC,UTA,1,0.77044153
0022400360,2024-12-19,2024-25,DET,UTA,0,0.8024098
0022400361,2024-12-19,2024-25,ORL,OKC,0,0.31991017
0022400362,2024-12-19,2024-25,WAS,CHA,1,0.3144792
0022400363,2024-12-19,2024-25,BOS,CHI,0,0.80897814
0022400364,2024-12-19,2024-25,TOR,BKN,0,0.5025037
0022400365,2024-12-19,2024-25,HOU,NOP,1,0.8160495
0022400366,2024-12-19,2024-25,MEM,GSW,1,0.65695715
0022400367,2024-12-19,2024-25,MIN,NYK,0,0.42834005
0022400368,2024-12-19,2024-25,DAL,LAC,0,0.6726205
0022400369,2024-12-19,2024-25,PHX,IND,0,0.5982337
0022400370,2024-12-19,2024-25,SAS,ATL,1,0.53628665
0022400371,2024-12-19,2024-25,POR,DEN,1,0.19864257
0022400372,2024-12-19,2024-25,SAC,LAL,0,0.64550596
0022400373,2024-12-20,2024-25,PHI,CHA,1,0.7349125
0022400374,2024-12-20,2024-25,CLE,MIL,1,0.5299817
0022400375,2024-12-20,2024-25,MIA,OKC,0,0.49813443
0022400376,2024-12-21,2024-25,SAC,LAL,0,0.67355555
0022400377,2024-12-21,2024-25,ORL,MIA,1,0.57305104
0022400378,2024-12-21,2024-25,ATL,MEM,0,0.33849913
0022400379,2024-12-21,2024-25,BKN,UTA,0,0.6767989
0022400380,2024-12-21,2024-25,CLE,PHI,1,0.7345015
0022400381,2024-12-21,2024-25,CHI,BOS,0,0.26324716
0022400382,2024-12-21,2024-25,MIL,WAS,1,0.8657748
0022400383,2024-12-21,2024-25,MIN,GSW,0,0.7208792
0022400384,2024-12-21,2024-25,NOP,NYK,0,0.20874691
0022400385,2024-12-21,2024-25,DAL,LAC,1,0.5075929
0022400386,2024-12-21,2024-25,SAS,POR,1,0.76874644
0022400387,2024-12-21,2024-25,PHX,DET,0,0.5651454
0022400388,2024-12-22,2024-25,TOR,HOU,0,0.25960594
0022400389,2024-12-22,2024-25,SAC,IND,0,0.5100893
0022400390,2024-12-22,2024-25,NOP,DEN,0,0.15976982
0022400391,2024-12-23,2024-25,CHA,HOU,0,0.27387238
0022400392,2024-12-23,2024-25,CLE,UTA,1,0.8339006
0022400393,2024-12-23,2024-25,ORL,BOS,1,0.33951727
0022400394,2024-12-23,2024-25,PHI,SAS,1,0.3544131
0022400395,2024-12-23,2024-25,ATL,MIN,1,0.29808107
0022400396,2024-12-23,2024-25,MIA,BKN,1,0.7404082
0022400397,2024-12-23,2024-25,NYK,TOR,1,0.8614139
0022400398,2024-12-23,2024-25,CHI,MIL,0,0.3467992
0022400399,2024-12-23,2024-25,MEM,LAC,0,0.6766345
0022400400,2024-12-23,2024-25,OKC,WAS,1,0.9157594
0022400401,2024-12-23,2024-25,DAL,POR,1,0.79458064
0022400402,2024-12-23,2024-25,DEN,PHX,1,0.55923605
0022400403,2024-12-23,2024-25,GSW,IND,0,0.48234043
0022400404,2024-12-23,2024-25,LAL,DET,0,0.5172277
0022400405,2024-12-25,2024-25,NYK,SAS,1,0.7143007
0022400406,2024-12-25,2024-25,DAL,MIN,0,0.58110046
0022400407,2024-12-25,2024-25,BOS,PHI,0,0.7650407
0022400408,2024-12-25,2024-25,GSW,LAL,0,0.44640034
0022400409,2024-12-25,2024-25,PHX,DEN,1,0.37752947
0022400410,2024-12-26,2024-25,IND,OKC,0,0.32734308
0022400411,2024-12-26,2024-25,ORL,MIA,0,0.5565796
0022400412,2024-12-26,2024-25,WAS,CHA,1,0.36368176
0022400413,2024-12-26,2024-25,ATL,CHI,1,0.6195155
0022400414,2024-12-26,2024-25,MEM,TOR,1,0.8061756
0022400415,2024-12-26,2024-25,MIL,BKN,0,0.8104101
0022400416,2024-12-26,2024-25,NOP,HOU,0,0.20001894
0022400417,2024-12-26,2024-25,POR,UTA,1,0.4782033
0022400418,2024-12-26,2024-25,SAC,DET,0,0.6088043
0022400419,2024-12-27,2024-25,ORL,NYK,0,0.24050002
0022400420,2024-12-27,2024-25,BOS,IND,1,0.8076231
0022400421,2024-12-27,2024-25,BKN,SAS,0,0.24031813
0022400422,2024-12-27,2024-25,HOU,MIN,0,0.50816244
0022400423,2024-12-27,2024-25,NOP,MEM,0,0.165187
0022400424,2024-12-27,2024-25,DEN,CLE,0,0.5005455
0022400425,2024-12-27,2024-25,PHX,DAL,0,0.3956479
0022400426,2024-12-27,2024-25,LAC,GSW,1,0.71670485
0022400427,2024-12-28,2024-25,ATL,MIA,1,0.54174757
0022400428,2024-12-28,2024-25,CHA,OKC,0,0.19762139
0022400429,2024-12-28,2024-25,WAS,NYK,0,0.14792728
0022400430,2024-12-28,2024-25,CHI,MIL,1,0.32905668
0022400431,2024-12-28,2024-25,GSW,PHX,1,0.36227587
0022400432,2024-12-28,2024-25,DEN,DET,1,0.6228591
0022400433,2024-12-28,2024-25,UTA,PHI,0,0.32733142
0022400434,2024-12-28,2024-25,POR,DAL,1,0.30507812
0022400435,2024-12-28,2024-25,LAL,SAC,1,0.5114658
0022400436,2024-12-29,2024-25,ORL,BKN,1,0.72208637
0022400437,2024-12-29,2024-25,BOS,IND,0,0.7869129
0022400438,2024-12-29,2024-25,TOR,ATL,0,0.47617656
0022400439,2024-12-29,2024-25,HOU,MIA,0,0.7522436
0022400440,2024-12-29,2024-25,OKC,MEM,1,0.44147763
0022400441,2024-12-29,2024-25,MIN,SAS,1,0.6217004
0022400442,2024-12-30,2024-25,CHA,CHI,0,0.329667
0022400443,2024-12-30,2024-25,WAS,NYK,0,0.13551417
0022400444,2024-12-30,2024-25,NOP,LAC,0,0.19185105
0022400445,2024-12-30,2024-25,UTA,DEN,0,0.22377837
0022400446,2024-12-30,2024-25,GSW,CLE,0,0.29198316
0022400447,2024-12-30,2024-25,POR,PHI,0,0.3047678
0022400448,2024-12-30,2024-25,SAC,DAL,1,0.55314714
0022400449,2024-12-31,2024-25,BOS,TOR,1,0.86115885
0022400450,2024-12-31,2024-25,IND,MIL,0,0.4048044
0022400451,2024-12-31,2024-25,SAS,LAC,1,0.5362039
0022400452,2024-12-31,2024-25,OKC,MIN,1,0.6944966
0022400453,2024-12-31,2024-25,PHX,MEM,0,0.38953817
0022400454,2024-12-31,2024-25,LAL,CLE,0,0.43941832
0022400455,2025-01-01,2024-25,DET,ORL,1,0.51895744
0022400456,2025-01-01,2024-25,WAS,CHI,1,0.22305901
0022400457,2025-01-01,2024-25,MIA,NOP,1,0.81072044
0022400458,2025-01-01,2024-25,NYK,UTA,1,0.8631424
0022400459,2025-01-01,2024-25,TOR,BKN,1,0.43232518
0022400460,2025-01-01,2024-25,HOU,DAL,1,0.7144841
0022400461,2025-01-01,2024-25,DEN,ATL,1,0.65778905
0022400462,2025-01-01,2024-25,SAC,PHI,1,0.56793183
0022400463,2025-01-02,2024-25,MIA,IND,0,0.52449596
0022400464,2025-01-02,2024-25,MIN,BOS,0,0.33635566
0022400465,2025-01-02,2024-25,MIL,BKN,0,0.85740685
0022400466,2025-01-02,2024-25,OKC,LAC,1,0.7252846
0022400467,2025-01-02,2024-25,GSW,PHI,1,0.5923754
0022400468,2025-01-02,2024-25,LAL,POR,1,0.7691127
0022400469,2025-01-03,2024-25,DET,CHA,1,0.73511535
0022400470,2025-01-03,2024-25,TOR,ORL,0,0.44262445
0022400471,2025-01-03,2024-25,HOU,BOS,0,0.5343106
0022400472,2025-01-03,2024-25,NOP,WAS,1,0.59720993
0022400473,2025-01-03,2024-25,OKC,NYK,1,0.43747485
0022400474,2025-01-03,2024-25,DAL,CLE,0,0.34633917
0022400475,2025-01-03,2024-25,DEN,SAS,0,0.6980382
0022400476,2025-01-03,2024-25,SAC,MEM,1,0.48209095
0022400477,2025-01-03,2024-25,LAL,ATL,1,0.42698675
0022400478,2025-01-04,2024-25,BKN,PHI,0,0.35779393
0022400479,2025-01-04,2024-25,DET,MIN,1,0.30887368
0022400480,2025-01-04,2024-25,IND,PHX,1,0.63387847
0022400481,2025-01-04,2024-25,MIA,UTA,0,0.778724
0022400482,2025-01-04,2024-25,CHI,NYK,1,0.36386293
0022400483,2025-01-04,2024-25,MIL,POR,0,0.8305241
0022400484,2025-01-04,2024-25,SAS,DEN,0,0.38112172
0022400485,2025-01-04,2024-25,GSW,MEM,1,0.41409555
0022400486,2025-01-04,2024-25,LAC,ATL,1,0.642718
0022400487,2025-01-05,2024-25,OKC,BOS,1,0.5448748
0022400488,2025-01-05,2024-25,CLE,CHA,1,0.85322326
0022400489,2025-01-05,2024-25,WAS,NOP,0,0.48412108
0022400490,2025-01-05,2024-25,ORL,UTA,0,0.75160855
0022400491,2025-01-05,2024-25,HOU,LAL,1,0.6449114
0022400492,2025-01-05,2024-25,GSW,SAC,0,0.3922231
0022400493,2025-01-06,2024-25,DET,POR,1,0.73868465
0022400494,2025-01-06,2024-25,PHI,PHX,0,0.63289756
0022400495,2025-01-06,2024-25,BKN,IND,0,0.26531702
0022400496,2025-01-06,2024-25,NYK,ORL,0,0.79545814
0022400497,2025-01-06,2024-25,TOR,MIL,0,0.30345497
0022400498,2025-01-06,2024-25,CHI,SAS,1,0.51078993
0022400499,2025-01-06,2024-25,MEM,DAL,1,0.632296
0022400500,2025-01-06,2024-25,MIN,LAC,1,0.50195247
0022400501,2025-01-06,2024-25,SAC,MIA,1,0.475389
0022400502,2025-01-07,2024-25,CHA,PHX,1,0.4697576
0022400503,2025-01-07,2024-25,WAS,HOU,0,0.21643347
0022400504,2025-01-07,2024-25,DAL,LAL,1,0.4602828
0022400505,2025-01-07,2024-25,NOP,MIN,0,0.2904447
0022400506,2025-01-07,2024-25,UTA,ATL,0,0.4885702
0022400507,2025-01-07,2024-25,DEN,BOS,0,0.45717052
0022400508,2025-01-07,2024-25,GSW,MIA,0,0.4814063
0022400509,2025-01-08,2024-25,CLE,OKC,1,0.48329443
0022400510,2025-01-08,2024-25,IND,CHI,1,0.58963096
0022400511,2025-01-08,2024-25,NYK,TOR,1,0.81818855
0022400512,2025-01-08,2024-25,PHI,WAS,1,0.8457071
0022400513,2025-01-08,2024-25,BKN,DET,0,0.30219784
0022400514,2025-01-08,2024-25,NOP,POR,0,0.587281
0022400515,2025-01-08,2024-25,DEN,LAC,1,0.3972699
0022400516,2025-01-08,2024-25,MIL,SAS,1,0.7030886
0022400517,2025-01-09,2024-25,CLE,TOR,1,0.85079145
0022400518,2025-01-09,2024-25,DET,GSW,0,0.50442594
0022400519,2025-01-09,2024-25,ORL,MIN,0,0.4452347
0022400520,2025-01-09,2024-25,MEM,HOU,0,0.5353469
0022400521,2025-01-09,2024-25,DAL,POR,1,0.8259767
0022400522,2025-01-09,2024-25,PHX,ATL,1,0.5221318
0022400523,2025-01-09,2024-25,UTA,MIA,0,0.3661474
0022400525,2025-01-10,2024-25,IND,GSW,1,0.76487505
0022400526,2025-01-10,2024-25,ORL,MIL,0,0.25986958
0022400527,2025-01-10,2024-25,PHI,NOP,0,0.7792883
0022400528,2025-01-10,2024-25,BOS,SAC,0,0.7233316
0022400529,2025-01-10,2024-25,NYK,OKC,0,0.4157462
0022400530,2025-01-10,2024-25,CHI,WAS,1,0.8036448
0022400531,2025-01-10,2024-25,DEN,BKN,1,0.8426302
0022400533,2025-01-11,2024-25,PHX,UTA,1,0.65040696
0022400534,2025-01-11,2024-25,DET,TOR,1,0.6318404
0022400535,2025-01-11,2024-25,MIN,MEM,0,0.40520516
0022400536,2025-01-11,2024-25,POR,MIA,0,0.25572613
0022400539,2025-01-12,2024-25,NYK,MIL,1,0.5659252
0022400540,2025-01-12,2024-25,DAL,DEN,0,0.36562586
0022400541,2025-01-12,2024-25,CHI,SAC,0,0.49355543
0022400542,2025-01-12,2024-25,BOS,NOP,1,0.88485223
0022400543,2025-01-12,2024-25,CLE,IND,0,0.7224544
0022400544,2025-01-12,2024-25,ORL,PHI,1,0.48148334
0022400545,2025-01-12,2024-25,WAS,OKC,0,0.12419466
0022400546,2025-01-12,2024-25,UTA,BKN,1,0.6653459
0022400547,2025-01-12,2024-25,PHX,CHA,1,0.5536622
0022400548,2025-01-13,2024-25,WAS,MIN,0,0.15843138
0022400549,2025-01-13,2024-25,NYK,DET,0,0.6972603
0022400550,2025-01-13,2024-25,TOR,GSW,1,0.57782596
0022400551,2025-01-13,2024-25,HOU,MEM,1,0.4058058
0022400552,2025-01-13,2024-25,LAL,SAS,0,0.5784082
0022400553,2025-01-13,2024-25,LAC,MIA,1,0.53214085
0022400554,2025-01-14,2024-25,IND,CLE,0,0.3655637
0022400555,2025-01-14,2024-25,PHI,OKC,0,0.29315096
0022400556,2025-01-14,2024-25,ATL,PHX,1,0.5385752
0022400557,2025-01-14,2024-25,CHI,NOP,0,0.7918883
0022400558,2025-01-14,2024-25,MIL,SAC,1,0.5581381
0022400559,2025-01-14,2024-25,DAL,DEN,0,0.35601917
0022400560,2025-01-14,2024-25,POR,BKN,0,0.64567554
0022400561,2025-01-15,2024-25,PHI,NYK,0,0.22859316
0022400562,2025-01-15,2024-25,TOR,BOS,1,0.20692497
0022400563,2025-01-15,2024-25,CHI,ATL,0,0.61796474
0022400564,2025-01-15,2024-25,MIL,ORL,1,0.6896832
0022400565,2025-01-15,2024-25,MIN,GSW,0,0.77932984
0022400566,2025-01-15,2024-25,NOP,DAL,1,0.33265227
0022400567,2025-01-15,2024-25,SAS,MEM,0,0.31842136
0022400568,2025-01-15,2024-25,DEN,HOU,0,0.592664
0022400569,2025-01-15,2024-25,UTA,CHA,0,0.46781334
0022400570,2025-01-15,2024-25,LAL,MIA,1,0.52869284
0022400571,2025-01-15,2024-25,LAC,BKN,1,0.8188771
0022400572,2025-01-16,2024-25,DET,IND,0,0.4525216
0022400573,2025-01-16,2024-25,WAS,PHX,0,0.2102352
0022400574,2025-01-16,2024-25,OKC,CLE,1,0.5769551
0022400575,2025-01-16,2024-25,POR,LAC,0,0.29669794
0022400576,2025-01-16,2024-25,SAC,HOU,1,0.6196311
0022400577,2025-01-17,2024-25,BOS,ORL,1,0.80770993
0022400578,2025-01-17,2024-25,NYK,MIN,0,0.6758834
0022400579,2025-01-17,2024-25,MIA,DEN,0,0.48732144
0022400580,2025-01-17,2024-25,MIL,TOR,1,0.80345047
0022400581,2025-01-17,2024-25,NOP,UTA,1,0.5965111
0022400582,2025-01-17,2024-25,SAS,MEM,0,0.31273606
0022400583,2025-01-17,2024-25,DAL,OKC,1,0.31482095
0022400584,2025-01-17,2024-25,CHI,CHA,0,0.62162226
0022400585,2025-01-17,2024-25,LAL,BKN,1,0.8200562
0022400586,2025-01-18,2024-25,DET,PHX,0,0.3990508
0022400587,2025-01-18,2024-25,BOS,ATL,0,0.76764023
0022400588,2025-01-18,2024-25,IND,PHI,1,0.6178435
0022400589,2025-01-18,2024-25,GSW,WAS,1,0.6857905
0022400590,2025-01-18,2024-25,MIN,CLE,0,0.25713825
0022400591,2025-01-18,2024-25,POR,HOU,0,0.20260851
0022400592,2025-01-19,2024-25,MIA,SAS,1,0.6442044
0022400593,2025-01-19,2024-25,ORL,DEN,0,0.23547222
0022400594,2025-01-19,2024-25,MIL,PHI,1,0.82102954
0022400595,2025-01-19,2024-25,OKC,BKN,1,0.86345893
0022400596,2025-01-19,2024-25,LAC,LAL,1,0.53973407
0022400597,2025-01-19,2024-25,POR,CHI,1,0.23338969
0022400598,2025-01-19,2024-25,SAC,WAS,1,0.877358
0022400599,2025-01-20,2024-25,CHA,DAL,1,0.44120556
0022400600,2025-01-20,2024-25,HOU,DET,0,0.71556735
0022400601,2025-01-20,2024-25,MEM,MIN,1,0.71447754
0022400602,2025-01-20,2024-25,NYK,ATL,1,0.65845126
0022400603,2025-01-20,2024-25,CLE,PHX,1,0.7356205
0022400604,2025-01-20,2024-25,GSW,BOS,0,0.2165005
0022400605,2025-01-20,2024-25,NOP,UTA,1,0.60846454
0022400611,2025-01-20,2024-25,LAC,CHI,0,0.6541582
0022400606,2025-01-21,2024-25,BKN,NYK,0,0.21610773
0022400607,2025-01-21,2024-25,MIA,POR,0,0.7989837
0022400608,2025-01-21,2024-25,TOR,ORL,1,0.4406488
0022400609,2025-01-21,2024-25,DEN,PHI,1,0.80531114
0022400610,2025-01-21,2024-25,LAL,WAS,1,0.8038034
0022400612,2025-01-22,2024-25,ATL,DET,0,0.62032086
0022400613,2025-01-22,2024-25,BKN,PHX,0,0.23403917
0022400614,2025-01-22,2024-25,DAL,MIN,0,0.57352436
0022400615,2025-01-22,2024-25,HOU,CLE,1,0.468619
0022400616,2025-01-22,2024-25,MEM,CHA,1,0.7486004
0022400618,2025-01-22,2024-25,OKC,UTA,1,0.88059336
0022400619,2025-01-22,2024-25,SAC,GSW,1,0.8124251
0022400620,2025-01-22,2024-25,LAC,BOS,0,0.25986537
0022400622,2025-01-23,2024-25,ORL,POR,0,0.7291417
0022400623,2025-01-23,2024-25,ATL,TOR,0,0.63662577
0022400624,2025-01-23,2024-25,MIL,MIA,1,0.72012854
0022400625,2025-01-23,2024-25,OKC,DAL,0,0.80351645
0022400626,2025-01-23,2024-25,DEN,SAC,1,0.72723854
0022400628,2025-01-23,2024-25,GSW,CHI,1,0.27254212
0022400629,2025-01-23,2024-25,LAL,BOS,1,0.53391176
0022400983,2025-01-23,2024-25,LAC,WAS,1,0.51601934
0022400630,2025-01-24,2024-25,CHA,POR,0,0.71089536
0022400631,2025-01-24,2024-25,PHI,CLE,1,0.2803409
0022400632,2025-01-24,2024-25,MEM,NOP,1,0.7954104
0022400634,2025-01-25,2024-25,MIN,DEN,1,0.31165105
0022400635,2025-01-25,2024-25,DAL,BOS,0,0.29119954
0022400636,2025-01-25,2024-25,BKN,MIA,0,0.23099767
0022400637,2025-01-25,2024-25,CHA,NOP,1,0.4651339
0022400638,2025-01-25,2024-25,ORL,DET,1,0.49369088
0022400639,2025-01-25,2024-25,ATL,TOR,0,0.7244003
0022400640,2025-01-25,2024-25,CLE,HOU,0,0.4619108
0022400641,2025-01-25,2024-25,NYK,SAC,1,0.6548018
0022400642,2025-01-25,2024-25,CHI,PHI,0,0.6585612
0022400643,2025-01-25,2024-25,MEM,UTA,1,0.7447473
0022400644,2025-01-25,2024-25,GSW,LAL,0,0.31082582
0022400645,2025-01-25,2024-25,PHX,WAS,1,0.80134887
0022400646,2025-01-25,2024-25,LAC,MIL,1,0.37178397
0022400647,2025-01-26,2024-25,POR,OKC,0,0.2075104
0022400648,2025-01-27,2024-25,CHA,LAL,0,0.32901898
0022400649,2025-01-27,2024-25,CLE,DET,1,0.7425369
0022400650,2025-01-27,2024-25,BOS,HOU,0,0.6043032
0022400651,2025-01-27,2024-25,BKN,SAC,0,0.21857896
0022400652,2025-01-27,2024-25,MIA,ORL,1,0.54719794
0022400653,2025-01-27,2024-25,NYK,MEM,1,0.619338
0022400654,2025-01-27,2024-25,TOR,NOP,1,0.5025194
0022400655,2025-01-27,2024-25,CHI,DEN,1,0.29539296
0022400656,2025-01-27,2024-25,MIN,ATL,1,0.6579342
0022400657,2025-01-27,2024-25,DAL,WAS,1,0.7144532
0022400658,2025-01-27,2024-25,UTA,MIL,0,0.17165384
0022400659,2025-01-27,2024-25,PHX,LAC,1,0.4865643
0022400532,2025-01-28,2024-25,ATL,HOU,0,0.22724426
0022400660,2025-01-28,2024-25,PHI,LAL,1,0.3938768
0022400661,2025-01-28,2024-25,GSW,UTA,1,0.7517228
0022400662,2025-01-28,2024-25,POR,MIL,1,0.27999878
0022400663,2025-01-29,2024-25,CHA,BKN,0,0.74351865
0022400664,2025-01-29,2024-25,IND,DET,1,0.7331524
0022400665,2025-01-29,2024-25,WAS,TOR,0,0.43210378
0022400666,2025-01-29,2024-25,BOS,CHI,1,0.71631026
0022400667,2025-01-29,2024-25,MIA,CLE,0,0.39136294
0022400668,2025-01-29,2024-25,NYK,DEN,1,0.48178416
0022400669,2025-01-29,2024-25,PHI,SAC,1,0.28585654
0022400670,2025-01-29,2024-25,NOP,DAL,0,0.4442888
0022400671,2025-01-29,2024-25,SAS,LAC,0,0.47817358
0022400672,2025-01-29,2024-25,PHX,MIN,0,0.5231624
0022400673,2025-01-29,2024-25,GSW,OKC,1,0.16167538
0022400674,2025-01-30,2024-25,WAS,LAL,0,0.15930139
0022400675,2025-01-30,2024-25,CLE,ATL,1,0.67185605
0022400676,2025-01-30,2024-25,MEM,HOU,1,0.48574346
0022400677,2025-01-30,2024-25,UTA,MIN,0,0.31406388
0022400678,2025-01-30,2024-25,POR,ORL,1,0.42896298
0022400679,2025-01-31,2024-25,CHA,LAC,0,0.25883588
0022400680,2025-01-31,2024-25,DET,DAL,1,0.4918361
0022400681,2025-01-31,2024-25,PHI,DEN,0,0.3037221
0022400682,2025-01-31,2024-25,TOR,CHI,0,0.51764417
0022400683,2025-01-31,2024-25,NOP,BOS,0,0.31502312
0022400684,2025-01-31,2024-25,SAS,MIL,1,0.3096579
0022400685,2025-01-31,2024-25,GSW,PHX,0,0.40549666
0022400686,2025-02-01,2024-25,IND,ATL,1,0.7700144
0022400687,2025-02-01,2024-25,UTA,ORL,1,0.29673737
0022400688,2025-02-01,2024-25,CHA,DEN,0,0.20466213
0022400689,2025-02-01,2024-25,HOU,BKN,0,0.84236646
0022400690,2025-02-01,2024-25,MIN,WAS,0,0.8329985
0022400691,2025-02-01,2024-25,OKC,SAC,1,0.6993929
0022400692,2025-02-01,2024-25,NYK,LAL,0,0.6218849
0022400693,2025-02-01,2024-25,SAS,MIA,0,0.48617876
0022400694,2025-02-01,2024-25,POR,PHX,1,0.5108624
0022400695,2025-02-02,2024-25,DET,CHI,1,0.5809666
0022400696,2025-02-02,2024-25,CLE,DAL,1,0.7163985
0022400697,2025-02-02,2024-25,TOR,LAC,1,0.2937565
0022400698,2025-02-02,2024-25,PHI,BOS,0,0.32071763
0022400699,2025-02-02,2024-25,MIL,MEM,0,0.65957105
0022400700,2025-02-03,2024-25,CHA,WAS,0,0.69945717
0022400701,2025-02-03,2024-25,DET,ATL,0,0.5883565
0022400702,2025-02-03,2024-25,NYK,HOU,1,0.59482443
0022400703,2025-02-03,2024-25,MEM,SAS,1,0.5593219
0022400704,2025-02-03,2024-25,MIN,SAC,0,0.5483228
0022400705,2025-02-03,2024-25,OKC,MIL,1,0.6731893
0022400706,2025-02-03,2024-25,DEN,NOP,1,0.80877835
0022400707,2025-02-03,2024-25,UTA,IND,0,0.2300906
0022400708,2025-02-03,2024-25,GSW,ORL,1,0.5203314
0022400709,2025-02-03,2024-25,POR,PHX,1,0.47658733
0022400710,2025-02-04,2024-25,CLE,BOS,0,0.54136294
0022400711,2025-02-04,2024-25,BKN,HOU,1,0.33068597
0022400712,2025-02-04,2024-25,PHI,DAL,1,0.6948078
0022400713,2025-02-04,2024-25,TOR,NYK,0,0.34190252
0022400714,2025-02-04,2024-25,CHI,MIA,1,0.4827228
0022400715,2025-02-04,2024-25,LAC,LAL,0,0.4826215
0022400716,2025-02-04,2024-25,POR,IND,1,0.38397875
0022400717,2025-02-05,2024-25,CHA,MIL,0,0.36777726
0022400718,2025-02-05,2024-25,DET,CLE,0,0.46639684
0022400719,2025-02-05,2024-25,ATL,SAS,0,0.41670406
0022400720,2025-02-05,2024-25,BKN,WAS,0,0.56836313
0022400721,2025-02-05,2024-25,PHI,MIA,0,0.58290815
0022400722,2025-02-05,2024-25,TOR,MEM,0,0.2578496
0022400723,2025-02-05,2024-25,MIN,CHI,1,0.73595124
0022400724,2025-02-05,2024-25,OKC,PHX,1,0.74385387
0022400725,2025-02-05,2024-25,UTA,GSW,1,0.4173617
0022400726,2025-02-05,2024-25,DEN,NOP,1,0.75947845
0022400727,2025-02-05,2024-25,SAC,ORL,0,0.70841163
0022400728,2025-02-06,2024-25,BOS,DAL,0,0.7874409
0022400729,2025-02-06,2024-25,MIN,HOU,1,0.4277858
0022400730,2025-02-06,2024-25,DEN,ORL,1,0.77089024
0022400731,2025-02-06,2024-25,LAL,GSW,1,0.82675403
0022400732,2025-02-06,2024-25,POR,SAC,1,0.4621873
0022400733,2025-02-06,2024-25,LAC,IND,0,0.43982232
0022400734,2025-02-07,2024-25,CHA,SAS,1,0.36867452
0022400735,2025-02-07,2024-25,WAS,CLE,0,0.2048167
0022400736,2025-02-07,2024-25,ATL,MIL,1,0.33209404
0022400737,2025-02-07,2024-25,BKN,MIA,1,0.31679803
0022400738,2025-02-07,2024-25,DET,PHI,1,0.59408456
0022400739,2025-02-07,2024-25,OKC,TOR,1,0.8466933
0022400740,2025-02-07,2024-25,PHX,UTA,1,0.7077291
0022400741,2025-02-08,2024-25,DAL,HOU,1,0.40687948
0022400742,2025-02-08,2024-25,LAL,IND,1,0.61386377
0022400743,2025-02-08,2024-25,ORL,SAS,1,0.49387494
0022400744,2025-02-08,2024-25,WAS,ATL,0,0.33478504
0022400745,2025-02-08,2024-25,CHI,GSW,0,0.56850964
0022400746,2025-02-08,2024-25,MEM,OKC,0,0.44547123
0022400747,2025-02-08,2024-25,MIN,POR,1,0.675018
0022400748,2025-02-08,2024-25,NYK,BOS,0,0.51084816
0022400749,2025-02-08,2024-25,PHX,DEN,0,0.28487176
0022400750,2025-02-08,2024-25,SAC,NOP,1,0.72064143
0022400751,2025-02-08,2024-25,LAC,UTA,1,0.8190706
0022400752,2025-02-09,2024-25,DET,CHA,1,0.71947765
0022400753,2025-02-09,2024-25,HOU,TOR,1,0.68674666
0022400754,2025-02-09,2024-25,MIL,PHI,1,0.5297845
0022400755,2025-02-10,2024-25,CLE,MIN,1,0.65341526
0022400756,2025-02-10,2024-25,ORL,ATL,0,0.5097644
0022400757,2025-02-10,2024-25,WAS,SAS,0,0.227042
0022400758,2025-02-10,2024-25,BKN,CHA,1,0.5627638
0022400759,2025-02-10,2024-25,MIA,BOS,0,0.29457054
0022400760,2025-02-10,2024-25,MIL,GSW,0,0.49710977
0022400761,2025-02-10,2024-25,OKC,NOP,1,0.8091726
0022400762,2025-02-10,2024-25,DAL,SAC,0,0.41791776
0022400763,2025-02-10,2024-25,DEN,POR,1,0.7354574
0022400768,2025-02-10,2024-25,LAL,UTA,1,0.8083201
0022400764,2025-02-11,2024-25,PHI,TOR,0,0.7524174
0022400765,2025-02-11,2024-25,IND,NYK,0,0.55859494
0022400766,2025-02-11,2024-25,CHI,DET,0,0.32419536
0022400767,2025-02-11,2024-25,PHX,MEM,0,0.4472162
0022400769,2025-02-12,2024-25,BOS,SAS,1,0.681117
0022400770,2025-02-12,2024-25,ORL,CHA,1,0.6008317
0022400771,2025-02-12,2024-25,WAS,IND,0,0.25727546
0022400772,2025-02-12,2024-25,BKN,PHI,1,0.33248428
0022400773,2025-02-12,2024-25,NYK,ATL,1,0.63887495
0022400774,2025-02-12,2024-25,TOR,CLE,0,0.22286059
0022400775,2025-02-12,2024-25,CHI,DET,0,0.2619794
0022400776,2025-02-12,2024-25,MIN,MIL,0,0.5529029
0022400777,2025-02-12,2024-25,NOP,SAC,0,0.30572474
0022400778,2025-02-12,2024-25,OKC,MIA,1,0.83387774
0022400779,2025-02-12,2024-25,HOU,PHX,1,0.56901497
0022400780,2025-02-12,2024-25,DEN,POR,1,0.76522714
0022400781,2025-02-12,2024-25,UTA,LAL,1,0.21297829
0022400782,2025-02-12,2024-25,DAL,GSW,1,0.48924875
0022400783,2025-02-12,2024-25,LAC,MEM,1,0.6323922
0022400784,2025-02-13,2024-25,HOU,GSW,0,0.57248616
0022400785,2025-02-13,2024-25,NOP,SAC,1,0.29371503
0022400786,2025-02-13,2024-25,DAL,MIA,1,0.5741443
0022400787,2025-02-13,2024-25,MIN,OKC,1,0.3021874
0022401004,2025-02-13,2024-25,UTA,LAC,0,0.25352988
0022400524,2025-02-19,2024-25,LAL,CHA,0,0.8594828
0022400788,2025-02-20,2024-25,IND,MEM,1,0.56683487
0022400789,2025-02-20,2024-25,PHI,BOS,0,0.28763217
0022400790,2025-02-20,2024-25,ATL,ORL,0,0.514083
0022400791,2025-02-20,2024-25,BKN,CLE,0,0.19749019
0022400792,2025-02-20,2024-25,NYK,CHI,1,0.8229696
0022400793,2025-02-20,2024-25,MIL,LAC,1,0.45855343
0022400794,2025-02-20,2024-25,DEN,CHA,1,0.869022
0022400795,2025-02-20,2024-25,SAS,PHX,1,0.5502224
0022400796,2025-02-20,2024-25,POR,LAL,0,0.39353845
0022400797,2025-02-21,2024-25,CLE,NYK,1,0.5995647
0022400798,2025-02-21,2024-25,ORL,MEM,0,0.3548076
0022400799,2025-02-21,2024-25,WAS,MIL,0,0.23838021
0022400800,2025-02-21,2024-25,TOR,MIA,0,0.47114053
0022400801,2025-02-21,2024-25,HOU,MIN,1,0.44687477
0022400802,2025-02-21,2024-25,SAS,DET,0,0.29006597
0022400803,2025-02-21,2024-25,DAL,NOP,1,0.6116547
0022400804,2025-02-21,2024-25,UTA,OKC,0,0.16686733
0022400805,2025-02-21,2024-25,SAC,GSW,0,0.5731256
0022400806,2025-02-22,2024-25,CHI,PHX,0,0.31051376
0022400807,2025-02-22,2024-25,PHI,BKN,0,0.7401734
0022400808,2025-02-22,2024-25,DEN,LAL,0,0.6737831
0022400809,2025-02-22,2024-25,UTA,HOU,1,0.35393196
0022400810,2025-02-22,2024-25,POR,CHA,1,0.7293975
0022400811,2025-02-23,2024-25,BOS,NYK,1,0.6264276
0022400812,2025-02-23,2024-25,GSW,DAL,1,0.5898245
0022400813,2025-02-23,2024-25,IND,LAC,1,0.523357
0022400814,2025-02-23,2024-25,ATL,DET,0,0.30406636
0022400815,2025-02-23,2024-25,ORL,WAS,1,0.7142222
0022400816,2025-02-23,2024-25,TOR,PHX,1,0.42355883
0022400817,2025-02-23,2024-25,MIL,MIA,1,0.6464581
0022400818,2025-02-23,2024-25,NOP,SAS,1,0.43159553
0022400819,2025-02-23,2024-25,CLE,MEM,1,0.62609446
0022400820,2025-02-23,2024-25,MIN,OKC,0,0.34454688
0022400821,2025-02-24,2024-25,DET,LAC,1,0.5439731
0022400822,2025-02-24,2024-25,IND,DEN,0,0.34281233
0022400823,2025-02-24,2024-25,PHI,CHI,0,0.6500778
0022400824,2025-02-24,2024-25,WAS,BKN,1,0.30347073
0022400825,2025-02-24,2024-25,ATL,MIA,1,0.46696272
0022400826,2025-02-24,2024-25,OKC,MIN,0,0.72041816
0022400827,2025-02-24,2024-25,UTA,POR,0,0.34563065
0022400828,2025-02-24,2024-25,SAC,CHA,1,0.7407527
0022400829,2025-02-25,2024-25,TOR,BOS,0,0.25337377
0022400830,2025-02-25,2024-25,ORL,CLE,0,0.2790211
0022400831,2025-02-25,2024-25,HOU,MIL,1,0.4403405
0022400832,2025-02-25,2024-25,MEM,PHX,1,0.6012859
0022400833,2025-02-25,2024-25,NOP,SAS,1,0.47774887
0022400834,2025-02-25,2024-25,GSW,CHA,1,0.87504786
0022400835,2025-02-25,2024-25,LAL,DAL,1,0.75080454
0022400836,2025-02-26,2024-25,DET,BOS,1,0.5721726
0022400837,2025-02-26,2024-25,IND,TOR,1,0.7887094
0022400838,2025-02-26,2024-25,NYK,PHI,1,0.69123006
0022400839,2025-02-26,2024-25,WAS,POR,0,0.26371694
0022400840,2025-02-26,2024-25,BKN,OKC,0,0.15909052
0022400841,2025-02-26,2024-25,MIA,ATL,1,0.57095647
0022400842,2025-02-26,2024-25,CHI,LAC,0,0.29568824
0022400843,2025-02-26,2024-25,UTA,SAC,0,0.2790916
0022400844,2025-02-26,2024-25,HOU,SAS,1,0.57962227
0022400845,2025-02-27,2024-25,ORL,GSW,0,0.2734908
0022400846,2025-02-27,2024-25,MIL,DEN,1,0.43608692
0022400847,2025-02-27,2024-25,DAL,CHA,1,0.83009535
0022400848,2025-02-27,2024-25,PHX,NOP,0,0.668589
0022400849,2025-02-27,2024-25,LAL,MIN,1,0.6066597
0022400850,2025-02-28,2024-25,DET,DEN,0,0.57798713
0022400851,2025-02-28,2024-25,ATL,OKC,0,0.21631874
0022400852,2025-02-28,2024-25,BOS,CLE,0,0.54118586
0022400853,2025-02-28,2024-25,BKN,POR,0,0.36066854
0022400854,2025-02-28,2024-25,MIA,IND,1,0.3947897
0022400855,2025-02-28,2024-25,CHI,TOR,1,0.5541696
0022400856,2025-02-28,2024-25,MEM,NYK,0,0.56924266
0022400857,2025-02-28,2024-25,PHX,NOP,1,0.6460546
0022400858,2025-02-28,2024-25,UTA,MIN,1,0.25854155
0022400859,2025-02-28,2024-25,LAL,LAC,1,0.5899439
0022400860,2025-03-01,2024-25,CHA,WAS,0,0.4158154
0022400861,2025-03-01,2024-25,DET,BKN,1,0.75606394
0022400862,2025-03-01,2024-25,HOU,SAC,0,0.46144772
0022400863,2025-03-01,2024-25,MEM,SAS,0,0.6648552
0022400864,2025-03-01,2024-25,PHI,GSW,1,0.3370731
0022400865,2025-03-01,2024-25,DAL,MIL,0,0.38290432
0022400866,2025-03-02,2024-25,BOS,DEN,1,0.6172745
0022400867,2025-03-02,2024-25,CLE,POR,1,0.7237816
0022400868,2025-03-02,2024-25,IND,CHI,1,0.7775786
0022400869,2025-03-02,2024-25,MIA,NYK,0,0.40939415
0022400870,2025-03-02,2024-25,ORL,TOR,0,0.5244563
0022400871,2025-03-02,2024-25,SAS,OKC,0,0.16600995
0022400872,2025-03-02,2024-25,UTA,NOP,0,0.5605014
0022400873,2025-03-02,2024-25,PHX,MIN,0,0.37573633
0022400874,2025-03-02,2024-25,LAL,LAC,1,0.6852696
0022400875,2025-03-03,2024-25,CHA,GSW,0,0.16263168
0022400876,2025-03-03,2024-25,PHI,POR,0,0.46274215
0022400877,2025-03-03,2024-25,MIA,WAS,1,0.6913984
0022400878,2025-03-03,2024-25,MEM,ATL,0,0.6806888
0022400879,2025-03-03,2024-25,OKC,HOU,1,0.6993295
0022400880,2025-03-03,2024-25,DAL,SAC,0,0.4648887
0022400881,2025-03-03,2024-25,UTA,DET,0,0.18693481
0022400882,2025-03-04,2024-25,IND,HOU,1,0.85827655
0022400883,2025-03-04,2024-25,ORL,TOR,0,0.53097516
0022400884,2025-03-04,2024-25,ATL,MIL,0,0.25859654
0022400885,2025-03-04,2024-25,NYK,GSW,0,0.5959246
0022400886,2025-03-04,2024-25,CHI,CLE,0,0.2087615
0022400887,2025-03-04,2024-25,MIN,PHI,1,0.8422519
0022400888,2025-03-04,2024-25,SAS,BKN,1,0.625221
0022400889,2025-03-04,2024-25,PHX,LAC,1,0.42535853
0022400890,2025-03-04,2024-25,LAL,NOP,1,0.81940174
0022400891,2025-03-05,2024-25,BOS,POR,1,0.6718357
0022400892,2025-03-05,2024-25,CHA,MIN,0,0.1683037
0022400893,2025-03-05,2024-25,CLE,MIA,1,0.6681732
0022400894,2025-03-05,2024-25,WAS,UTA,1,0.53090984
0022400895,2025-03-05,2024-25,MEM,OKC,0,0.30004686
0022400896,2025-03-05,2024-25,DEN,SAC,1,0.70988137
0022400897,2025-03-05,2024-25,MIL,DAL,1,0.6257136
0022400898,2025-03-05,2024-25,LAC,DET,1,0.29310808
0022400899,2025-03-06,2024-25,ATL,IND,1,0.33908227
0022400900,2025-03-06,2024-25,BOS,PHI,1,0.7466921
0022400901,2025-03-06,2024-25,BKN,GSW,0,0.2458459
0022400902,2025-03-06,2024-25,NOP,HOU,0,0.4318876
0022400903,2025-03-06,2024-25,LAL,NYK,1,0.69879967
0022400944,2025-03-06,2024-25,ORL,CHI,0,0.6879832
0022400904,2025-03-07,2024-25,CHA,CLE,0,0.13920173
0022400905,2025-03-07,2024-25,TOR,UTA,1,0.65615475
0022400906,2025-03-07,2024-25,DAL,MEM,0,0.3672042
0022400907,2025-03-07,2024-25,MIA,MIN,0,0.38819864
0022400908,2025-03-07,2024-25,OKC,POR,1,0.7598181
0022400909,2025-03-07,2024-25,DEN,PHX,1,0.7472566
0022400910,2025-03-07,2024-25,SAC,SAS,1,0.65362334
0022400911,2025-03-07,2024-25,LAC,NYK,1,0.53035283
0022400912,2025-03-08,2024-25,CHA,BKN,1,0.29538095
0022400913,2025-03-08,2024-25,HOU,NOP,1,0.6956286
0022400914,2025-03-08,2024-25,ATL,IND,1,0.3902839
0022400915,2025-03-08,2024-25,TOR,WAS,0,0.5049756
0022400916,2025-03-08,2024-25,MIA,CHI,0,0.71286166
0022400917,2025-03-08,2024-25,MIL,ORL,0,0.73181766
0022400918,2025-03-08,2024-25,BOS,LAL,1,0.4796388
0022400919,2025-03-08,2024-25,GSW,DET,1,0.56999654
0022400920,2025-03-09,2024-25,OKC,DEN,1,0.55926937
0022400921,2025-03-09,2024-25,DAL,PHX,0,0.51201135
0022400922,2025-03-09,2024-25,MIL,CLE,0,0.3581489
0022400923,2025-03-09,2024-25,NOP,MEM,0,0.23062807
0022400924,2025-03-09,2024-25,PHI,UTA,1,0.6560148
0022400925,2025-03-09,2024-25,MIN,SAS,1,0.79645205
0022400926,2025-03-09,2024-25,POR,DET,0,0.5328171
0022400927,2025-03-09,2024-25,LAC,SAC,1,0.5950833
0022400928,2025-03-10,2024-25,ATL,PHI,1,0.690852
0022400929,2025-03-10,2024-25,BOS,UTA,1,0.8988985
0022400930,2025-03-10,2024-25,BKN,LAL,1,0.2235052
0022400931,2025-03-10,2024-25,MIA,CHA,0,0.8385089
0022400932,2025-03-10,2024-25,TOR,WAS,1,0.67389
0022400933,2025-03-10,2024-25,CHI,IND,1,0.2942747
0022400934,2025-03-10,2024-25,HOU,ORL,1,0.6821276
0022400935,2025-03-10,2024-25,MEM,PHX,1,0.6113854
0022400936,2025-03-10,2024-25,OKC,DEN,0,0.6645209
0022400937,2025-03-10,2024-25,SAS,DAL,0,0.47128135
0022400938,2025-03-10,2024-25,GSW,POR,1,0.73846304
0022400939,2025-03-10,2024-25,SAC,NYK,0,0.3530341
0022400940,2025-03-11,2024-25,CLE,BKN,1,0.85725003
0022400941,2025-03-11,2024-25,DET,WAS,1,0.8793299
0022400942,2025-03-11,2024-25,IND,MIL,1,0.3440504
0022400943,2025-03-11,2024-25,NOP,LAC,1,0.23945837
0022400945,2025-03-12,2024-25,ATL,CHA,1,0.71773696
0022400946,2025-03-12,2024-25,BOS,OKC,0,0.37081575
0022400947,2025-03-12,2024-25,TOR,PHI,1,0.5899733
0022400948,2025-03-12,2024-25,MIA,LAC,0,0.5332358
0022400949,2025-03-12,2024-25,HOU,PHX,1,0.5406467
0022400950,2025-03-12,2024-25,MEM,UTA,1,0.74570906
0022400951,2025-03-12,2024-25,SAS,DAL,1,0.51031905
0022400952,2025-03-12,2024-25,DEN,MIN,0,0.5522733
0022400953,2025-03-12,2024-25,POR,NYK,0,0.4872847
0022400954,2025-03-13,2024-25,DET,WAS,0,0.8274784
0022400955,2025-03-13,2024-25,MIL,LAL,1,0.40845183
0022400956,2025-03-13,2024-25,CHI,BKN,1,0.4332604
0022400957,2025-03-13,2024-25,GSW,SAC,1,0.6850557
0022401141,2025-03-13,2024-25,NOP,ORL,0,0.4115272
0022400958,2025-03-14,2024-25,MIA,BOS,0,0.28384364
0022400959,2025-03-14,2024-25,PHI,IND,0,0.275218
0022400960,2025-03-14,2024-25,ATL,LAC,0,0.4940334
0022400961,2025-03-14,2024-25,HOU,DAL,1,0.70072395
0022400962,2025-03-14,2024-25,MEM,CLE,0,0.2826215
0022400963,2025-03-14,2024-25,MIN,ORL,1,0.836035
0022400964,2025-03-14,2024-25,SAS,CHA,0,0.64875025
0022400965,2025-03-14,2024-25,DEN,LAL,1,0.66147447
0022400966,2025-03-14,2024-25,UTA,TOR,0,0.55047566
0022400967,2025-03-14,2024-25,PHX,SAC,1,0.6086876
0022400968,2025-03-15,2024-25,BKN,BOS,0,0.28512034
0022400969,2025-03-15,2024-25,DET,OKC,0,0.4167678
0022400970,2025-03-15,2024-25,HOU,CHI,1,0.76240355
0022400971,2025-03-15,2024-25,MEM,MIA,1,0.58925086
0022400972,2025-03-15,2024-25,MIL,IND,1,0.64057094
0022400973,2025-03-15,2024-25,SAS,NOP,1,0.5636654
0022400974,2025-03-15,2024-25,GSW,NYK,1,0.6071104
0022400975,2025-03-15,2024-25,DEN,WAS,0,0.8070349
0022400538,2025-03-16,2024-25,LAC,CHA,1,0.7622598
0022400976,2025-03-16,2024-25,DAL,PHI,0,0.51203305
0022400977,2025-03-16,2024-25,LAL,PHX,1,0.488424
0022400978,2025-03-16,2024-25,BKN,ATL,1,0.38332194
0022400979,2025-03-16,2024-25,CLE,ORL,0,0.78177077
0022400980,2025-03-16,2024-25,POR,TOR,1,0.6775315
0022400981,2025-03-16,2024-25,MIN,UTA,1,0.8555089
0022400982,2025-03-16,2024-25,MIL,OKC,0,0.34940785
0022400537,2025-03-17,2024-25,LAL,SAS,1,0.72912145
0022400984,2025-03-17,2024-25,NYK,MIA,1,0.6962579
0022400985,2025-03-17,2024-25,HOU,PHI,1,0.8420511
0022400986,2025-03-17,2024-25,MIN,IND,0,0.6132844
0022400987,2025-03-17,2024-25,NOP,DET,0,0.20576754
0022400989,2025-03-17,2024-25,UTA,CHI,0,0.45584983
0022400990,2025-03-17,2024-25,GSW,DEN,0,0.4793033
0022400991,2025-03-17,2024-25,PHX,TOR,1,0.6251906
0022400992,2025-03-17,2024-25,SAC,MEM,1,0.57828593
0022400995,2025-03-17,2024-25,POR,WAS,1,0.670647
0022400993,2025-03-18,2024-25,CHA,ATL,0,0.25075835
0022400994,2025-03-18,2024-25,BOS,BKN,1,0.8102038
0022400997,2025-03-18,2024-25,LAC,CLE,1,0.3941918
0022401012,2025-03-18,2024-25,GSW,MIL,1,0.50023484
0022400627,2025-03-19,2024-25,UTA,WAS,1,0.46560365
0022400998,2025-03-19,2024-25,IND,DAL,1,0.6055635
0022400999,2025-03-19,2024-25,ORL,HOU,0,0.40032238
0022401000,2025-03-19,2024-25,MIA,DET,0,0.28375527
0022401001,2025-03-19,2024-25,MIN,NOP,0,0.86039
0022401002,2025-03-19,2024-25,OKC,PHI,1,0.87961787
0022401003,2025-03-19,2024-25,SAS,NYK,1,0.37527242
0022401006,2025-03-19,2024-25,LAL,DEN,1,0.74147975
0022401007,2025-03-19,2024-25,PHX,CHI,1,0.648193
0022401008,2025-03-19,2024-25,POR,MEM,1,0.483081
0022401009,2025-03-19,2024-25,SAC,CLE,1,0.40525037
0022400996,2025-03-20,2024-25,LAL,MIL,0,0.45231232
0022401005,2025-03-20,2024-25,GSW,TOR,1,0.86178255
0022401010,2025-03-20,2024-25,CHA,NYK,1,0.22616749
0022401011,2025-03-20,2024-25,IND,BKN,1,0.5301128
0022401013,2025-03-20,2024-25,SAC,CHI,0,0.7075101
0022401014,2025-03-21,2024-25,WAS,ORL,0,0.27141267
0022401015,2025-03-21,2024-25,MIA,HOU,0,0.32818344
0022401016,2025-03-21,2024-25,MIN,NOP,1,0.8368556
0022401017,2025-03-21,2024-25,OKC,CHA,1,0.88188285
0022401018,2025-03-21,2024-25,SAS,PHI,1,0.6790323
0022401019,2025-03-21,2024-25,DAL,DET,1,0.27808622
0022401020,2025-03-21,2024-25,UTA,BOS,0,0.17699297
0022401021,2025-03-21,2024-25,PHX,CLE,1,0.28737307
0022401022,2025-03-21,2024-25,POR,DEN,1,0.512723
0022401023,2025-03-21,2024-25,LAC,MEM,1,0.6731379
0022401024,2025-03-22,2024-25,IND,BKN,1,0.5994952
0022401025,2025-03-22,2024-25,ATL,GSW,1,0.36633542
0022401026,2025-03-22,2024-25,NYK,WAS,1,0.7843671
0022401027,2025-03-22,2024-25,SAC,MIL,0,0.3944087
0022401028,2025-03-22,2024-25,LAL,CHI,0,0.5859053
0022401029,2025-03-23,2024-25,DET,NOP,1,0.8624213
0022401030,2025-03-23,2024-25,UTA,CLE,0,0.1605114
0022401031,2025-03-23,2024-25,ATL,PHI,1,0.770266
0022401032,2025-03-23,2024-25,MIA,CHA,1,0.7636455
0022401033,2025-03-23,2024-25,TOR,SAS,0,0.44188935
0022401034,2025-03-23,2024-25,POR,BOS,0,0.31854776
0022401035,2025-03-23,2024-25,HOU,DEN,0,0.66668546
0022401036,2025-03-23,2024-25,LAC,OKC,0,0.44055322
0022401037,2025-03-24,2024-25,IND,MIN,1,0.3757869
0022401038,2025-03-24,2024-25,ORL,LAL,1,0.37136856
0022401039,2025-03-24,2024-25,WAS,TOR,0,0.67180765
0022401040,2025-03-24,2024-25,BKN,DAL,0,0.49148482
0022401041,2025-03-24,2024-25,NOP,PHI,1,0.52874184
0022401042,2025-03-24,2024-25,DEN,CHI,0,0.5285476
0022401043,2025-03-24,2024-25,PHX,MIL,1,0.4307284
0022401044,2025-03-24,2024-25,SAC,BOS,0,0.44602007
0022401045,2025-03-25,2024-25,CHA,ORL,0,0.240525
0022401046,2025-03-25,2024-25,DET,SAS,1,0.73289233
0022401047,2025-03-25,2024-25,MIA,GSW,1,0.27664974
0022401048,2025-03-25,2024-25,NYK,DAL,1,0.6829766
0022401049,2025-03-25,2024-25,HOU,ATL,1,0.6260827
0022401050,2025-03-25,2024-25,UTA,MEM,0,0.30447033
0022401051,2025-03-25,2024-25,POR,CLE,0,0.27857253
0022401052,2025-03-25,2024-25,SAC,OKC,0,0.29353425
0022401053,2025-03-26,2024-25,PHI,WAS,0,0.3233898
0022401054,2025-03-26,2024-25,BKN,TOR,0,0.61395586
0022401055,2025-03-26,2024-25,IND,LAL,0,0.43251592
0022401056,2025-03-26,2024-25,NYK,LAC,0,0.3295448
0022401057,2025-03-26,2024-25,DEN,MIL,1,0.37392658
0022401058,2025-03-26,2024-25,PHX,BOS,0,0.35284328
0022401059,2025-03-27,2024-25,CLE,SAS,1,0.82316995
0022401060,2025-03-27,2024-25,ORL,DAL,0,0.7546818
0022401061,2025-03-27,2024-25,WAS,IND,0,0.21553193
0022401062,2025-03-27,2024-25,MIA,ATL,1,0.42153367
0022401063,2025-03-27,2024-25,CHI,LAL,1,0.49836266
0022401064,2025-03-27,2024-25,OKC,MEM,1,0.78819215
0022401065,2025-03-27,2024-25,UTA,HOU,0,0.19682573
0022401066,2025-03-27,2024-25,SAC,POR,1,0.673732
0022401067,2025-03-28,2024-25,DET,CLE,1,0.5577049
0022401068,2025-03-28,2024-25,BKN,LAC,0,0.20876478
0022401069,2025-03-28,2024-25,TOR,CHA,1,0.6549279
0022401070,2025-03-28,2024-25,MIL,NYK,0,0.5981379
0022401071,2025-03-28,2024-25,MIN,PHX,1,0.76144624
0022401072,2025-03-28,2024-25,NOP,GSW,0,0.17479123
0022401073,2025-03-28,2024-25,DEN,UTA,1,0.88352996
0022401074,2025-03-29,2024-25,ORL,SAC,1,0.4838243
0022401075,2025-03-29,2024-25,WAS,BKN,0,0.6080302
0022401076,2025-03-29,2024-25,PHI,MIA,0,0.16900414
0022401077,2025-03-29,2024-25,CHI,DAL,0,0.7032963
0022401078,2025-03-29,2024-25,MEM,LAL,0,0.30104446
0022401079,2025-03-29,2024-25,OKC,IND,1,0.6988649
0022401080,2025-03-29,2024-25,SAS,BOS,0,0.211552
0022401081,2025-03-30,2024-25,CLE,LAC,1,0.5641559
0022401082,2025-03-30,2024-25,NYK,POR,1,0.59551626
0022401083,2025-03-30,2024-25,MIL,ATL,0,0.64413923
0022401084,2025-03-30,2024-25,MIN,DET,1,0.66600096
0022401085,2025-03-30,2024-25,NOP,CHA,1,0.6048842
0022401086,2025-03-30,2024-25,SAS,GSW,0,0.17148927
0022401087,2025-03-30,2024-25,PHI,TOR,0,0.19457553
0022401088,2025-03-30,2024-25,PHX,HOU,0,0.39533564
0022401089,2025-03-31,2024-25,CHA,UTA,1,0.43438023
0022401090,2025-03-31,2024-25,IND,SAC,1,0.5682761
0022401091,2025-03-31,2024-25,ORL,LAC,0,0.54261726
0022401092,2025-03-31,2024-25,WAS,MIA,0,0.22964443
0022401093,2025-03-31,2024-25,MEM,BOS,0,0.25036544
0022401094,2025-03-31,2024-25,OKC,CHI,1,0.70061266
0022401095,2025-03-31,2024-25,DAL,BKN,0,0.76674646
0022401096,2025-03-31,2024-25,LAL,HOU,1,0.63699114
0022400988,2025-04-01,2024-25,SAS,ORL,0,0.36855564
0022401097,2025-04-01,2024-25,ATL,POR,0,0.5767576
0022401098,2025-04-01,2024-25,NYK,PHI,1,0.90183574
0022401099,2025-04-01,2024-25,CHI,TOR,1,0.62879515
0022401100,2025-04-01,2024-25,MEM,GSW,0,0.20320275
0022401101,2025-04-01,2024-25,MIL,PHX,1,0.69570374
0022401102,2025-04-01,2024-25,DEN,MIN,0,0.43415648
0022401103,2025-04-02,2024-25,CLE,NYK,1,0.7719856
0022401104,2025-04-02,2024-25,IND,CHA,1,0.8414344
0022401105,2025-04-02,2024-25,WAS,SAC,1,0.19208242
0022401106,2025-04-02,2024-25,BOS,MIA,0,0.79329574
0022401107,2025-04-02,2024-25,HOU,UTA,1,0.86348486
0022401108,2025-04-02,2024-25,OKC,DET,1,0.73156154
0022401109,2025-04-02,2024-25,DAL,ATL,1,0.4428744
0022401110,2025-04-02,2024-25,DEN,SAS,0,0.7334419
0022401111,2025-04-02,2024-25,LAC,NOP,1,0.87444687
0022401112,2025-04-03,2024-25,WAS,ORL,0,0.17234749
0022401113,2025-04-03,2024-25,BKN,MIN,0,0.17048047
0022401114,2025-04-03,2024-25,MIA,MEM,0,0.533642
0022401115,2025-04-03,2024-25,PHI,MIL,0,0.11992286
0022401116,2025-04-03,2024-25,TOR,POR,0,0.35207218
0022401117,2025-04-03,2024-25,LAL,GSW,0,0.4417821
0022401118,2025-04-04,2024-25,CHA,SAC,0,0.22106615
0022401119,2025-04-04,2024-25,IND,UTA,1,0.8407252
0022401120,2025-04-04,2024-25,BOS,PHX,1,0.8264727
0022401121,2025-04-04,2024-25,TOR,DET,0,0.26738164
0022401122,2025-04-04,2024-25,CHI,POR,1,0.6502213
0022401123,2025-04-04,2024-25,HOU,OKC,1,0.4157028
0022401124,2025-04-04,2024-25,SAS,CLE,0,0.2427559
0022401125,2025-04-04,2024-25,GSW,DEN,1,0.83843243
0022401126,2025-04-04,2024-25,LAL,NOP,1,0.863921
0022401127,2025-04-04,2024-25,LAC,DAL,1,0.80272925
0022401128,2025-04-05,2024-25,ATL,NYK,0,0.51394534
0022401129,2025-04-05,2024-25,DET,MEM,0,0.5095327
0022401130,2025-04-05,2024-25,PHI,MIN,0,0.12163767
0022401131,2025-04-05,2024-25,MIA,MIL,0,0.44986555
0022401132,2025-04-05,2024-25,LAC,DAL,1,0.8312119
0022400617,2025-04-06,2024-25,NOP,MIL,0,0.17459072
0022401133,2025-04-06,2024-25,CHA,CHI,0,0.17617312
0022401134,2025-04-06,2024-25,BKN,TOR,0,0.2509142
0022401135,2025-04-06,2024-25,OKC,LAL,0,0.6294525
0022401136,2025-04-06,2024-25,ATL,UTA,1,0.75823236
0022401137,2025-04-06,2024-25,BOS,WAS,1,0.89441633
0022401138,2025-04-06,2024-25,CLE,SAC,0,0.6528228
0022401139,2025-04-06,2024-25,POR,SAS,1,0.6909453
0022401140,2025-04-06,2024-25,NYK,PHX,1,0.63309306
0022401142,2025-04-06,2024-25,DEN,IND,0,0.45051473
0022401143,2025-04-06,2024-25,GSW,HOU,0,0.5766137
0022401144,2025-04-07,2024-25,DET,SAC,0,0.6872069
0022401145,2025-04-07,2024-25,MIA,PHI,1,0.8787986
0022401146,2025-04-08,2024-25,CHA,MEM,0,0.24854787
0022401147,2025-04-08,2024-25,CLE,CHI,1,0.6149502
0022401148,2025-04-08,2024-25,IND,WAS,1,0.84580743
0022401149,2025-04-08,2024-25,ORL,ATL,1,0.6355048
0022401150,2025-04-08,2024-25,BKN,NOP,1,0.46538022
0022401151,2025-04-08,2024-25,NYK,BOS,0,0.3876083
0022401152,2025-04-08,2024-25,MIL,MIN,1,0.40121064
0022401153,2025-04-08,2024-25,OKC,LAL,1,0.57390654
0022401154,2025-04-08,2024-25,PHX,GSW,0,0.2402803
0022401155,2025-04-08,2024-25,LAC,SAS,1,0.84003705
0022401156,2025-04-09,2024-25,ORL,BOS,1,0.3655126
0022401157,2025-04-09,2024-25,WAS,PHI,0,0.5862067
0022401158,2025-04-09,2024-25,TOR,CHA,1,0.7781724
0022401159,2025-04-09,2024-25,DAL,LAL,0,0.3566608
0022401160,2025-04-09,2024-25,CHI,MIA,1,0.2657452
0022401162,2025-04-09,2024-25,UTA,POR,1,0.26274014
0022401163,2025-04-09,2024-25,GSW,SAS,0,0.8270584
0022401164,2025-04-09,2024-25,PHX,OKC,0,0.19304933
0022401165,2025-04-09,2024-25,SAC,DEN,0,0.4931954
0022401166,2025-04-09,2024-25,LAC,HOU,1,0.4501654
0022401161,2025-04-10,2024-25,MIL,NOP,1,0.8768054
0022401167,2025-04-10,2024-25,DET,NYK,1,0.505889
0022401168,2025-04-10,2024-25,IND,CLE,1,0.5363091
0022401169,2025-04-10,2024-25,BKN,ATL,0,0.17762516
0022401170,2025-04-10,2024-25,MEM,MIN,0,0.37666398
0022401171,2025-04-11,2024-25,DET,MIL,0,0.43739673
0022401172,2025-04-11,2024-25,IND,ORL,0,0.40396968
0022401173,2025-04-11,2024-25,PHI,ATL,0,0.20989907
0022401174,2025-04-11,2024-25,BOS,CHA,1,0.85956424
0022401175,2025-04-11,2024-25,NYK,CLE,0,0.54760045
0022401176,2025-04-11,2024-25,CHI,WAS,1,0.8696717
0022401177,2025-04-11,2024-25,NOP,MIA,0,0.15088111
0022401178,2025-04-11,2024-25,DAL,TOR,1,0.49237114
0022401179,2025-04-11,2024-25,MIN,BKN,1,0.8879607
0022401180,2025-04-11,2024-25,DEN,MEM,1,0.6620293
0022401181,2025-04-11,2024-25,UTA,OKC,0,0.19539867
0022401182,2025-04-11,2024-25,PHX,SAS,1,0.55683
0022401183,2025-04-11,2024-25,POR,GSW,0,0.28355703
0022401184,2025-04-11,2024-25,SAC,LAC,0,0.2563381
0022401185,2025-04-11,2024-25,LAL,HOU,1,0.7017926
0022401186,2025-04-13,2024-25,ATL,ORL,1,0.62208295
0022401187,2025-04-13,2024-25,BOS,CHA,1,0.93476903
0022401188,2025-04-13,2024-25,BKN,NYK,0,0.18801206
0022401189,2025-04-13,2024-25,CLE,IND,0,0.7334333
0022401190,2025-04-13,2024-25,MIA,WAS,0,0.857761
0022401191,2025-04-13,2024-25,PHI,CHI,0,0.17890267
0022401192,2025-04-13,2024-25,MIL,DET,1,0.62764233
0022401193,2025-04-13,2024-25,HOU,DEN,0,0.298921
0022401194,2025-04-13,2024-25,MEM,DAL,1,0.64591175
0022401195,2025-04-13,2024-25,MIN,UTA,1,0.865154
0022401196,2025-04-13,2024-25,NOP,OKC,0,0.10782856
0022401197,2025-04-13,2024-25,SAS,TOR,1,0.47657248
0022401198,2025-04-13,2024-25,GSW,LAC,0,0.46340048
0022401199,2025-04-13,2024-25,POR,LAL,1,0.27779198
0022401200,2025-04-13,2024-25,SAC,PHX,1,0.66860944
0022500001,2025-10-21,2025-26,OKC,HOU,1,0.82276326
0022500002,2025-10-21,2025-26,LAL,GSW,0,0.68664336
0022500003,2025-10-22,2025-26,NYK,CLE,1,0.6042333
0022500004,2025-10-22,2025-26,DAL,SAS,0,0.5630067
0022500080,2025-10-22,2025-26,CHA,BKN,1,0.49883518
0022500081,2025-10-22,2025-26,ORL,MIA,1,0.6025158
0022500082,2025-10-22,2025-26,ATL,TOR,0,0.8468088
0022500083,2025-10-22,2025-26,BOS,PHI,0,0.9544365
0022500084,2025-10-22,2025-26,CHI,DET,1,0.6263185
0022500085,2025-10-22,2025-26,MEM,NOP,1,0.9741633
0022500086,2025-10-22,2025-26,MIL,WAS,1,0.96108496
0022500087,2025-10-22,2025-26,UTA,LAC,1,0.11071645
0022500088,2025-10-22,2025-26,PHX,SAC,1,0.7666132
0022500089,2025-10-22,2025-26,POR,MIN,0,0.46113124
0022500005,2025-10-23,2025-26,IND,OKC,0,0.77802074
0022500006,2025-10-23,2025-26,GSW,DEN,1,0.43586776
0022500018,2025-10-24,2025-26,NYK,BOS,1,0.41127583
0022500019,2025-10-24,2025-26,LAL,MIN,1,0.42628437
0022500090,2025-10-24,2025-26,ORL,ATL,0,0.48485398
0022500091,2025-10-24,2025-26,BKN,CLE,0,0.28438714
0022500092,2025-10-24,2025-26,TOR,MIL,0,0.32740885
0022500093,2025-10-24,2025-26,HOU,DET,0,0.5822535
0022500094,2025-10-24,2025-26,MEM,MIA,0,0.45256543
0022500095,2025-10-24,2025-26,NOP,SAS,0,0.34935164
0022500096,2025-10-24,2025-26,DAL,WAS,0,0.5616456
0022500097,2025-10-24,2025-26,POR,GSW,1,0.60556835
0022500098,2025-10-24,2025-26,SAC,UTA,1,0.5928515
0022500099,2025-10-24,2025-26,LAC,PHX,1,0.7977509
0022500100,2025-10-25,2025-26,ORL,CHI,0,0.39613092
0022500101,2025-10-25,2025-26,ATL,OKC,0,0.40973115
0022500102,2025-10-25,2025-26,PHI,CHA,1,0.6645051
0022500103,2025-10-25,2025-26,MEM,IND,1,0.36956024
0022500104,2025-10-25,2025-26,DEN,PHX,1,0.78253865
0022500105,2025-10-26,2025-26,SAS,BKN,1,0.66123015
0022500106,2025-10-26,2025-26,DET,BOS,1,0.45412403
0022500107,2025-10-26,2025-26,CLE,MIL,1,0.34438565
0022500108,2025-10-26,2025-26,MIA,NYK,1,0.51247275
0022500109,2025-10-26,2025-26,WAS,CHA,0,0.62434924
0022500110,2025-10-26,2025-26,MIN,IND,1,0.7546556
0022500111,2025-10-26,2025-26,DAL,TOR,1,0.35809568
0022500112,2025-10-26,2025-26,LAC,POR,1,0.6257485
0022500113,2025-10-26,2025-26,SAC,LAL,0,0.40284488
0022500007,2025-10-27,2025-26,DET,CLE,0,0.43098614
0022500008,2025-10-27,2025-26,MIN,DEN,0,0.5251468
0022500114,2025-10-27,2025-26,PHI,ORL,1,0.3410298
0022500115,2025-10-27,2025-26,CHI,ATL,1,0.54138494
0022500116,2025-10-27,2025-26,HOU,BKN,1,0.8147723
0022500117,2025-10-27,2025-26,NOP,BOS,0,0.3803647
0022500118,2025-10-27,2025-26,SAS,TOR,1,0.5389167
0022500119,2025-10-27,2025-26,DAL,OKC,0,0.19406892
0022500120,2025-10-27,2025-26,UTA,PHX,1,0.36460924
0022500121,2025-10-27,2025-26,GSW,MEM,1,0.6482141
0022500122,2025-10-27,2025-26,LAL,POR,0,0.5053242
0022500123,2025-10-28,2025-26,WAS,PHI,0,0.3969942
0022500124,2025-10-28,2025-26,MIA,CHA,1,0.75155747
0022500125,2025-10-28,2025-26,MIL,NYK,1,0.64368445
0022500126,2025-10-28,2025-26,OKC,SAC,1,0.71902364
0022500127,2025-10-28,2025-26,GSW,LAC,1,0.31744665
0022500128,2025-10-29,2025-26,BOS,CLE,1,0.606666
0022500129,2025-10-29,2025-26,DET,ORL,1,0.4206021
0022500130,2025-10-29,2025-26,BKN,ATL,0,0.21570827
0022500131,2025-10-29,2025-26,TOR,HOU,0,0.32261765
0022500132,2025-10-29,2025-26,CHI,SAC,1,0.7502406
0022500133,2025-10-29,2025-26,DAL,IND,1,0.34229273
0022500134,2025-10-29,2025-26,DEN,NOP,1,0.8288277
0022500135,2025-10-29,2025-26,UTA,POR,0,0.2126443
0022500136,2025-10-29,2025-26,MIN,LAL,0,0.6633031
0022500137,2025-10-29,2025-26,PHX,MEM,0,0.33711353
0022500138,2025-10-30,2025-26,CHA,ORL,0,0.3398644
0022500139,2025-10-30,2025-26,MIL,GSW,1,0.601168
0022500140,2025-10-30,2025-26,OKC,WAS,1,0.86008584
0022500141,2025-10-30,2025-26,SAS,MIA,1,0.41972876
0022500020,2025-10-31,2025-26,IND,ATL,0,0.41648808
0022500021,2025-10-31,2025-26,PHI,BOS,0,0.3890167
0022500022,2025-10-31,2025-26,CLE,TOR,0,0.70899767
0022500023,2025-10-31,2025-26,CHI,NYK,1,0.5807135
0022500024,2025-10-31,2025-26,MEM,LAL,0,0.5125571
0022500025,2025-10-31,2025-26,PHX,UTA,1,0.5656085
0022500026,2025-10-31,2025-26,POR,DEN,1,0.48493505
0022500027,2025-10-31,2025-26,LAC,NOP,1,0.85780305
0022500142,2025-11-01,2025-26,MIL,SAC,0,0.7087358
0022500143,2025-11-01,2025-26,CHA,MIN,0,0.2253711
0022500144,2025-11-01,2025-26,IND,GSW,1,0.27799845
0022500145,2025-11-01,2025-26,WAS,ORL,0,0.25387305
0022500146,2025-11-01,2025-26,BOS,HOU,0,0.38928515
0022500148,2025-11-02,2025-26,OKC,NOP,1,0.849003
0022500149,2025-11-02,2025-26,BKN,PHI,0,0.3901723
0022500150,2025-11-02,2025-26,CHA,UTA,1,0.35887665
0022500151,2025-11-02,2025-26,CLE,ATL,1,0.31017867
0022500152,2025-11-02,2025-26,TOR,MEM,1,0.4066021
0022500153,2025-11-02,2025-26,NYK,CHI,1,0.48555267
0022500154,2025-11-02,2025-26,PHX,SAS,1,0.33055994
0022500155,2025-11-02,2025-26,LAL,MIA,1,0.535056
0022500156,2025-11-03,2025-26,BKN,MIN,0,0.23895057
0022500157,2025-11-03,2025-26,IND,MIL,0,0.28528693
0022500158,2025-11-03,2025-26,BOS,UTA,0,0.826958
0022500159,2025-11-03,2025-26,NYK,WAS,1,0.8020895
0022500160,2025-11-03,2025-26,HOU,DAL,1,0.7592887
0022500161,2025-11-03,2025-26,MEM,DET,0,0.33925575
0022500162,2025-11-03,2025-26,DEN,SAC,1,0.8144669
0022500163,2025-11-03,2025-26,POR,LAL,0,0.6286359
0022500164,2025-11-03,2025-26,LAC,MIA,0,0.72680986
0022500165,2025-11-04,2025-26,TOR,MIL,1,0.3473272
0022500166,2025-11-04,2025-26,ATL,ORL,1,0.641931
0022500167,2025-11-04,2025-26,CHI,PHI,1,0.7270407
0022500168,2025-11-04,2025-26,NOP,CHA,1,0.5843645
0022500169,2025-11-04,2025-26,GSW,PHX,1,0.78209525
0022500170,2025-11-04,2025-26,LAC,OKC,0,0.4272884
0022500171,2025-11-05,2025-26,CLE,PHI,1,0.60409606
0022500172,2025-11-05,2025-26,DET,UTA,1,0.8109476
0022500173,2025-11-05,2025-26,IND,BKN,0,0.69058114
0022500174,2025-11-05,2025-26,BOS,WAS,1,0.83121365
0022500175,2025-11-05,2025-26,NYK,MIN,1,0.5604362
0022500176,2025-11-05,2025-26,MEM,HOU,0,0.32293364
0022500177,2025-11-05,2025-26,DAL,NOP,0,0.6488504
0022500178,2025-11-05,2025-26,DEN,MIA,1,0.59420186
0022500179,2025-11-05,2025-26,LAL,SAS,1,0.47850075
0022500180,2025-11-05,2025-26,POR,OKC,1,0.45994794
0022500181,2025-11-05,2025-26,SAC,GSW,1,0.36778602
0022500182,2025-11-06,2025-26,PHX,LAC,1,0.2253519
0022500028,2025-11-07,2025-26,ORL,BOS,1,0.47264215
0022500029,2025-11-07,2025-26,WAS,CLE,0,0.21530397
0022500030,2025-11-07,2025-26,ATL,TOR,0,0.68679553
0022500031,2025-11-07,2025-26,BKN,DET,0,0.33383876
0022500032,2025-11-07,2025-26,SAS,HOU,1,0.37378824
0022500033,2025-11-07,2025-26,MIA,CHA,1,0.8309233
0022500034,2025-11-07,2025-26,MEM,DAL,1,0.6047758
0022500035,2025-11-07,2025-26,MIL,CHI,1,0.5597492
0022500036,2025-11-07,2025-26,MIN,UTA,1,0.83560014
0022500037,2025-11-07,2025-26,DEN,GSW,1,0.6555623
0022500038,2025-11-07,2025-26,SAC,OKC,0,0.27818656
0022500183,2025-11-08,2025-26,WAS,DAL,0,0.3068055
0022500184,2025-11-08,2025-26,PHI,TOR,1,0.5178881
0022500185,2025-11-08,2025-26,ATL,LAL,1,0.5225967
0022500186,2025-11-08,2025-26,CLE,CHI,1,0.43765333
0022500187,2025-11-08,2025-26,MIA,POR,1,0.41629395
0022500188,2025-11-08,2025-26,SAS,NOP,1,0.6638434
0022500189,2025-11-08,2025-26,DEN,IND,1,0.75580996
0022500190,2025-11-08,2025-26,LAC,PHX,0,0.72524744
0022500191,2025-11-09,2025-26,MIL,HOU,0,0.58157456
0022500192,2025-11-09,2025-26,NYK,BKN,1,0.81340337
0022500193,2025-11-09,2025-26,ORL,BOS,0,0.52966696
0022500194,2025-11-09,2025-26,MEM,OKC,0,0.32822642
0022500195,2025-11-09,2025-26,PHI,DET,0,0.36674333
0022500196,2025-11-09,2025-26,GSW,IND,1,0.76899445
0022500197,2025-11-09,2025-26,SAC,MIN,0,0.27045405
0022500198,2025-11-10,2025-26,CHA,LAL,0,0.2757079
0022500199,2025-11-10,2025-26,DET,WAS,1,0.80092776
0022500200,2025-11-10,2025-26,ORL,POR,1,0.36162663
0022500201,2025-11-10,2025-26,MIA,CLE,1,0.57374734
0022500202,2025-11-10,2025-26,CHI,SAS,0,0.70287293
0022500203,2025-11-10,2025-26,DAL,MIL,0,0.29111844
0022500204,2025-11-10,2025-26,PHX,NOP,1,0.6750844
0022500205,2025-11-10,2025-26,UTA,MIN,0,0.24634893
0022500206,2025-11-10,2025-26,LAC,ATL,0,0.6280312
0022500207,2025-11-11,2025-26,BKN,TOR,0,0.34800208
0022500208,2025-11-11,2025-26,NYK,MEM,1,0.718493
0022500209,2025-11-11,2025-26,PHI,BOS,1,0.44002667
0022500210,2025-11-11,2025-26,OKC,GSW,1,0.5981248
0022500211,2025-11-11,2025-26,UTA,IND,1,0.34881768
0022500212,2025-11-11,2025-26,SAC,DEN,0,0.24680088
0022500213,2025-11-12,2025-26,CHA,MIL,1,0.18194658
0022500214,2025-11-12,2025-26,DET,CHI,1,0.46956027
0022500215,2025-11-12,2025-26,NYK,ORL,0,0.6783214
0022500216,2025-11-12,2025-26,BOS,MEM,1,0.6325443
0022500217,2025-11-12,2025-26,MIA,CLE,0,0.50740314
0022500218,2025-11-12,2025-26,HOU,WAS,1,0.8614475
0022500219,2025-11-12,2025-26,NOP,POR,0,0.25742114
0022500220,2025-11-12,2025-26,SAS,GSW,0,0.5293867
0022500221,2025-11-12,2025-26,DAL,PHX,0,0.41207308
0022500222,2025-11-12,2025-26,OKC,LAL,1,0.58079445
0022500223,2025-11-12,2025-26,SAC,ATL,0,0.27468342
0022500224,2025-11-12,2025-26,LAC,DEN,0,0.5602335
0022500225,2025-11-13,2025-26,CLE,TOR,0,0.44399843
0022500226,2025-11-13,2025-26,PHX,IND,1,0.5953966
0022500227,2025-11-13,2025-26,UTA,ATL,0,0.26659563
0022500039,2025-11-14,2025-26,NYK,MIA,1,0.6351747
0022500040,2025-11-14,2025-26,ORL,BKN,1,0.77629584
0022500041,2025-11-14,2025-26,DET,PHI,1,0.38864893
0022500042,2025-11-14,2025-26,HOU,POR,1,0.60011464
0022500043,2025-11-14,2025-26,MIL,CHA,1,0.80416816
0022500044,2025-11-14,2025-26,MIN,SAC,1,0.8155924
0022500045,2025-11-14,2025-26,NOP,LAL,0,0.28729218
0022500046,2025-11-14,2025-26,DAL,LAC,0,0.2808557
0022500047,2025-11-14,2025-26,SAS,GSW,0,0.41803804
0022500228,2025-11-15,2025-26,CLE,MEM,1,0.61104405
0022500229,2025-11-15,2025-26,CHA,OKC,0,0.16728963
0022500230,2025-11-15,2025-26,IND,TOR,0,0.2851781
0022500231,2025-11-15,2025-26,MIL,LAL,0,0.63606757
0022500232,2025-11-15,2025-26,MIN,DEN,0,0.33418512
0022500233,2025-11-16,2025-26,BOS,LAC,1,0.57116526
0022500234,2025-11-16,2025-26,SAS,SAC,1,0.7211772
0022500235,2025-11-16,2025-26,WAS,BKN,0,0.41983768
0022500236,2025-11-16,2025-26,HOU,ORL,1,0.6879736
0022500237,2025-11-16,2025-26,NOP,GSW,0,0.22471632
0022500238,2025-11-16,2025-26,DAL,POR,1,0.3129675
0022500239,2025-11-16,2025-26,PHX,ATL,0,0.49978003
0022500240,2025-11-16,2025-26,UTA,CHI,1,0.28301778
0022500241,2025-11-17,2025-26,CLE,MIL,1,0.47330377
0022500242,2025-11-17,2025-26,DET,IND,1,0.67778844
0022500243,2025-11-17,2025-26,PHI,LAC,1,0.49075577
0022500244,2025-11-17,2025-26,MIA,NYK,1,0.44371304
0022500245,2025-11-17,2025-26,TOR,CHA,1,0.7702952
0022500246,2025-11-17,2025-26,MIN,DAL,1,0.8199896
0022500247,2025-11-17,2025-26,NOP,OKC,0,0.15105444
0022500248,2025-11-17,2025-26,DEN,CHI,0,0.70132846
0022500249,2025-11-18,2025-26,ORL,GSW,1,0.35519007
0022500250,2025-11-18,2025-26,BKN,BOS,0,0.27279842
0022500251,2025-11-18,2025-26,ATL,DET,0,0.76997995
0022500252,2025-11-18,2025-26,SAS,MEM,1,0.6881622
0022500253,2025-11-18,2025-26,LAL,UTA,1,0.777546
0022500254,2025-11-18,2025-26,POR,PHX,0,0.4408247
0022500255,2025-11-19,2025-26,CLE,HOU,0,0.45349464
0022500256,2025-11-19,2025-26,IND,CHA,1,0.4339986
0022500257,2025-11-19,2025-26,MIA,GSW,1,0.5949247
0022500258,2025-11-19,2025-26,PHI,TOR,0,0.47429714
0022500259,2025-11-19,2025-26,MIN,WAS,1,0.85017
0022500260,2025-11-19,2025-26,NOP,DEN,0,0.1729775
0022500261,2025-11-19,2025-26,OKC,SAC,1,0.8171063
0022500262,2025-11-19,2025-26,DAL,NYK,0,0.26256236
0022500263,2025-11-19,2025-26,POR,CHI,0,0.33637154
0022500264,2025-11-20,2025-26,ORL,LAC,1,0.47548914
0022500265,2025-11-20,2025-26,MEM,SAC,1,0.6742225
0022500266,2025-11-20,2025-26,MIL,PHI,0,0.77684855
0022500267,2025-11-20,2025-26,SAS,ATL,1,0.4581251
0022500048,2025-11-21,2025-26,CLE,IND,1,0.79180247
0022500049,2025-11-21,2025-26,BOS,BKN,0,0.7923929
0022500050,2025-11-21,2025-26,TOR,WAS,1,0.8216216
0022500051,2025-11-21,2025-26,CHI,MIA,0,0.5407256
0022500052,2025-11-21,2025-26,DAL,NOP,1,0.5792373
0022500053,2025-11-21,2025-26,PHX,MIN,1,0.46235374
0022500054,2025-11-21,2025-26,HOU,DEN,0,0.5103582
0022500055,2025-11-21,2025-26,UTA,OKC,0,0.19527632
0022500056,2025-11-21,2025-26,GSW,POR,0,0.651129
0022500268,2025-11-22,2025-26,CHA,LAC,0,0.33282945
0022500269,2025-11-22,2025-26,ORL,NYK,1,0.42367092
0022500270,2025-11-22,2025-26,NOP,ATL,0,0.19613692
0022500271,2025-11-22,2025-26,CHI,WAS,1,0.82125026
0022500272,2025-11-22,2025-26,MIL,DET,0,0.6135175
0022500273,2025-11-22,2025-26,DAL,MEM,0,0.3194064
0022500274,2025-11-22,2025-26,DEN,SAC,0,0.7612262
0022500275,2025-11-23,2025-26,PHI,MIA,0,0.4310209
0022500276,2025-11-23,2025-26,ATL,CHA,1,0.7811466
0022500277,2025-11-23,2025-26,BOS,ORL,1,0.6893953
0022500278,2025-11-23,2025-26,CLE,LAC,1,0.70706236
0022500279,2025-11-23,2025-26,TOR,BKN,1,0.76120365
0022500280,2025-11-23,2025-26,OKC,POR,1,0.78858113
0022500281,2025-11-23,2025-26,PHX,SAS,1,0.57777774
0022500282,2025-11-23,2025-26,UTA,LAL,0,0.2445863
0022500283,2025-11-24,2025-26,IND,DET,0,0.28638658
0022500284,2025-11-24,2025-26,TOR,CLE,1,0.5739055
0022500285,2025-11-24,2025-26,BKN,NYK,0,0.22839195
0022500286,2025-11-24,2025-26,MIA,DAL,1,0.72756934
0022500287,2025-11-24,2025-26,MEM,DEN,0,0.3187404
0022500288,2025-11-24,2025-26,MIL,POR,0,0.77627116
0022500289,2025-11-24,2025-26,NOP,CHI,1,0.20631886
0022500290,2025-11-24,2025-26,PHX,HOU,0,0.33902535
0022500291,2025-11-24,2025-26,GSW,UTA,1,0.83658326
0022500292,2025-11-24,2025-26,SAC,MIN,1,0.25366127
0022500057,2025-11-25,2025-26,WAS,ATL,1,0.20574203
0022500058,2025-11-25,2025-26,PHI,ORL,0,0.5824043
0022500059,2025-11-25,2025-26,LAL,LAC,1,0.6091952
0022500060,2025-11-26,2025-26,BOS,DET,1,0.62665564
0022500061,2025-11-26,2025-26,CHA,NYK,0,0.2326575
0022500062,2025-11-26,2025-26,MIA,MIL,1,0.61745065
0022500063,2025-11-26,2025-26,TOR,IND,1,0.7859882
0022500064,2025-11-26,2025-26,OKC,MIN,1,0.6831018
0022500065,2025-11-26,2025-26,NOP,MEM,0,0.34135747
0022500066,2025-11-26,2025-26,GSW,HOU,0,0.415286
0022500067,2025-11-26,2025-26,POR,SAS,0,0.43176267
0022500068,2025-11-26,2025-26,SAC,PHX,0,0.3725269
0022500069,2025-11-28,2025-26,ATL,CLE,1,0.56776905
0022500070,2025-11-28,2025-26,BKN,PHI,0,0.35548106
0022500071,2025-11-28,2025-26,CHA,CHI,1,0.28640658
0022500072,2025-11-28,2025-26,DET,ORL,0,0.5641802
0022500073,2025-11-28,2025-26,IND,WAS,1,0.55153465
0022500074,2025-11-28,2025-26,NYK,MIL,1,0.6742101
0022500075,2025-11-28,2025-26,OKC,PHX,1,0.72540635
0022500076,2025-11-28,2025-26,DEN,SAS,0,0.69774944
0022500077,2025-11-28,2025-26,UTA,SAC,1,0.50854486
0022500078,2025-11-28,2025-26,LAL,DAL,1,0.7765371
0022500079,2025-11-28,2025-26,LAC,MEM,0,0.6255983
0022500293,2025-11-29,2025-26,MIN,BOS,1,0.5694327
0022500294,2025-11-29,2025-26,CHA,TOR,1,0.22872911
0022500295,2025-11-29,2025-26,IND,CHI,1,0.3218596
0022500296,2025-11-29,2025-26,MIA,DET,0,0.69858736
0022500297,2025-11-29,2025-26,MIL,BKN,1,0.82209784
0022500298,2025-11-29,2025-26,GSW,NOP,1,0.80368894
0022500299,2025-11-29,2025-26,PHX,DEN,0,0.39549324
0022500300,2025-11-29,2025-26,LAC,DAL,0,0.705279
0022500301,2025-11-30,2025-26,UTA,HOU,0,0.25168052
0022500302,2025-11-30,2025-26,CLE,BOS,0,0.6289647
0022500303,2025-11-30,2025-26,NYK,TOR,1,0.70097446
0022500304,2025-11-30,2025-26,PHI,ATL,0,0.37816706
0022500305,2025-11-30,2025-26,POR,OKC,0,0.25625333
0022500306,2025-11-30,2025-26,MIN,SAS,1,0.5242369
0022500307,2025-11-30,2025-26,SAC,MEM,0,0.42068425
0022500308,2025-11-30,2025-26,LAL,NOP,1,0.8568829
0022500309,2025-12-01,2025-26,DET,ATL,1,0.5429928
0022500310,2025-12-01,2025-26,IND,CLE,0,0.37592033
0022500311,2025-12-01,2025-26,WAS,MIL,1,0.1943893
0022500312,2025-12-01,2025-26,BKN,CHA,1,0.411104
0022500313,2025-12-01,2025-26,MIA,LAC,1,0.63410336
0022500314,2025-12-01,2025-26,ORL,CHI,1,0.5900982
0022500315,2025-12-01,2025-26,DEN,DAL,0,0.8034018
0022500316,2025-12-01,2025-26,UTA,HOU,1,0.2301229
0022500317,2025-12-01,2025-26,LAL,PHX,0,0.53843886
0022500318,2025-12-02,2025-26,PHI,WAS,1,0.8257555
0022500319,2025-12-02,2025-26,TOR,POR,1,0.69124776
0022500320,2025-12-02,2025-26,BOS,NYK,1,0.42993164
0022500321,2025-12-02,2025-26,NOP,MIN,0,0.20945661
0022500322,2025-12-02,2025-26,SAS,MEM,1,0.66571885
0022500323,2025-12-02,2025-26,GSW,OKC,0,0.34776676
0022500324,2025-12-03,2025-26,CLE,POR,0,0.7530974
0022500325,2025-12-03,2025-26,IND,DEN,0,0.2337945
0022500326,2025-12-03,2025-26,ORL,SAS,0,0.64434475
0022500327,2025-12-03,2025-26,ATL,LAC,0,0.7101714
0022500328,2025-12-03,2025-26,NYK,CHA,1,0.73503906
0022500329,2025-12-03,2025-26,CHI,BKN,0,0.7515949
0022500330,2025-12-03,2025-26,HOU,SAC,1,0.80446476
0022500331,2025-12-03,2025-26,MIL,DET,1,0.5889321
0022500332,2025-12-03,2025-26,DAL,MIA,1,0.33509064
0022500333,2025-12-04,2025-26,PHI,GSW,1,0.5334577
0022500334,2025-12-04,2025-26,WAS,BOS,0,0.18294545
0022500335,2025-12-04,2025-26,BKN,UTA,0,0.3709045
0022500336,2025-12-04,2025-26,TOR,LAL,0,0.4655983
0022500337,2025-12-04,2025-26,NOP,MIN,0,0.21421854
0022500338,2025-12-05,2025-26,BOS,LAL,1,0.6304932
0022500339,2025-12-05,2025-26,ORL,MIA,1,0.44754833
0022500340,2025-12-05,2025-26,ATL,DEN,0,0.41570827
0022500341,2025-12-05,2025-26,CLE,SAS,1,0.6661216
0022500342,2025-12-05,2025-26,DET,POR,1,0.6840829
0022500343,2025-12-05,2025-26,NYK,UTA,1,0.83730996
0022500344,2025-12-05,2025-26,TOR,CHA,0,0.6728336
0022500345,2025-12-05,2025-26,CHI,IND,0,0.6464298
0022500346,2025-12-05,2025-26,HOU,PHX,1,0.60535187
0022500347,2025-12-05,2025-26,MEM,LAC,1,0.4481117
0022500348,2025-12-05,2025-26,MIL,PHI,0,0.7065988
0022500349,2025-12-05,2025-26,OKC,DAL,1,0.7990527
0022500350,2025-12-06,2025-26,BKN,NOP,1,0.5130583
0022500351,2025-12-06,2025-26,WAS,ATL,0,0.15044886
0022500352,2025-12-06,2025-26,CLE,GSW,0,0.55982524
0022500353,2025-12-06,2025-26,DET,MIL,1,0.6732241
0022500354,2025-12-06,2025-26,MIA,SAC,0,0.7529109
0022500355,2025-12-06,2025-26,MIN,LAC,1,0.7656431
0022500356,2025-12-06,2025-26,DAL,HOU,1,0.30948514
0022500357,2025-12-07,2025-26,NYK,ORL,1,0.6232811
0022500358,2025-12-07,2025-26,TOR,BOS,0,0.39365557
0022500359,2025-12-07,2025-26,CHA,DEN,0,0.2382964
0022500360,2025-12-07,2025-26,MEM,POR,1,0.5126849
0022500361,2025-12-07,2025-26,CHI,GSW,0,0.6614201
0022500362,2025-12-07,2025-26,PHI,LAL,0,0.5551981
0022500363,2025-12-07,2025-26,UTA,OKC,0,0.21904087
0022500364,2025-12-08,2025-26,IND,SAC,1,0.6306159
0022500365,2025-12-08,2025-26,MIN,PHX,0,0.61363584
0022500366,2025-12-08,2025-26,NOP,SAS,0,0.30972892
0022501201,2025-12-09,2025-26,ORL,MIA,1,0.62668896
0022501202,2025-12-09,2025-26,TOR,NYK,0,0.4330552
0022501203,2025-12-10,2025-26,OKC,PHX,1,0.69936424
0022501204,2025-12-10,2025-26,LAL,SAS,0,0.6014301
0022501205,2025-12-11,2025-26,HOU,LAC,1,0.67259884
0022501206,2025-12-11,2025-26,MIL,BOS,1,0.2494116
0022501207,2025-12-11,2025-26,NOP,POR,1,0.38404983
0022501208,2025-12-11,2025-26,SAC,DEN,0,0.18518434
0022501209,2025-12-12,2025-26,CHA,CHI,0,0.42571133
0022501210,2025-12-12,2025-26,DET,ATL,1,0.5168352
0022501211,2025-12-12,2025-26,PHI,IND,1,0.7239411
0022501212,2025-12-12,2025-26,WAS,CLE,0,0.14594053
0022501213,2025-12-12,2025-26,MEM,UTA,0,0.734274
0022501214,2025-12-12,2025-26,DAL,BKN,1,0.64180213
0022501215,2025-12-12,2025-26,GSW,MIN,0,0.41682345
0022501216,2025-12-14,2025-26,IND,WAS,0,0.76507175
0022501217,2025-12-14,2025-26,ATL,PHI,1,0.69800913
0022501218,2025-12-14,2025-26,CLE,CHA,0,0.7632089
0022501219,2025-12-14,2025-26,BKN,MIL,1,0.47595334
0022501220,2025-12-14,2025-26,MIN,SAC,1,0.82760227
0022501221,2025-12-14,2025-26,POR,GSW,1,0.3759097
0022501223,2025-12-14,2025-26,CHI,NOP,0,0.7320824
0022501228,2025-12-14,2025-26,PHX,LAL,0,0.40665895
0022501222,2025-12-15,2025-26,BOS,DET,0,0.56238616
0022501224,2025-12-15,2025-26,UTA,DAL,1,0.3651707
0022501225,2025-12-15,2025-26,DEN,HOU,1,0.49009126
0022501226,2025-12-15,2025-26,LAC,MEM,0,0.6829767
0022501227,2025-12-15,2025-26,MIA,TOR,0,0.5906433
0022500367,2025-12-17,2025-26,CHI,CLE,1,0.40228146
0022500368,2025-12-17,2025-26,MIN,MEM,0,0.75138336
0022500369,2025-12-18,2025-26,OKC,LAC,1,0.8250369
0022500370,2025-12-18,2025-26,SAS,WAS,1,0.8843018
0022500371,2025-12-18,2025-26,CHA,ATL,1,0.27108148
0022500372,2025-12-18,2025-26,IND,NYK,0,0.18597507
0022500373,2025-12-18,2025-26,BKN,MIA,0,0.4002288
0022500374,2025-12-18,2025-26,MIL,TOR,0,0.31771147
0022500375,2025-12-18,2025-26,NOP,HOU,1,0.21814746
0022500376,2025-12-18,2025-26,DAL,DET,1,0.31244478
0022500377,2025-12-18,2025-26,DEN,ORL,1,0.588968
0022500378,2025-12-18,2025-26,PHX,GSW,1,0.5624801
0022500379,2025-12-18,2025-26,UTA,LAL,0,0.24563152
0022500380,2025-12-18,2025-26,POR,SAC,1,0.7622012
0022500381,2025-12-19,2025-26,BOS,MIA,1,0.7299749
0022500382,2025-12-19,2025-26,NYK,PHI,0,0.58231914
0022500383,2025-12-19,2025-26,ATL,SAS,0,0.5891771
0022500384,2025-12-19,2025-26,CLE,CHI,0,0.66637325
0022500385,2025-12-19,2025-26,MIN,OKC,1,0.4295156
0022500386,2025-12-20,2025-26,DEN,HOU,0,0.508155
0022500387,2025-12-20,2025-26,PHI,DAL,1,0.5129988
0022500388,2025-12-20,2025-26,TOR,BOS,0,0.52511126
0022500389,2025-12-20,2025-26,NOP,IND,1,0.5960711
0022500390,2025-12-20,2025-26,DET,CHA,1,0.75007594
0022500391,2025-12-20,2025-26,MEM,WAS,0,0.7766297
0022500392,2025-12-20,2025-26,GSW,PHX,1,0.44532603
0022500393,2025-12-20,2025-26,UTA,ORL,0,0.297214
0022500394,2025-12-20,2025-26,SAC,POR,0,0.30869228
0022500395,2025-12-20,2025-26,LAC,LAL,1,0.37697297
0022500396,2025-12-21,2025-26,ATL,CHI,0,0.69990647
0022500397,2025-12-21,2025-26,BKN,TOR,1,0.48990774
0022500398,2025-12-21,2025-26,NYK,MIA,1,0.78008133
0022500399,2025-12-21,2025-26,WAS,SAS,0,0.12850657
0022500400,2025-12-21,2025-26,MIN,MIL,1,0.74435496
0022500401,2025-12-21,2025-26,SAC,HOU,1,0.14933436
0022500402,2025-12-22,2025-26,CLE,CHA,1,0.6765641
0022500403,2025-12-22,2025-26,BOS,IND,1,0.80645233
0022500404,2025-12-22,2025-26,NOP,DAL,1,0.4254468
0022500405,2025-12-22,2025-26,DEN,UTA,1,0.8228423
0022500406,2025-12-22,2025-26,OKC,MEM,1,0.8258499
0022500407,2025-12-22,2025-26,GSW,ORL,1,0.5284627
0022500408,2025-12-22,2025-26,POR,DET,0,0.31571275
0022500409,2025-12-23,2025-26,CHA,WAS,1,0.70088875
0022500410,2025-12-23,2025-26,PHI,BKN,0,0.6643907
0022500411,2025-12-23,2025-26,ATL,CHI,0,0.7234471
0022500412,2025-12-23,2025-26,CLE,NOP,1,0.72704506
0022500413,2025-12-23,2025-26,IND,MIL,0,0.33083463
0022500414,2025-12-23,2025-26,MIA,TOR,0,0.5205885
0022500415,2025-12-23,2025-26,DAL,DEN,1,0.2713617
0022500416,2025-12-23,2025-26,MIN,NYK,1,0.47577652
0022500417,2025-12-23,2025-26,SAS,OKC,1,0.5065922
0022500418,2025-12-23,2025-26,PHX,LAL,1,0.53946745
0022500419,2025-12-23,2025-26,UTA,MEM,0,0.40590015
0022500420,2025-12-23,2025-26,POR,ORL,0,0.42630494
0022500421,2025-12-23,2025-26,SAC,DET,0,0.2149088
0022500422,2025-12-23,2025-26,LAC,HOU,1,0.3379799
0022500009,2025-12-25,2025-26,NYK,CLE,1,0.5496721
0022500010,2025-12-25,2025-26,OKC,SAS,0,0.6823583
0022500011,2025-12-25,2025-26,GSW,DAL,1,0.68030065
0022500012,2025-12-25,2025-26,LAL,HOU,0,0.3701732
0022500013,2025-12-25,2025-26,DEN,MIN,1,0.60717463
0022500423,2025-12-26,2025-26,ATL,MIA,0,0.7363197
0022500424,2025-12-26,2025-26,ORL,CHA,0,0.6731361
0022500425,2025-12-26,2025-26,WAS,TOR,1,0.24037495
0022500426,2025-12-26,2025-26,IND,BOS,0,0.23649718
0022500427,2025-12-26,2025-26,CHI,PHI,1,0.518626
0022500428,2025-12-26,2025-26,MEM,MIL,1,0.54407126
0022500429,2025-12-26,2025-26,NOP,PHX,0,0.32146734
0022500430,2025-12-26,2025-26,UTA,DET,1,0.21955863
0022500431,2025-12-26,2025-26,POR,LAC,0,0.4262711
0022500432,2025-12-27,2025-26,SAC,DAL,1,0.3036699
0022500433,2025-12-27,2025-26,ORL,DEN,1,0.3414578
0022500434,2025-12-27,2025-26,NOP,PHX,0,0.32493365
0022500435,2025-12-27,2025-26,ATL,NYK,0,0.36047897
0022500436,2025-12-27,2025-26,MIA,IND,1,0.70034176
0022500437,2025-12-27,2025-26,CHI,MIL,0,0.54980195
0022500438,2025-12-27,2025-26,HOU,CLE,1,0.6721722
0022500439,2025-12-27,2025-26,MIN,BKN,0,0.7171705
0022500440,2025-12-27,2025-26,SAS,UTA,0,0.8295919
0022500441,2025-12-28,2025-26,TOR,GSW,1,0.44781795
0022500442,2025-12-28,2025-26,OKC,PHI,1,0.8052854
0022500443,2025-12-28,2025-26,WAS,MEM,1,0.2789277
0022500444,2025-12-28,2025-26,POR,BOS,1,0.30570117
0022500445,2025-12-28,2025-26,LAC,DET,1,0.37591097
0022500446,2025-12-28,2025-26,LAL,SAC,1,0.8748332
0022500447,2025-12-29,2025-26,CHA,MIL,0,0.46061465
0022500448,2025-12-29,2025-26,WAS,PHX,0,0.20275593
0022500449,2025-12-29,2025-26,BKN,GSW,0,0.48993397
0022500450,2025-12-29,2025-26,MIA,DEN,1,0.3621202
0022500451,2025-12-29,2025-26,TOR,ORL,1,0.3743544
0022500452,2025-12-29,2025-26,CHI,MIN,0,0.35758427
0022500453,2025-12-29,2025-26,HOU,IND,1,0.83843446
0022500454,2025-12-29,2025-26,NOP,NYK,0,0.32434213
0022500455,2025-12-29,2025-26,OKC,ATL,1,0.70597756
0022500456,2025-12-29,2025-26,SAS,CLE,0,0.5729371
0022500457,2025-12-29,2025-26,POR,DAL,1,0.44032708
0022500458,2025-12-30,2025-26,MEM,PHI,0,0.5864516
0022500459,2025-12-30,2025-26,UTA,BOS,0,0.28747115
0022500460,2025-12-30,2025-26,LAL,DET,0,0.41208684
0022500461,2025-12-30,2025-26,LAC,SAC,1,0.83015364
0022500462,2025-12-31,2025-26,CHA,GSW,0,0.37037903
0022500463,2025-12-31,2025-26,ATL,MIN,1,0.3385316
0022500464,2025-12-31,2025-26,IND,ORL,0,0.2903378
0022500465,2025-12-31,2025-26,CLE,PHX,1,0.5255281
0022500466,2025-12-31,2025-26,CHI,NOP,1,0.5647124
0022500467,2025-12-31,2025-26,SAS,NYK,1,0.5389636
0022500468,2025-12-31,2025-26,TOR,DEN,0,0.37808064
0022500469,2025-12-31,2025-26,MIL,WAS,0,0.79046035
0022500470,2025-12-31,2025-26,OKC,POR,1,0.84566474
0022500471,2026-01-01,2025-26,BKN,HOU,0,0.29688215
0022500472,2026-01-01,2025-26,DET,MIA,0,0.6376278
0022500473,2026-01-01,2025-26,DAL,PHI,0,0.47892332
0022500474,2026-01-01,2025-26,SAC,BOS,0,0.20440078
0022500475,2026-01-01,2025-26,LAC,UTA,1,0.75627106
0022500476,2026-01-02,2025-26,IND,SAS,0,0.32099694
0022500477,2026-01-02,2025-26,WAS,BKN,1,0.52782
0022500478,2026-01-02,2025-26,CLE,DEN,1,0.60887194
0022500479,2026-01-02,2025-26,NYK,ATL,0,0.65358615
0022500480,2026-01-02,2025-26,CHI,ORL,1,0.32728776
0022500481,2026-01-02,2025-26,MIL,CHA,1,0.6545779
0022500482,2026-01-02,2025-26,NOP,POR,0,0.53621215
0022500483,2026-01-02,2025-26,PHX,SAC,1,0.8389458
0022500484,2026-01-02,2025-26,GSW,OKC,0,0.33620563
0022500485,2026-01-02,2025-26,LAL,MEM,1,0.6180454
0022500486,2026-01-03,2025-26,MIA,MIN,0,0.4499586
0022500487,2026-01-03,2025-26,NYK,PHI,0,0.5934233
0022500488,2026-01-03,2025-26,TOR,ATL,1,0.62392026
0022500489,2026-01-03,2025-26,CHI,CHA,0,0.4571881
0022500490,2026-01-03,2025-26,SAS,POR,0,0.720421
0022500491,2026-01-03,2025-26,DAL,HOU,1,0.29034254
0022500492,2026-01-03,2025-26,GSW,UTA,1,0.6839667
0022500493,2026-01-03,2025-26,LAC,BOS,0,0.42707095
0022500494,2026-01-04,2025-26,CLE,DET,0,0.3676489
0022500495,2026-01-04,2025-26,ORL,IND,1,0.75042367
0022500496,2026-01-04,2025-26,BKN,DEN,1,0.42128226
0022500497,2026-01-04,2025-26,MIA,NOP,1,0.6146752
0022500498,2026-01-04,2025-26,WAS,MIN,0,0.29241362
0022500499,2026-01-04,2025-26,PHX,OKC,1,0.31299734
0022500500,2026-01-04,2025-26,SAC,MIL,0,0.27412376
0022500501,2026-01-04,2025-26,LAL,MEM,1,0.61166155
0022500502,2026-01-05,2025-26,DET,NYK,1,0.47596398
0022500503,2026-01-05,2025-26,BOS,CHI,1,0.79979205
0022500504,2026-01-05,2025-26,TOR,ATL,1,0.5597349
0022500505,2026-01-05,2025-26,HOU,PHX,1,0.7759309
0022500506,2026-01-05,2025-26,OKC,CHA,0,0.757928
0022500507,2026-01-05,2025-26,PHI,DEN,0,0.61738485
0022500508,2026-01-05,2025-26,LAC,GSW,1,0.53570545
0022500509,2026-01-05,2025-26,POR,UTA,1,0.5876727
0022500510,2026-01-06,2025-26,IND,CLE,0,0.34353298
0022500511,2026-01-06,2025-26,WAS,ORL,1,0.27748242
0022500512,2026-01-06,2025-26,MEM,SAS,1,0.49906525
0022500513,2026-01-06,2025-26,MIN,MIA,1,0.65152246
0022500514,2026-01-06,2025-26,NOP,LAL,0,0.3438695
0022500515,2026-01-06,2025-26,SAC,DAL,0,0.28099084
0022500516,2026-01-07,2025-26,CHA,TOR,0,0.4893178
0022500517,2026-01-07,2025-26,DET,CHI,1,0.7698653
0022500518,2026-01-07,2025-26,PHI,WAS,1,0.80489457
0022500519,2026-01-07,2025-26,ATL,NOP,1,0.71325094
0022500520,2026-01-07,2025-26,BOS,DEN,0,0.7558811
0022500521,2026-01-07,2025-26,BKN,ORL,0,0.59431696
0022500522,2026-01-07,2025-26,NYK,LAC,1,0.5917451
0022500523,2026-01-07,2025-26,SAS,LAL,1,0.54472435
0022500524,2026-01-07,2025-26,MEM,PHX,0,0.45476353
0022500525,2026-01-07,2025-26,OKC,UTA,1,0.8436316
0022500526,2026-01-07,2025-26,GSW,MIL,1,0.58524376
0022500527,2026-01-07,2025-26,POR,HOU,1,0.28043723
0022500528,2026-01-08,2025-26,CHA,IND,0,0.6258657
0022500530,2026-01-08,2025-26,MIN,CLE,1,0.6704077
0022500531,2026-01-08,2025-26,UTA,DAL,1,0.32762736
0022500532,2026-01-09,2025-26,BOS,TOR,1,0.7165575
0022500533,2026-01-09,2025-26,ORL,PHI,0,0.4457837
0022500534,2026-01-09,2025-26,WAS,NOP,0,0.5628494
0022500535,2026-01-09,2025-26,BKN,LAC,0,0.42250645
0022500536,2026-01-09,2025-26,MEM,OKC,0,0.2728398
0022500537,2026-01-09,2025-26,DEN,ATL,0,0.6308555
0022500538,2026-01-09,2025-26,PHX,NYK,1,0.39361304
0022500539,2026-01-09,2025-26,GSW,SAC,1,0.8445709
0022500540,2026-01-09,2025-26,POR,HOU,1,0.2850293
0022500541,2026-01-09,2025-26,LAL,MIL,0,0.5000959
0022500542,2026-01-10,2025-26,CLE,MIN,1,0.36699626
0022500543,2026-01-10,2025-26,IND,MIA,1,0.41693887
0022500544,2026-01-10,2025-26,DET,LAC,0,0.6688165
0022500545,2026-01-10,2025-26,BOS,SAS,0,0.5890116
0022500546,2026-01-10,2025-26,CHI,DAL,1,0.39909223
0022500547,2026-01-10,2025-26,UTA,CHA,0,0.38179016
0022500548,2026-01-11,2025-26,ORL,NOP,1,0.6305686
0022500549,2026-01-11,2025-26,MEM,BKN,1,0.60638684
0022500550,2026-01-11,2025-26,TOR,PHI,1,0.39956096
0022500551,2026-01-11,2025-26,POR,NYK,0,0.35893348
0022500552,2026-01-11,2025-26,MIN,SAS,1,0.6769017
0022500553,2026-01-11,2025-26,OKC,MIA,1,0.74970746
0022500554,2026-01-11,2025-26,DEN,MIL,1,0.43341193
0022500555,2026-01-11,2025-26,PHX,WAS,1,0.7914429
0022500556,2026-01-11,2025-26,GSW,ATL,0,0.6076532
0022500557,2026-01-11,2025-26,SAC,HOU,1,0.15707447
0022500558,2026-01-12,2025-26,CLE,UTA,0,0.7887034
0022500559,2026-01-12,2025-26,IND,BOS,1,0.26107666
0022500560,2026-01-12,2025-26,TOR,PHI,0,0.37974733
0022500561,2026-01-12,2025-26,DAL,BKN,1,0.6768585
0022500562,2026-01-12,2025-26,SAC,LAL,1,0.1754261
0022500563,2026-01-12,2025-26,LAC,CHA,1,0.58667403
0022500564,2026-01-13,2025-26,MIA,PHX,1,0.44311205
0022500565,2026-01-13,2025-26,HOU,CHI,1,0.80382764
0022500566,2026-01-13,2025-26,MIL,MIN,0,0.41339585
0022500567,2026-01-13,2025-26,NOP,DEN,0,0.38003683
0022500568,2026-01-13,2025-26,OKC,SAS,1,0.7193205
0022500569,2026-01-13,2025-26,LAL,ATL,1,0.4559716
0022500570,2026-01-13,2025-26,GSW,POR,1,0.6507474
0022500571,2026-01-14,2025-26,IND,TOR,0,0.471987
0022500572,2026-01-14,2025-26,PHI,CLE,0,0.65072197
0022500573,2026-01-14,2025-26,CHI,UTA,1,0.513914
0022500574,2026-01-14,2025-26,NOP,BKN,1,0.35325134
0022500575,2026-01-14,2025-26,DAL,DEN,0,0.4978699
0022500576,2026-01-14,2025-26,SAC,NYK,1,0.19519085
0022500577,2026-01-14,2025-26,LAC,WAS,1,0.7995014
0022500579,2026-01-15,2025-26,DET,PHX,1,0.5753603
0022500580,2026-01-15,2025-26,MIA,BOS,0,0.3865892
0022500581,2026-01-15,2025-26,HOU,OKC,0,0.47379598
0022500582,2026-01-15,2025-26,SAS,MIL,1,0.5205556
0022500583,2026-01-15,2025-26,DAL,UTA,1,0.7252478
0022500584,2026-01-15,2025-26,GSW,NYK,1,0.58815706
0022500585,2026-01-15,2025-26,POR,ATL,1,0.508284
0022500586,2026-01-15,2025-26,LAL,CHA,0,0.5541353
0022500587,2026-01-16,2025-26,BKN,CHI,1,0.6736419
0022500588,2026-01-16,2025-26,IND,NOP,1,0.51829153
0022500589,2026-01-16,2025-26,PHI,CLE,0,0.56594324
0022500590,2026-01-16,2025-26,TOR,LAC,0,0.4151783
0022500591,2026-01-16,2025-26,HOU,MIN,1,0.37417126
0022500592,2026-01-16,2025-26,SAC,WAS,1,0.5522304
0022500593,2026-01-17,2025-26,DAL,UTA,1,0.70455277
0022500594,2026-01-17,2025-26,ATL,BOS,0,0.30518475
0022500595,2026-01-17,2025-26,DET,IND,1,0.8229558
0022500596,2026-01-17,2025-26,NYK,PHX,0,0.62680715
0022500597,2026-01-17,2025-26,MIA,OKC,1,0.33770227
0022500598,2026-01-17,2025-26,SAS,MIN,1,0.4912518
0022500599,2026-01-17,2025-26,GSW,CHA,1,0.64345014
0022500600,2026-01-17,2025-26,DEN,WAS,1,0.8436332
0022500601,2026-01-17,2025-26,POR,LAL,1,0.40748778
0022500603,2026-01-18,2025-26,CHI,BKN,1,0.4113709
0022500604,2026-01-18,2025-26,HOU,NOP,1,0.7583596
0022500605,2026-01-18,2025-26,DEN,CHA,0,0.58109194
0022500606,2026-01-18,2025-26,SAC,POR,0,0.46306697
0022500607,2026-01-18,2025-26,LAL,TOR,1,0.49374774
0022500014,2026-01-19,2025-26,ATL,MIL,0,0.4054507
0022500015,2026-01-19,2025-26,CLE,OKC,0,0.4286788
0022500016,2026-01-19,2025-26,NYK,DAL,0,0.7048037
0022500017,2026-01-19,2025-26,DET,BOS,1,0.52656794
0022500608,2026-01-19,2025-26,WAS,LAC,0,0.26109868
0022500609,2026-01-19,2025-26,PHI,IND,1,0.77163196
0022500610,2026-01-19,2025-26,BKN,PHX,0,0.28902894
0022500611,2026-01-19,2025-26,SAS,UTA,1,0.8157139
0022500612,2026-01-19,2025-26,GSW,MIA,1,0.7171178
0022500613,2026-01-20,2025-26,PHI,PHX,0,0.55135334
0022500614,2026-01-20,2025-26,CHI,LAC,1,0.48434916
0022500615,2026-01-20,2025-26,HOU,SAS,1,0.6758459
0022500616,2026-01-20,2025-26,UTA,MIN,1,0.1641433
0022500617,2026-01-20,2025-26,DEN,LAL,0,0.5495574
0022500618,2026-01-20,2025-26,GSW,TOR,0,0.6216659
0022500619,2026-01-20,2025-26,SAC,MIA,0,0.41721565
0022500620,2026-01-21,2025-26,CHA,CLE,0,0.543487
0022500621,2026-01-21,2025-26,BOS,IND,1,0.8212586
0022500622,2026-01-21,2025-26,NYK,BKN,1,0.6929133
0022500623,2026-01-21,2025-26,MEM,ATL,0,0.6717078
0022500624,2026-01-21,2025-26,NOP,DET,0,0.2585087
0022500625,2026-01-21,2025-26,MIL,OKC,0,0.3388246
0022500626,2026-01-21,2025-26,SAC,TOR,0,0.31078592
0022500627,2026-01-22,2025-26,ORL,CHA,0,0.42871124
0022500628,2026-01-22,2025-26,PHI,HOU,1,0.4009847
0022500629,2026-01-22,2025-26,WAS,DEN,0,0.26152444
0022500630,2026-01-22,2025-26,DAL,GSW,1,0.43640372
0022500631,2026-01-22,2025-26,MIN,CHI,0,0.6868508
0022500632,2026-01-22,2025-26,UTA,SAS,0,0.2799671
0022500633,2026-01-22,2025-26,LAC,LAL,1,0.5726658
0022500634,2026-01-22,2025-26,POR,MIA,1,0.5216373
0022500635,2026-01-23,2025-26,DET,HOU,0,0.5617941
0022500636,2026-01-23,2025-26,ATL,PHX,1,0.32849893
0022500637,2026-01-23,2025-26,BKN,BOS,0,0.3282823
0022500638,2026-01-23,2025-26,CLE,SAC,1,0.7888841
0022500639,2026-01-23,2025-26,MEM,NOP,0,0.6797169
0022500640,2026-01-23,2025-26,MIL,DEN,0,0.64933217
0022500641,2026-01-23,2025-26,OKC,IND,0,0.8215982
0022500642,2026-01-23,2025-26,POR,TOR,0,0.46043387
0022500643,2026-01-24,2025-26,PHI,NYK,0,0.54851234
0022500645,2026-01-24,2025-26,CHA,WAS,1,0.7772187
0022500646,2026-01-24,2025-26,ORL,CLE,0,0.4339372
0022500647,2026-01-24,2025-26,CHI,BOS,1,0.5535842
0022500648,2026-01-24,2025-26,DAL,LAL,0,0.5463324
0022500649,2026-01-24,2025-26,UTA,MIA,0,0.33348393
0022500644,2026-01-25,2025-26,MIN,GSW,0,0.6089282
0022500650,2026-01-25,2025-26,DET,SAC,1,0.82345665
0022500653,2026-01-25,2025-26,OKC,TOR,0,0.6478418
0022500654,2026-01-25,2025-26,SAS,NOP,0,0.742527
0022500655,2026-01-25,2025-26,PHX,MIA,0,0.76039493
0022500656,2026-01-25,2025-26,LAC,BKN,1,0.6763242
0022500657,2026-01-26,2025-26,CHA,PHI,1,0.51947963
0022500658,2026-01-26,2025-26,CLE,ORL,1,0.72406644
0022500659,2026-01-26,2025-26,ATL,IND,1,0.68647283
0022500660,2026-01-26,2025-26,BOS,POR,1,0.7296323
0022500661,2026-01-26,2025-26,CHI,LAL,0,0.5487046
0022500662,2026-01-26,2025-26,HOU,MEM,1,0.6514398
0022500663,2026-01-26,2025-26,MIN,GSW,1,0.53100246
0022500664,2026-01-27,2025-26,WAS,POR,1,0.41746822
0022500665,2026-01-27,2025-26,NYK,SAC,1,0.82026255
0022500666,2026-01-27,2025-26,PHI,MIL,1,0.44559428
0022500667,2026-01-27,2025-26,OKC,NOP,1,0.74141747
0022500668,2026-01-27,2025-26,DEN,DET,0,0.32715347
0022500669,2026-01-27,2025-26,PHX,BKN,1,0.6928082
0022500670,2026-01-27,2025-26,UTA,LAC,0,0.2256627
0022500671,2026-01-28,2025-26,CLE,LAL,1,0.6174734
0022500672,2026-01-28,2025-26,IND,CHI,1,0.30506593
0022500673,2026-01-28,2025-26,BOS,ATL,0,0.7321781
0022500674,2026-01-28,2025-26,MIA,ORL,0,0.6527518
0022500675,2026-01-28,2025-26,TOR,NYK,0,0.63440394
0022500676,2026-01-28,2025-26,MEM,CHA,0,0.41501406
0022500677,2026-01-28,2025-26,DAL,MIN,0,0.45485628
0022500678,2026-01-28,2025-26,UTA,GSW,0,0.2157613
0022500679,2026-01-28,2025-26,HOU,SAS,0,0.5962518
0022500529,2026-01-29,2025-26,CHI,MIA,0,0.6231519
0022500680,2026-01-29,2025-26,PHI,SAC,1,0.8315869
0022500681,2026-01-29,2025-26,WAS,MIL,1,0.38332045
0022500682,2026-01-29,2025-26,ATL,HOU,0,0.41381916
0022500683,2026-01-29,2025-26,DAL,CHA,0,0.34733233
0022500684,2026-01-29,2025-26,DEN,BKN,1,0.6208516
0022500685,2026-01-29,2025-26,PHX,DET,1,0.4306808
0022500686,2026-01-29,2025-26,MIN,OKC,1,0.47368446
0022500687,2026-01-30,2025-26,ORL,TOR,1,0.4145958
0022500688,2026-01-30,2025-26,WAS,LAL,0,0.3397086
0022500689,2026-01-30,2025-26,BOS,SAC,1,0.8734815
0022500690,2026-01-30,2025-26,NYK,POR,1,0.5857721
0022500691,2026-01-30,2025-26,NOP,MEM,1,0.46490657
0022500693,2026-01-30,2025-26,PHX,CLE,1,0.43689537
0022500694,2026-01-30,2025-26,UTA,BKN,0,0.55894256
0022500695,2026-01-30,2025-26,DEN,LAC,1,0.30037203
0022500696,2026-01-30,2025-26,GSW,DET,0,0.6399695
0022500692,2026-01-31,2025-26,MIA,CHI,0,0.49449667
0022500697,2026-01-31,2025-26,CHA,SAS,1,0.5690206
0022500698,2026-01-31,2025-26,IND,ATL,1,0.4072071
0022500699,2026-01-31,2025-26,PHI,NOP,1,0.7815316
0022500700,2026-01-31,2025-26,MEM,MIN,0,0.28187972
0022500701,2026-01-31,2025-26,HOU,DAL,1,0.6569871
0022500702,2026-02-01,2025-26,BOS,MIL,1,0.74089164
0022500703,2026-02-01,2025-26,SAS,ORL,1,0.5708623
0022500704,2026-02-01,2025-26,DET,BKN,1,0.779803
0022500705,2026-02-01,2025-26,MIA,CHI,1,0.53545564
0022500706,2026-02-01,2025-26,TOR,UTA,1,0.8285328
0022500707,2026-02-01,2025-26,WAS,SAC,1,0.5829186
0022500708,2026-02-01,2025-26,NYK,LAL,1,0.63310134
0022500709,2026-02-01,2025-26,PHX,LAC,0,0.51194835
0022500710,2026-02-01,2025-26,POR,CLE,0,0.42242113
0022500711,2026-02-01,2025-26,DEN,OKC,0,0.45141345
0022500712,2026-02-02,2025-26,CHA,NOP,1,0.76385236
0022500713,2026-02-02,2025-26,IND,HOU,0,0.26832223
0022500714,2026-02-02,2025-26,MEM,MIN,1,0.31517136
0022500715,2026-02-02,2025-26,LAC,PHI,0,0.41765994
0022500716,2026-02-03,2025-26,DET,DEN,1,0.5709445
0022500717,2026-02-03,2025-26,IND,UTA,0,0.62738603
0022500718,2026-02-03,2025-26,WAS,NYK,0,0.25833172
0022500719,2026-02-03,2025-26,BKN,LAL,0,0.3291942
0022500720,2026-02-03,2025-26,MIA,ATL,0,0.5829706
0022500721,2026-02-03,2025-26,DAL,BOS,0,0.32902977
0022500722,2026-02-03,2025-26,MIL,CHI,1,0.5135199
0022500723,2026-02-03,2025-26,OKC,ORL,1,0.7442686
0022500724,2026-02-03,2025-26,GSW,PHI,0,0.66462183
0022500725,2026-02-03,2025-26,POR,PHX,0,0.32927036
0022500726,2026-02-04,2025-26,NYK,DEN,1,0.52365637
0022500727,2026-02-04,2025-26,TOR,MIN,0,0.41796526
0022500728,2026-02-04,2025-26,HOU,BOS,0,0.48836672
0022500729,2026-02-04,2025-26,MIL,NOP,1,0.5086172
0022500730,2026-02-04,2025-26,SAS,OKC,1,0.50937945
0022500731,2026-02-04,2025-26,SAC,MEM,0,0.31383115
0022500732,2026-02-04,2025-26,LAC,CLE,0,0.49376225
0022500733,2026-02-05,2025-26,DET,WAS,0,0.8342913
0022500734,2026-02-05,2025-26,ORL,BKN,1,0.6331241
0022500735,2026-02-05,2025-26,ATL,UTA,1,0.7439007
0022500736,2026-02-05,2025-26,TOR,CHI,1,0.60178936
0022500737,2026-02-05,2025-26,HOU,CHA,0,0.36513564
0022500738,2026-02-05,2025-26,DAL,SAS,0,0.50199705
0022500739,2026-02-05,2025-26,PHX,GSW,0,0.55660254
0022500740,2026-02-05,2025-26,LAL,PHI,1,0.5836764
0022500741,2026-02-06,2025-26,BOS,MIA,1,0.66132903
0022500742,2026-02-06,2025-26,DET,NYK,1,0.51811516
0022500743,2026-02-06,2025-26,MIL,IND,1,0.6491787
0022500744,2026-02-06,2025-26,MIN,NOP,0,0.7626596
0022500745,2026-02-06,2025-26,POR,MEM,1,0.5531257
0022500746,2026-02-06,2025-26,SAC,LAC,0,0.23257098
0022500747,2026-02-07,2025-26,BKN,WAS,1,0.65671486
0022500748,2026-02-07,2025-26,OKC,HOU,0,0.53593165
0022500749,2026-02-07,2025-26,SAS,DAL,1,0.6914189
0022500750,2026-02-07,2025-26,ORL,UTA,1,0.728238
0022500751,2026-02-07,2025-26,ATL,CHA,0,0.33917743
0022500752,2026-02-07,2025-26,CHI,DEN,0,0.3195096
0022500753,2026-02-07,2025-26,LAL,GSW,1,0.5469989
0022500754,2026-02-07,2025-26,PHX,PHI,0,0.46975487
0022500755,2026-02-07,2025-26,POR,MEM,1,0.6801645
0022500756,2026-02-07,2025-26,SAC,CLE,0,0.19906914
0022500757,2026-02-08,2025-26,BOS,NYK,0,0.73521006
0022500758,2026-02-08,2025-26,WAS,MIA,0,0.15565732
0022500759,2026-02-08,2025-26,TOR,IND,1,0.73467106
0022500760,2026-02-08,2025-26,MIN,LAC,0,0.62030613
0022500761,2026-02-09,2025-26,CHA,DET,0,0.52462363
0022500762,2026-02-09,2025-26,BKN,CHI,1,0.4275325
0022500763,2026-02-09,2025-26,MIA,UTA,0,0.6850228
0022500764,2026-02-09,2025-26,ORL,MIL,1,0.530985
0022500765,2026-02-09,2025-26,MIN,ATL,1,0.6166107
0022500766,2026-02-09,2025-26,NOP,SAC,1,0.7389777
0022500767,2026-02-09,2025-26,DEN,CLE,0,0.586699
0022500768,2026-02-09,2025-26,GSW,MEM,1,0.80681866
0022500769,2026-02-09,2025-26,LAL,OKC,0,0.4745071
0022500770,2026-02-09,2025-26,POR,PHI,1,0.32906392
0022500771,2026-02-10,2025-26,NYK,IND,0,0.7455962
0022500772,2026-02-10,2025-26,HOU,LAC,1,0.57153076
0022500773,2026-02-10,2025-26,PHX,DAL,1,0.7121695
0022500774,2026-02-10,2025-26,LAL,SAS,0,0.34797165
0022500775,2026-02-11,2025-26,CHA,ATL,1,0.7994198
0022500776,2026-02-11,2025-26,CLE,WAS,1,0.8684259
0022500777,2026-02-11,2025-26,ORL,MIL,0,0.6528249
0022500778,2026-02-11,2025-26,BOS,CHI,1,0.75201184
0022500779,2026-02-11,2025-26,BKN,IND,0,0.46885106
0022500780,2026-02-11,2025-26,PHI,NYK,0,0.6051117
0022500781,2026-02-11,2025-26,TOR,DET,0,0.46863386
0022500782,2026-02-11,2025-26,HOU,LAC,0,0.6901477
0022500783,2026-02-11,2025-26,MIN,POR,1,0.6637857
0022500784,2026-02-11,2025-26,NOP,MIA,0,0.44194457
0022500785,2026-02-11,2025-26,PHX,OKC,0,0.4182994
0022500786,2026-02-11,2025-26,UTA,SAC,1,0.6646007
0022500787,2026-02-11,2025-26,DEN,MEM,1,0.7714904
0022500788,2026-02-11,2025-26,GSW,SAS,0,0.5119535
0022500789,2026-02-12,2025-26,OKC,MIL,0,0.72244006
0022500790,2026-02-12,2025-26,UTA,POR,0,0.40340474
0022500791,2026-02-12,2025-26,LAL,DAL,1,0.5623677
0022500792,2026-02-19,2025-26,CHA,HOU,0,0.6710822
0022500793,2026-02-19,2025-26,CLE,BKN,1,0.7931647
0022500794,2026-02-19,2025-26,PHI,ATL,0,0.54982936
0022500795,2026-02-19,2025-26,WAS,IND,1,0.27483177
0022500796,2026-02-19,2025-26,NYK,DET,0,0.4560296
0022500797,2026-02-19,2025-26,CHI,TOR,0,0.3166519
0022500798,2026-02-19,2025-26,SAS,PHX,1,0.71353835
0022500799,2026-02-19,2025-26,GSW,BOS,0,0.37350318
0022500800,2026-02-19,2025-26,SAC,ORL,0,0.2631162
0022500801,2026-02-19,2025-26,LAC,DEN,1,0.4226764
0022500802,2026-02-20,2025-26,CHA,CLE,0,0.4864483
0022500803,2026-02-20,2025-26,WAS,IND,1,0.35396984
0022500804,2026-02-20,2025-26,MEM,UTA,1,0.5448086
0022500805,2026-02-20,2025-26,ATL,MIA,0,0.32560158
0022500806,2026-02-20,2025-26,MIN,DAL,1,0.7507604
0022500807,2026-02-20,2025-26,NOP,MIL,0,0.533602
0022500808,2026-02-20,2025-26,OKC,BKN,1,0.80941445
0022500809,2026-02-20,2025-26,LAL,LAC,1,0.6702258
0022500810,2026-02-20,2025-26,POR,DEN,0,0.5065282
0022500811,2026-02-21,2025-26,PHX,ORL,1,0.6142157
0022500812,2026-02-21,2025-26,NOP,PHI,1,0.41563663
0022500813,2026-02-21,2025-26,MIA,MEM,1,0.82795334
0022500814,2026-02-21,2025-26,CHI,DET,0,0.2886493
0022500815,2026-02-21,2025-26,SAS,SAC,1,0.87632704
0022500816,2026-02-21,2025-26,NYK,HOU,1,0.59904903
0022500817,2026-02-22,2025-26,OKC,CLE,1,0.49082375
0022500818,2026-02-22,2025-26,ATL,BKN,1,0.7078431
0022500819,2026-02-22,2025-26,MIL,TOR,0,0.35328454
0022500820,2026-02-22,2025-26,GSW,DEN,1,0.38947964
0022500821,2026-02-22,2025-26,IND,DAL,0,0.4423427
0022500822,2026-02-22,2025-26,WAS,CHA,0,0.21391207
0022500823,2026-02-22,2025-26,LAL,BOS,0,0.42528656
0022500824,2026-02-22,2025-26,MIN,PHI,0,0.78994006
0022500825,2026-02-22,2025-26,CHI,NYK,0,0.31511238
0022500826,2026-02-22,2025-26,PHX,POR,0,0.41544834
0022500827,2026-02-22,2025-26,LAC,ORL,0,0.73917234
0022500828,2026-02-23,2025-26,DET,SAS,0,0.53489953
0022500829,2026-02-23,2025-26,MEM,SAC,0,0.59024024
0022500830,2026-02-23,2025-26,HOU,UTA,1,0.7976664
0022500831,2026-02-24,2025-26,IND,PHI,0,0.4858888
0022500832,2026-02-24,2025-26,ATL,WAS,1,0.772411
0022500833,2026-02-24,2025-26,BKN,DAL,0,0.3453058
0022500834,2026-02-24,2025-26,TOR,OKC,0,0.58060795
0022500835,2026-02-24,2025-26,CLE,NYK,1,0.5363378
0022500836,2026-02-24,2025-26,CHI,CHA,0,0.29386145
0022500837,2026-02-24,2025-26,MIL,MIA,1,0.34852234
0022500838,2026-02-24,2025-26,NOP,GSW,1,0.47317445
0022500839,2026-02-24,2025-26,PHX,BOS,0,0.27615318
0022500840,2026-02-24,2025-26,LAL,ORL,0,0.6704093
0022500841,2026-02-24,2025-26,POR,MIN,0,0.49066252
0022500842,2026-02-25,2025-26,DET,OKC,1,0.7245992
0022500843,2026-02-25,2025-26,TOR,SAS,0,0.35703492
0022500844,2026-02-25,2025-26,MEM,GSW,0,0.3316941
0022500845,2026-02-25,2025-26,HOU,SAC,1,0.80195904
0022500846,2026-02-25,2025-26,MIL,CLE,1,0.27865896
0022500847,2026-02-25,2025-26,DEN,BOS,1,0.72559494
0022500848,2026-02-26,2025-26,IND,CHA,0,0.22132947
0022500849,2026-02-26,2025-26,PHI,MIA,1,0.44076067
0022500850,2026-02-26,2025-26,ATL,WAS,1,0.804258
0022500851,2026-02-26,2025-26,BKN,SAS,0,0.22132017
0022500852,2026-02-26,2025-26,ORL,HOU,0,0.548429
0022500853,2026-02-26,2025-26,CHI,POR,0,0.35282636
0022500854,2026-02-26,2025-26,DAL,SAC,0,0.80984986
0022500855,2026-02-26,2025-26,PHX,LAL,1,0.3784851
0022500856,2026-02-26,2025-26,UTA,NOP,0,0.39232686
0022500857,2026-02-26,2025-26,LAC,MIN,0,0.4614349
0022500858,2026-02-27,2025-26,DET,CLE,1,0.6611175
0022500859,2026-02-27,2025-26,BOS,BKN,1,0.87058914
0022500860,2026-02-27,2025-26,MIL,NYK,0,0.29079
0022500861,2026-02-27,2025-26,DAL,MEM,0,0.6733645
0022500862,2026-02-27,2025-26,OKC,DEN,1,0.30056596
0022500863,2026-02-28,2025-26,CHA,POR,1,0.73749316
0022500864,2026-02-28,2025-26,MIA,HOU,1,0.49566707
0022500865,2026-02-28,2025-26,WAS,TOR,0,0.18751161
0022500866,2026-02-28,2025-26,GSW,LAL,0,0.5063522
0022500867,2026-02-28,2025-26,UTA,NOP,0,0.30703253
0022500868,2026-03-01,2025-26,NYK,SAS,1,0.49334237
0022500869,2026-03-01,2025-26,BKN,CLE,0,0.23518933
0022500870,2026-03-01,2025-26,CHI,MIL,1,0.5031883
0022500871,2026-03-01,2025-26,DEN,MIN,0,0.62108153
0022500872,2026-03-01,2025-26,IND,MEM,0,0.5999015
0022500873,2026-03-01,2025-26,ATL,POR,1,0.62246937
0022500874,2026-03-01,2025-26,BOS,PHI,1,0.6616806
0022500875,2026-03-01,2025-26,ORL,DET,0,0.35587403
0022500876,2026-03-01,2025-26,DAL,OKC,0,0.3466975
0022500877,2026-03-01,2025-26,LAC,NOP,1,0.5883521
0022500878,2026-03-01,2025-26,LAL,SAC,1,0.7899752
0022500879,2026-03-02,2025-26,WAS,HOU,0,0.20318751
0022500880,2026-03-02,2025-26,MIL,BOS,0,0.1773883
0022500881,2026-03-02,2025-26,UTA,DEN,0,0.23315294
0022500882,2026-03-02,2025-26,GSW,LAC,0,0.5913107
0022500883,2026-03-03,2025-26,CHA,DAL,1,0.78418666
0022500884,2026-03-03,2025-26,CLE,DET,1,0.45155472
0022500885,2026-03-03,2025-26,ORL,WAS,1,0.8748305
0022500886,2026-03-03,2025-26,MIA,BKN,1,0.8445699
0022500887,2026-03-03,2025-26,TOR,NYK,0,0.4352732
0022500888,2026-03-03,2025-26,PHI,SAS,0,0.2865612
0022500889,2026-03-03,2025-26,CHI,OKC,0,0.2697669
0022500890,2026-03-03,2025-26,MIN,MEM,1,0.8342026
0022500891,2026-03-03,2025-26,LAL,NOP,1,0.6433251
0022500892,2026-03-03,2025-26,SAC,PHX,0,0.23801564
0022500893,2026-03-04,2025-26,NYK,OKC,0,0.738792
0022500894,2026-03-04,2025-26,BOS,CHA,0,0.6120508
0022500895,2026-03-04,2025-26,PHI,UTA,1,0.5374601
0022500896,2026-03-04,2025-26,MEM,POR,0,0.29051062
0022500897,2026-03-04,2025-26,MIL,ATL,0,0.3713472
0022500898,2026-03-04,2025-26,LAC,IND,1,0.78128296
0022500899,2026-03-05,2025-26,ORL,DAL,1,0.7500789
0022500900,2026-03-05,2025-26,WAS,UTA,0,0.38200402
0022500901,2026-03-05,2025-26,MIA,BKN,1,0.85012877
0022500902,2026-03-05,2025-26,HOU,GSW,0,0.6341416
0022500903,2026-03-05,2025-26,MIN,TOR,1,0.5733206
0022500904,2026-03-05,2025-26,SAS,DET,1,0.6075425
0022500905,2026-03-05,2025-26,PHX,CHI,0,0.73092556
0022500906,2026-03-05,2025-26,DEN,LAL,1,0.57759506
0022500907,2026-03-05,2025-26,SAC,NOP,0,0.21547234
0022500908,2026-03-06,2025-26,BOS,DAL,1,0.8319493
0022500909,2026-03-06,2025-26,CHA,MIA,0,0.7423041
0022500910,2026-03-06,2025-26,HOU,POR,1,0.5907824
0022500911,2026-03-06,2025-26,DEN,NYK,0,0.34140244
0022500912,2026-03-06,2025-26,PHX,NOP,1,0.5117995
0022500913,2026-03-06,2025-26,SAS,LAC,1,0.59951174
0022500914,2026-03-06,2025-26,LAL,IND,1,0.7389748
0022500915,2026-03-07,2025-26,MIN,ORL,0,0.65171313
0022500916,2026-03-07,2025-26,DET,BKN,0,0.85373163
0022500917,2026-03-07,2025-26,ATL,PHI,1,0.7434552
0022500918,2026-03-07,2025-26,MEM,LAC,0,0.32210025
0022500919,2026-03-07,2025-26,MIL,UTA,1,0.6194738
0022500920,2026-03-07,2025-26,OKC,GSW,1,0.7700596
0022500921,2026-03-08,2025-26,CLE,BOS,0,0.38000393
0022500922,2026-03-08,2025-26,LAL,NYK,1,0.3947977
0022500923,2026-03-08,2025-26,MIA,DET,1,0.73936605
0022500924,2026-03-08,2025-26,TOR,DAL,1,0.6737829
0022500925,2026-03-08,2025-26,NOP,WAS,1,0.8308161
0022500926,2026-03-08,2025-26,MIL,ORL,0,0.43485722
0022500927,2026-03-08,2025-26,SAS,HOU,1,0.71509904
0022500928,2026-03-08,2025-26,PHX,CHA,1,0.26201105
0022500929,2026-03-08,2025-26,POR,IND,1,0.68571836
0022500930,2026-03-08,2025-26,SAC,CHI,1,0.35773128
0022500931,2026-03-09,2025-26,CLE,PHI,1,0.71425223
0022500932,2026-03-09,2025-26,BKN,MEM,1,0.40101132
0022500933,2026-03-09,2025-26,OKC,DEN,1,0.4419936
0022500934,2026-03-09,2025-26,UTA,GSW,1,0.48884788
0022500935,2026-03-09,2025-26,LAC,NYK,1,0.49085432
0022500936,2026-03-10,2025-26,PHI,MEM,1,0.5972585
0022500937,2026-03-10,2025-26,BKN,DET,0,0.16483611
0022500938,2026-03-10,2025-26,MIA,WAS,1,0.8652231
0022500939,2026-03-10,2025-26,ATL,DAL,1,0.7750297
0022500940,2026-03-10,2025-26,HOU,TOR,1,0.48064318
0022500941,2026-03-10,2025-26,MIL,PHX,0,0.4087288
0022500942,2026-03-10,2025-26,SAS,BOS,1,0.45280972
0022500943,2026-03-10,2025-26,GSW,CHI,0,0.50397867
0022500944,2026-03-10,2025-26,POR,CHA,0,0.2803307
0022500945,2026-03-10,2025-26,SAC,IND,1,0.42329165
0022500946,2026-03-10,2025-26,LAL,MIN,1,0.53847134
0022500947,2026-03-11,2025-26,ORL,CLE,1,0.42228195
0022500948,2026-03-11,2025-26,NOP,TOR,1,0.61329377
0022500949,2026-03-11,2025-26,UTA,NYK,0,0.21437536
0022500950,2026-03-11,2025-26,DEN,HOU,1,0.76205
0022500951,2026-03-11,2025-26,SAC,CHA,0,0.15227959
0022500952,2026-03-11,2025-26,LAC,MIN,1,0.66216606
0022500953,2026-03-12,2025-26,DET,PHI,1,0.7433511
0022500954,2026-03-12,2025-26,IND,PHX,0,0.29435992
0022500955,2026-03-12,2025-26,ORL,WAS,1,0.8084467
0022500956,2026-03-12,2025-26,ATL,BKN,1,0.88600457
0022500957,2026-03-12,2025-26,MIA,MIL,1,0.7111605
0022500958,2026-03-12,2025-26,SAS,DEN,0,0.72026044
0022500959,2026-03-12,2025-26,OKC,BOS,1,0.3544558
0022500960,2026-03-12,2025-26,LAL,CHI,1,0.7889474
0022501111,2026-03-12,2025-26,MEM,DAL,0,0.57048523
0022500961,2026-03-13,2025-26,DET,MEM,1,0.8823683
0022500962,2026-03-13,2025-26,IND,NYK,0,0.13664214
0022500963,2026-03-13,2025-26,TOR,PHX,1,0.6578659
0022500964,2026-03-13,2025-26,HOU,NOP,1,0.50455457
0022500965,2026-03-13,2025-26,DAL,CLE,0,0.16385421
0022500966,2026-03-13,2025-26,GSW,MIN,0,0.3278829
0022500967,2026-03-13,2025-26,POR,UTA,1,0.839949
0022500968,2026-03-13,2025-26,LAC,CHI,1,0.8328545
0022500969,2026-03-14,2025-26,PHI,BKN,1,0.6964367
0022500970,2026-03-14,2025-26,ATL,MIL,1,0.6822282
0022500971,2026-03-14,2025-26,BOS,WAS,1,0.84980047
0022500972,2026-03-14,2025-26,MIA,ORL,0,0.6485473
0022500973,2026-03-14,2025-26,SAS,CHA,1,0.55456036
0022500974,2026-03-14,2025-26,LAL,DEN,1,0.43587837
0022500975,2026-03-14,2025-26,LAC,SAC,0,0.77772254
0022500976,2026-03-15,2025-26,OKC,MIN,1,0.58238447
0022500977,2026-03-15,2025-26,CLE,DAL,0,0.8382891
0022500978,2026-03-15,2025-26,TOR,DET,1,0.45819828
0022500979,2026-03-15,2025-26,MIL,IND,1,0.5845648
0022500980,2026-03-15,2025-26,PHI,POR,1,0.33788133
0022500981,2026-03-15,2025-26,NYK,GSW,1,0.74901617
0022500982,2026-03-15,2025-26,SAC,UTA,1,0.77314353
0022500983,2026-03-16,2025-26,ATL,ORL,1,0.63599503
0022500984,2026-03-16,2025-26,WAS,GSW,0,0.58013356
0022500985,2026-03-16,2025-26,BKN,POR,0,0.2674163
0022500986,2026-03-16,2025-26,BOS,PHX,1,0.6863608
0022500987,2026-03-16,2025-26,CHI,MEM,1,0.672812
0022500988,2026-03-16,2025-26,NOP,DAL,1,0.81647986
0022500989,2026-03-16,2025-26,HOU,LAL,0,0.4397892
0022500990,2026-03-16,2025-26,LAC,SAS,0,0.37874132
0022500991,2026-03-17,2025-26,CHA,MIA,1,0.6063137
0022500992,2026-03-17,2025-26,ORL,OKC,0,0.3126437
0022500993,2026-03-17,2025-26,WAS,DET,0,0.14911191
0022500994,2026-03-17,2025-26,NYK,IND,1,0.8463586
0022500995,2026-03-17,2025-26,MIL,CLE,0,0.40293583
0022500996,2026-03-17,2025-26,MIN,PHX,1,0.58200276
0022500997,2026-03-17,2025-26,DEN,PHI,1,0.82921815
0022500998,2026-03-17,2025-26,SAC,SAS,0,0.22179796
0022500651,2026-03-18,2025-26,MEM,DEN,1,0.19169919
0022500999,2026-03-18,2025-26,BOS,GSW,1,0.8378901
0022501000,2026-03-18,2025-26,BKN,OKC,0,0.16705649
0022501001,2026-03-18,2025-26,IND,POR,0,0.23811331
0022501002,2026-03-18,2025-26,CHI,TOR,0,0.30600077
0022501004,2026-03-18,2025-26,MIN,UTA,1,0.8820312
0022501005,2026-03-18,2025-26,NOP,LAC,1,0.4413422
0022501006,2026-03-18,2025-26,DAL,ATL,0,0.16955315
0022501007,2026-03-18,2025-26,HOU,LAL,0,0.38737833
0022501008,2026-03-19,2025-26,CHA,ORL,1,0.7097355
0022501009,2026-03-19,2025-26,WAS,DET,0,0.1877992
0022501010,2026-03-19,2025-26,MIA,LAL,0,0.5016101
0022501011,2026-03-19,2025-26,CHI,CLE,0,0.15218163
0022501012,2026-03-19,2025-26,NOP,LAC,1,0.5303975
0022501013,2026-03-19,2025-26,SAS,PHX,1,0.7474303
0022501014,2026-03-19,2025-26,UTA,MIL,1,0.16529356
0022501015,2026-03-19,2025-26,SAC,PHI,0,0.46971962
0022501016,2026-03-20,2025-26,BKN,NYK,0,0.1409157
0022501017,2026-03-20,2025-26,DET,GSW,1,0.6979349
0022501018,2026-03-20,2025-26,HOU,ATL,1,0.33933318
0022501019,2026-03-20,2025-26,MEM,BOS,0,0.17118363
0022501020,2026-03-20,2025-26,MIN,POR,0,0.4974168
0022501021,2026-03-20,2025-26,DEN,TOR,1,0.704732
0022501022,2026-03-21,2025-26,WAS,OKC,0,0.17579211
0022501023,2026-03-21,2025-26,CHA,MEM,1,0.89069235
0022501024,2026-03-21,2025-26,ORL,LAL,0,0.3651034
0022501025,2026-03-21,2025-26,NOP,CLE,0,0.3787838
0022501026,2026-03-21,2025-26,ATL,GSW,1,0.817079
0022501027,2026-03-21,2025-26,HOU,MIA,1,0.35518047
0022501028,2026-03-21,2025-26,SAS,IND,1,0.8442216
0022501029,2026-03-21,2025-26,DAL,LAC,0,0.25175858
0022501030,2026-03-21,2025-26,UTA,PHI,0,0.33447862
0022501031,2026-03-21,2025-26,PHX,MIL,0,0.59740615
0022501032,2026-03-22,2025-26,DEN,POR,1,0.6883739
0022501033,2026-03-22,2025-26,SAC,BKN,1,0.65631485
0022501034,2026-03-22,2025-26,NYK,WAS,1,0.8799196
0022501035,2026-03-22,2025-26,BOS,MIN,0,0.703093
0022501036,2026-03-22,2025-26,PHX,TOR,1,0.32284945
0022501037,2026-03-23,2025-26,ATL,MEM,1,0.8326524
0022501038,2026-03-23,2025-26,DET,LAL,1,0.41663253
0022501039,2026-03-23,2025-26,ORL,IND,0,0.7755909
0022501040,2026-03-23,2025-26,PHI,OKC,0,0.20602229
0022501041,2026-03-23,2025-26,MIA,SAS,0,0.4612185
0022501042,2026-03-23,2025-26,CHI,HOU,1,0.27535468
0022501043,2026-03-23,2025-26,UTA,TOR,0,0.31523135
0022501044,2026-03-23,2025-26,DAL,GSW,0,0.4931193
0022501045,2026-03-23,2025-26,POR,BKN,1,0.829218
0022501046,2026-03-23,2025-26,LAC,MIL,1,0.755789
0022501047,2026-03-24,2025-26,CHA,SAC,1,0.8627447
0022501048,2026-03-24,2025-26,NYK,NOP,1,0.6330993
0022501049,2026-03-24,2025-26,CLE,ORL,1,0.7655311
0022501050,2026-03-24,2025-26,PHX,DEN,0,0.29574803
0022501051,2026-03-25,2025-26,DET,ATL,0,0.47798762
0022501052,2026-03-25,2025-26,IND,LAL,0,0.25929204
0022501053,2026-03-25,2025-26,PHI,CHI,1,0.5266253
0022501054,2026-03-25,2025-26,BOS,OKC,1,0.5792181
0022501055,2026-03-25,2025-26,CLE,MIA,0,0.53194106
0022501056,2026-03-25,2025-26,MEM,SAS,0,0.1342638
0022501057,2026-03-25,2025-26,UTA,WAS,0,0.5579161
0022501058,2026-03-25,2025-26,MIN,HOU,1,0.55318
0022501059,2026-03-25,2025-26,DEN,DAL,1,0.82682294
0022501060,2026-03-25,2025-26,GSW,BKN,1,0.78920436
0022501061,2026-03-25,2025-26,POR,MIL,1,0.7296789
0022501062,2026-03-25,2025-26,LAC,TOR,1,0.61791337
0022501063,2026-03-26,2025-26,CHA,NYK,1,0.599316
0022501064,2026-03-26,2025-26,DET,NOP,1,0.40943685
0022501065,2026-03-26,2025-26,ORL,SAC,1,0.8435318
0022501066,2026-03-27,2025-26,IND,LAC,0,0.2377746
0022501067,2026-03-27,2025-26,BOS,ATL,1,0.54520947
0022501068,2026-03-27,2025-26,CLE,MIA,1,0.56402665
0022501069,2026-03-27,2025-26,MEM,HOU,0,0.24896763
0022501070,2026-03-27,2025-26,OKC,CHI,1,0.8398804
0022501071,2026-03-27,2025-26,TOR,NOP,1,0.608017
0022501072,2026-03-27,2025-26,DEN,UTA,1,0.8770489
0022501073,2026-03-27,2025-26,GSW,WAS,1,0.6697879
0022501074,2026-03-27,2025-26,POR,DAL,0,0.7587083
0022501075,2026-03-27,2025-26,LAL,BKN,1,0.8868467
0022501076,2026-03-28,2025-26,MIL,SAS,0,0.1335683
0022501077,2026-03-28,2025-26,CHA,PHI,0,0.7961054
0022501078,2026-03-28,2025-26,ATL,SAC,1,0.8338574
0022501079,2026-03-28,2025-26,MEM,CHI,1,0.48471177
0022501080,2026-03-28,2025-26,MIN,DET,0,0.53501046
0022501081,2026-03-28,2025-26,PHX,UTA,1,0.8585348
0022501082,2026-03-29,2025-26,MIL,LAC,0,0.1495057
0022501083,2026-03-29,2025-26,IND,MIA,1,0.25987864
0022501084,2026-03-29,2025-26,BKN,SAC,1,0.45412338
0022501085,2026-03-29,2025-26,CHA,BOS,0,0.46400997
0022501086,2026-03-29,2025-26,TOR,ORL,1,0.45778582
0022501087,2026-03-29,2025-26,POR,WAS,1,0.788389
0022501088,2026-03-29,2025-26,NOP,HOU,0,0.4242388
0022501089,2026-03-29,2025-26,OKC,NYK,1,0.59400105
0022501090,2026-03-29,2025-26,DEN,GSW,1,0.7796422
0022501091,2026-03-30,2025-26,MIA,PHI,1,0.6007291
0022501092,2026-03-30,2025-26,ATL,BOS,1,0.6058317
0022501093,2026-03-30,2025-26,MEM,PHX,0,0.1658857
0022501094,2026-03-30,2025-26,SAS,CHI,1,0.886117
0022501095,2026-03-30,2025-26,DAL,MIN,0,0.3342408
0022501096,2026-03-30,2025-26,UTA,CLE,0,0.17243282
0022501097,2026-03-30,2025-26,OKC,DET,1,0.5517599
0022501098,2026-03-30,2025-26,LAL,WAS,1,0.88883096
0022500652,2026-03-31,2025-26,MIL,DAL,1,0.5730839
0022501099,2026-03-31,2025-26,ORL,PHX,1,0.57111406
0022501100,2026-03-31,2025-26,BKN,CHA,0,0.13573271
0022501101,2026-03-31,2025-26,DET,TOR,1,0.33801234
0022501102,2026-03-31,2025-26,HOU,NYK,1,0.5091857
0022501103,2026-03-31,2025-26,LAL,CLE,1,0.44141915
0022501104,2026-03-31,2025-26,LAC,POR,0,0.651408
0022501003,2026-04-01,2025-26,MEM,NYK,0,0.17812954
0022501105,2026-04-01,2025-26,WAS,PHI,0,0.21337536
0022501106,2026-04-01,2025-26,MIA,BOS,0,0.5006422
0022501107,2026-04-01,2025-26,ORL,ATL,0,0.2612736
0022501108,2026-04-01,2025-26,TOR,SAC,0,0.71240515
0022501109,2026-04-01,2025-26,CHI,IND,0,0.4936613
0022501110,2026-04-01,2025-26,HOU,MIL,1,0.84448385
0022501112,2026-04-01,2025-26,UTA,DEN,0,0.1393109
0022501113,2026-04-01,2025-26,GSW,SAS,0,0.19048311
0022501114,2026-04-02,2025-26,CHA,PHX,1,0.66736394
0022501115,2026-04-02,2025-26,DET,MIN,1,0.55877614
0022501116,2026-04-02,2025-26,OKC,LAL,1,0.52130175
0022501117,2026-04-02,2025-26,GSW,CLE,0,0.19357035
0022501118,2026-04-02,2025-26,POR,NOP,1,0.5937667
0022501119,2026-04-02,2025-26,LAC,SAS,0,0.44875848
0022501120,2026-04-03,2025-26,CHA,IND,1,0.7726151
0022501121,2026-04-03,2025-26,PHI,MIN,1,0.5963443
0022501122,2026-04-03,2025-26,BKN,ATL,0,0.12366412
0022501123,2026-04-03,2025-26,NYK,CHI,1,0.8389916
0022501124,2026-04-03,2025-26,HOU,UTA,1,0.8707456
0022501125,2026-04-03,2025-26,MEM,TOR,0,0.17127216
0022501126,2026-04-03,2025-26,MIL,BOS,0,0.12060315
0022501127,2026-04-03,2025-26,DAL,ORL,0,0.24938054
0022501128,2026-04-03,2025-26,SAC,NOP,1,0.33519158
0022501129,2026-04-04,2025-26,MIA,WAS,1,0.8743425
0022501130,2026-04-04,2025-26,DEN,SAS,1,0.44465628
0022501131,2026-04-04,2025-26,PHI,DET,0,0.43317375
0022501132,2026-04-05,2025-26,BOS,TOR,1,0.70666474
0022501133,2026-04-05,2025-26,BKN,WAS,1,0.55746007
0022501134,2026-04-05,2025-26,CHI,PHX,0,0.24961157
0022501135,2026-04-05,2025-26,MIL,MEM,1,0.7107799
0022501136,2026-04-05,2025-26,CLE,IND,1,0.81855625
0022501137,2026-04-05,2025-26,MIN,CHA,0,0.364069
0022501138,2026-04-05,2025-26,NOP,ORL,0,0.4939245
0022501139,2026-04-05,2025-26,OKC,UTA,1,0.9102776
0022501140,2026-04-05,2025-26,DAL,LAL,1,0.16522826
0022501141,2026-04-05,2025-26,SAC,LAC,0,0.23306513
0022501142,2026-04-05,2025-26,GSW,HOU,0,0.28484666
0022501143,2026-04-06,2025-26,ATL,NYK,0,0.6863317
0022501144,2026-04-06,2025-26,ORL,DET,1,0.35010016
0022501145,2026-04-06,2025-26,MEM,CLE,0,0.09255241
0022501146,2026-04-06,2025-26,SAS,PHI,1,0.79876214
0022501147,2026-04-06,2025-26,DEN,POR,1,0.6297768
0022501148,2026-04-07,2025-26,WAS,CHI,0,0.42537373
0022501149,2026-04-07,2025-26,BOS,CHA,1,0.5708903
0022501150,2026-04-07,2025-26,BKN,MIL,1,0.41983175
0022501151,2026-04-07,2025-26,TOR,MIA,1,0.45749652
0022501152,2026-04-07,2025-26,IND,MIN,0,0.35003364
0022501153,2026-04-07,2025-26,NOP,UTA,1,0.75686973
0022501154,2026-04-07,2025-26,GSW,SAC,1,0.6833616
0022501155,2026-04-07,2025-26,LAL,OKC,0,0.3310953
0022501156,2026-04-07,2025-26,LAC,DAL,1,0.85330886
0022501157,2026-04-07,2025-26,PHX,HOU,0,0.41818672
0022501158,2026-04-08,2025-26,CLE,ATL,1,0.33110213
0022501159,2026-04-08,2025-26,ORL,MIN,1,0.623122
0022501160,2026-04-08,2025-26,DET,MIL,1,0.8705311
0022501161,2026-04-08,2025-26,SAS,POR,1,0.7413324
0022501162,2026-04-08,2025-26,DEN,MEM,1,0.93808454
0022501163,2026-04-08,2025-26,LAC,OKC,0,0.38440838
0022501164,2026-04-08,2025-26,PHX,DAL,1,0.81276
0022501165,2026-04-09,2025-26,TOR,MIA,1,0.54993606
0022501166,2026-04-09,2025-26,WAS,CHI,0,0.34924588
0022501167,2026-04-09,2025-26,BKN,IND,0,0.29699454
0022501168,2026-04-09,2025-26,NYK,BOS,1,0.43577352
0022501169,2026-04-09,2025-26,HOU,PHI,1,0.646851
0022501170,2026-04-09,2025-26,GSW,LAL,0,0.4669919
0022501171,2026-04-10,2025-26,CHA,DET,0,0.56243515
0022501172,2026-04-10,2025-26,WAS,MIA,0,0.19671609
0022501173,2026-04-10,2025-26,ATL,CLE,1,0.6424211
0022501174,2026-04-10,2025-26,BOS,NOP,1,0.8655793
0022501175,2026-04-10,2025-26,IND,PHI,0,0.34011015
0022501176,2026-04-10,2025-26,NYK,TOR,1,0.5784731
0022501177,2026-04-10,2025-26,CHI,ORL,0,0.2897296
0022501178,2026-04-10,2025-26,HOU,MIN,0,0.6187259
0022501179,2026-04-10,2025-26,MIL,BKN,1,0.700113
0022501180,2026-04-10,2025-26,SAS,DAL,1,0.84009844
0022501181,2026-04-10,2025-26,UTA,MEM,1,0.6765104
0022501182,2026-04-10,2025-26,DEN,OKC,1,0.40746614
0022501183,2026-04-10,2025-26,POR,LAC,1,0.47885677
0022501184,2026-04-10,2025-26,SAC,GSW,1,0.6398898
0022501185,2026-04-10,2025-26,LAL,PHX,1,0.4171124
0022501186,2026-04-12,2025-26,BOS,ORL,1,0.65048635
0022501187,2026-04-12,2025-26,CLE,WAS,1,0.8840468
0022501188,2026-04-12,2025-26,IND,DET,0,0.20666583
0022501189,2026-04-12,2025-26,MIA,ATL,1,0.35767063
0022501190,2026-04-12,2025-26,NYK,CHA,0,0.57039434
0022501191,2026-04-12,2025-26,PHI,MIL,1,0.78256917
0022501192,2026-04-12,2025-26,TOR,BKN,1,0.888797
0022501193,2026-04-12,2025-26,DAL,CHI,1,0.5033288
0022501194,2026-04-12,2025-26,HOU,MEM,1,0.9572189
0022501195,2026-04-12,2025-26,MIN,NOP,1,0.8401637
0022501196,2026-04-12,2025-26,OKC,PHX,0,0.2973637
0022501197,2026-04-12,2025-26,SAS,DEN,0,0.8205314
0022501198,2026-04-12,2025-26,LAL,UTA,1,0.86298186
0022501199,2026-04-12,2025-26,LAC,GSW,1,0.7189626
0022501200,2026-04-12,2025-26,POR,SAC,1,0.7555282
